Channel,Time,Phase,ADC,TOT_10bit,TOT_12bit,ToA
0,0.0,7,0,87,87,0
0,1.5625,8,0,89,89,0
0,3.125,9,0,87,87,0
0,4.6875,10,0,87,87,0
0,6.25,11,0,89,89,0
0,7.8125,12,0,88,88,0
0,9.375,13,0,88,88,0
0,10.9375,14,0,90,90,0
0,12.5,15,0,0,0,0
0,14.0625,0,0,88,88,0
0,15.625,1,0,90,90,0
0,17.1875,2,0,90,90,0
0,18.75,3,0,88,88,0
0,20.3125,4,0,88,88,0
0,21.875,5,0,88,88,0
0,23.4375,6,0,88,88,0
0,25.0,7,0,88,88,0
0,26.5625,8,0,86,86,0
0,28.125,9,0,86,86,0
0,29.6875,10,0,84,84,0
0,31.25,11,0,85,85,0
0,32.8125,12,0,86,86,0
0,34.375,13,0,85,85,0
0,35.9375,14,0,84,84,0
0,37.5,15,0,0,0,0
0,39.0625,0,0,84,84,0
0,40.625,1,0,84,84,0
0,42.1875,2,0,85,85,0
0,43.75,3,0,84,84,0
0,45.3125,4,0,85,85,0
0,46.875,5,0,86,86,0
0,48.4375,6,0,86,86,0
0,50.0,7,0,88,88,0
0,51.5625,8,0,86,86,0
0,53.125,9,0,87,87,0
0,54.6875,10,0,87,87,0
0,56.25,11,0,88,88,0
0,57.8125,12,0,89,89,0
0,59.375,13,0,88,88,0
0,60.9375,14,0,90,90,0
0,62.5,15,0,0,0,0
0,64.0625,0,0,90,90,0
0,65.625,1,0,90,90,0
0,67.1875,2,0,89,89,0
0,68.75,3,0,90,90,0
0,70.3125,4,0,88,88,0
0,71.875,5,0,90,90,0
0,73.4375,6,0,90,90,0
0,75.0,7,0,91,91,0
0,76.5625,8,0,89,89,0
0,78.125,9,0,92,92,0
0,79.6875,10,0,89,89,0
0,81.25,11,0,91,91,0
0,82.8125,12,0,90,90,0
0,84.375,13,0,90,90,0
0,85.9375,14,0,92,92,0
0,87.5,15,0,0,0,0
0,89.0625,0,0,90,90,0
0,90.625,1,0,90,90,0
0,92.1875,2,0,89,89,0
0,93.75,3,0,88,88,0
0,95.3125,4,0,90,90,0
0,96.875,5,0,89,89,0
0,98.4375,6,0,90,90,0
0,100.0,7,0,90,90,0
0,101.5625,8,0,90,90,0
0,103.125,9,0,89,89,0
0,104.6875,10,0,87,87,0
0,106.25,11,0,89,89,0
0,107.8125,12,0,90,90,0
0,109.375,13,0,91,91,0
0,110.9375,14,0,90,90,0
0,112.5,15,0,0,0,0
0,114.0625,0,0,88,88,0
0,115.625,1,0,88,88,0
0,117.1875,2,0,89,89,0
0,118.75,3,0,89,89,0
0,120.3125,4,0,88,88,0
0,121.875,5,0,89,89,0
0,123.4375,6,0,90,90,0
0,125.0,7,0,90,90,0
0,126.5625,8,0,88,88,0
0,128.125,9,0,89,89,0
0,129.6875,10,0,87,87,0
0,131.25,11,0,88,88,0
0,132.8125,12,0,89,89,0
0,134.375,13,0,89,89,0
0,135.9375,14,0,88,88,0
0,137.5,15,0,0,0,0
0,139.0625,0,0,89,89,0
0,140.625,1,0,89,89,0
0,142.1875,2,0,86,86,0
0,143.75,3,0,88,88,0
0,145.3125,4,0,89,89,0
0,146.875,5,0,87,87,0
0,148.4375,6,0,89,89,0
0,150.0,7,0,87,87,0
0,151.5625,8,0,87,87,0
0,153.125,9,0,88,88,0
0,154.6875,10,0,87,87,0
0,156.25,11,0,87,87,0
0,157.8125,12,0,87,87,0
0,159.375,13,0,87,87,0
0,160.9375,14,0,89,89,0
0,162.5,15,0,0,0,0
0,164.0625,0,0,88,88,0
0,165.625,1,0,86,86,0
0,167.1875,2,0,88,88,0
0,168.75,3,0,88,88,0
0,170.3125,4,0,89,89,0
0,171.875,5,0,88,88,0
0,173.4375,6,0,87,87,0
0,175.0,7,0,89,89,0
0,176.5625,8,0,86,86,0
0,178.125,9,0,88,88,0
0,179.6875,10,0,87,87,0
0,181.25,11,0,89,89,0
0,182.8125,12,0,88,88,0
0,184.375,13,0,89,89,0
0,185.9375,14,0,89,89,0
0,187.5,15,0,0,0,0
0,189.0625,0,0,89,89,0
0,190.625,1,0,87,87,0
0,192.1875,2,0,87,87,0
0,193.75,3,0,86,86,0
0,195.3125,4,0,89,89,0
0,196.875,5,0,87,87,0
0,198.4375,6,0,89,89,0
0,200.0,7,0,88,88,0
0,201.5625,8,0,88,88,0
0,203.125,9,0,87,87,0
0,204.6875,10,0,88,88,0
0,206.25,11,0,88,88,0
0,207.8125,12,0,87,87,0
0,209.375,13,0,88,88,0
0,210.9375,14,0,88,88,0
0,212.5,15,0,0,0,0
0,214.0625,0,0,88,88,0
0,215.625,1,0,87,87,0
0,217.1875,2,0,88,88,0
0,218.75,3,0,86,86,0
0,220.3125,4,0,89,89,0
0,221.875,5,0,88,88,0
0,223.4375,6,0,88,88,0
0,225.0,7,0,89,89,0
0,226.5625,8,0,88,88,0
0,228.125,9,0,88,88,0
0,229.6875,10,0,88,88,0
0,231.25,11,0,87,87,0
0,232.8125,12,0,88,88,0
0,234.375,13,0,88,88,0
0,235.9375,14,0,89,89,0
0,237.5,15,0,0,0,0
0,239.0625,0,0,88,88,0
0,240.625,1,0,88,88,0
0,242.1875,2,0,87,87,0
0,243.75,3,0,88,88,0
0,245.3125,4,0,87,87,0
0,246.875,5,0,88,88,0
0,248.4375,6,0,88,88,0
0,250.0,7,0,0,0,0
0,251.5625,8,0,0,0,0
0,253.125,9,0,0,0,0
0,254.6875,10,0,0,0,0
0,256.25,11,0,0,0,0
0,257.8125,12,0,0,0,0
0,259.375,13,0,0,0,0
0,260.9375,14,0,0,0,0
0,262.5,15,0,0,0,0
0,264.0625,0,0,0,0,0
0,265.625,1,0,0,0,0
0,267.1875,2,0,0,0,0
0,268.75,3,0,0,0,0
0,270.3125,4,0,0,0,0
0,271.875,5,0,0,0,0
0,273.4375,6,0,0,0,0
1,0.0,7,96,0,0,0
1,1.5625,8,96,0,0,0
1,3.125,9,95,0,0,0
1,4.6875,10,93,0,0,0
1,6.25,11,98,0,0,0
1,7.8125,12,95,0,0,0
1,9.375,13,97,0,0,0
1,10.9375,14,97,0,0,0
1,12.5,15,0,0,0,0
1,14.0625,0,96,0,0,0
1,15.625,1,97,0,0,0
1,17.1875,2,95,0,0,0
1,18.75,3,99,0,0,0
1,20.3125,4,95,0,0,0
1,21.875,5,95,0,0,0
1,23.4375,6,98,0,0,0
1,25.0,7,125,0,0,0
1,26.5625,8,168,0,0,0
1,28.125,9,255,0,0,0
1,29.6875,10,375,0,0,0
1,31.25,11,503,0,0,0
1,32.8125,12,127,0,0,0
1,34.375,13,255,0,0,0
1,35.9375,14,383,0,0,0
1,37.5,15,0,0,0,0
1,39.0625,0,511,0,0,0
1,40.625,1,511,0,0,0
1,42.1875,2,511,0,0,0
1,43.75,3,511,0,0,0
1,45.3125,4,511,0,0,0
1,46.875,5,511,0,0,0
1,48.4375,6,105,0,0,0
1,50.0,7,511,618,848,515
1,51.5625,8,511,616,832,453
1,53.125,9,511,616,832,390
1,54.6875,10,511,616,832,326
1,56.25,11,511,618,848,261
1,57.8125,12,511,616,832,199
1,59.375,13,511,618,848,136
1,60.9375,14,447,615,824,72
1,62.5,15,0,0,0,0
1,64.0625,0,255,616,832,967
1,65.625,1,159,616,832,904
1,67.1875,2,63,616,832,839
1,68.75,3,484,618,848,772
1,70.3125,4,439,616,832,711
1,71.875,5,417,616,832,649
1,73.4375,6,497,0,0,0
1,75.0,7,387,0,0,0
1,76.5625,8,371,0,0,0
1,78.125,9,358,0,0,0
1,79.6875,10,345,0,0,0
1,81.25,11,333,0,0,0
1,82.8125,12,318,0,0,0
1,84.375,13,307,0,0,0
1,85.9375,14,297,0,0,0
1,87.5,15,0,0,0,0
1,89.0625,0,276,0,0,0
1,90.625,1,265,0,0,0
1,92.1875,2,255,0,0,0
1,93.75,3,247,0,0,0
1,95.3125,4,239,0,0,0
1,96.875,5,233,0,0,0
1,98.4375,6,400,64,64,583
1,100.0,7,222,0,0,0
1,101.5625,8,217,0,0,0
1,103.125,9,212,0,0,0
1,104.6875,10,206,0,0,0
1,106.25,11,204,0,0,0
1,107.8125,12,197,0,0,0
1,109.375,13,198,0,0,0
1,110.9375,14,193,0,0,0
1,112.5,15,0,0,0,0
1,114.0625,0,186,0,0,0
1,115.625,1,183,0,0,0
1,117.1875,2,181,0,0,0
1,118.75,3,178,0,0,0
1,120.3125,4,176,0,0,0
1,121.875,5,175,0,0,0
1,123.4375,6,228,0,0,0
1,125.0,7,171,0,0,0
1,126.5625,8,169,0,0,0
1,128.125,9,166,0,0,0
1,129.6875,10,164,0,0,0
1,131.25,11,162,0,0,0
1,132.8125,12,161,0,0,0
1,134.375,13,162,0,0,0
1,135.9375,14,160,0,0,0
1,137.5,15,0,0,0,0
1,139.0625,0,30,0,0,0
1,140.625,1,153,0,0,0
1,142.1875,2,154,0,0,0
1,143.75,3,152,0,0,0
1,145.3125,4,151,0,0,0
1,146.875,5,152,0,0,0
1,148.4375,6,172,0,0,0
1,150.0,7,149,0,0,0
1,151.5625,8,148,0,0,0
1,153.125,9,147,0,0,0
1,154.6875,10,144,0,0,0
1,156.25,11,145,0,0,0
1,157.8125,12,145,0,0,0
1,159.375,13,145,0,0,0
1,160.9375,14,144,0,0,0
1,162.5,15,0,0,0,0
1,164.0625,0,140,0,0,0
1,165.625,1,139,0,0,0
1,167.1875,2,140,0,0,0
1,168.75,3,138,0,0,0
1,170.3125,4,138,0,0,0
1,171.875,5,138,0,0,0
1,173.4375,6,152,0,0,0
1,175.0,7,139,0,0,0
1,176.5625,8,136,0,0,0
1,178.125,9,136,0,0,0
1,179.6875,10,134,0,0,0
1,181.25,11,133,0,0,0
1,182.8125,12,134,0,0,0
1,184.375,13,132,0,0,0
1,185.9375,14,132,0,0,0
1,187.5,15,0,0,0,0
1,189.0625,0,130,0,0,0
1,190.625,1,132,0,0,0
1,192.1875,2,129,0,0,0
1,193.75,3,128,0,0,0
1,195.3125,4,130,0,0,0
1,196.875,5,129,0,0,0
1,198.4375,6,136,0,0,0
1,200.0,7,129,0,0,0
1,201.5625,8,127,0,0,0
1,203.125,9,127,0,0,0
1,204.6875,10,125,0,0,0
1,206.25,11,126,0,0,0
1,207.8125,12,125,0,0,0
1,209.375,13,124,0,0,0
1,210.9375,14,127,0,0,0
1,212.5,15,0,0,0,0
1,214.0625,0,123,0,0,0
1,215.625,1,123,0,0,0
1,217.1875,2,121,0,0,0
1,218.75,3,122,0,0,0
1,220.3125,4,121,0,0,0
1,221.875,5,123,0,0,0
1,223.4375,6,128,0,0,0
1,225.0,7,121,0,0,0
1,226.5625,8,120,0,0,0
1,228.125,9,122,0,0,0
1,229.6875,10,120,0,0,0
1,231.25,11,120,0,0,0
1,232.8125,12,118,0,0,0
1,234.375,13,119,0,0,0
1,235.9375,14,120,0,0,0
1,237.5,15,0,0,0,0
1,239.0625,0,117,0,0,0
1,240.625,1,120,0,0,0
1,242.1875,2,118,0,0,0
1,243.75,3,115,0,0,0
1,245.3125,4,117,0,0,0
1,246.875,5,117,0,0,0
1,248.4375,6,120,0,0,0
1,250.0,7,0,0,0,0
1,251.5625,8,0,0,0,0
1,253.125,9,0,0,0,0
1,254.6875,10,0,0,0,0
1,256.25,11,0,0,0,0
1,257.8125,12,0,0,0,0
1,259.375,13,0,0,0,0
1,260.9375,14,0,0,0,0
1,262.5,15,0,0,0,0
1,264.0625,0,0,0,0,0
1,265.625,1,0,0,0,0
1,267.1875,2,0,0,0,0
1,268.75,3,0,0,0,0
1,270.3125,4,0,0,0,0
1,271.875,5,0,0,0,0
1,273.4375,6,0,0,0,0
2,0.0,7,100,0,0,0
2,1.5625,8,98,0,0,0
2,3.125,9,101,0,0,0
2,4.6875,10,99,0,0,0
2,6.25,11,99,0,0,0
2,7.8125,12,100,0,0,0
2,9.375,13,101,0,0,0
2,10.9375,14,99,0,0,0
2,12.5,15,0,0,0,0
2,14.0625,0,100,0,0,0
2,15.625,1,99,0,0,0
2,17.1875,2,99,0,0,0
2,18.75,3,100,0,0,0
2,20.3125,4,99,0,0,0
2,21.875,5,100,0,0,0
2,23.4375,6,100,0,0,0
2,25.0,7,125,0,0,0
2,26.5625,8,168,0,0,0
2,28.125,9,255,0,0,0
2,29.6875,10,374,0,0,0
2,31.25,11,501,0,0,0
2,32.8125,12,635,0,0,0
2,34.375,13,769,0,0,0
2,35.9375,14,891,0,0,0
2,37.5,15,0,0,0,0
2,39.0625,0,1023,0,0,0
2,40.625,1,1023,0,0,0
2,42.1875,2,1023,0,0,0
2,43.75,3,1023,0,0,0
2,45.3125,4,1023,0,0,0
2,46.875,5,1023,0,0,0
2,48.4375,6,107,0,0,0
2,50.0,7,1023,615,824,507
2,51.5625,8,1023,614,816,445
2,53.125,9,1023,615,824,380
2,54.6875,10,1023,615,824,319
2,56.25,11,1023,615,824,254
2,57.8125,12,1023,615,824,191
2,59.375,13,1014,615,824,127
2,60.9375,14,947,614,816,63
2,62.5,15,0,0,0,0
2,64.0625,0,827,614,816,958
2,65.625,1,744,614,816,894
2,67.1875,2,647,615,824,830
2,68.75,3,564,615,824,764
2,70.3125,4,481,614,816,704
2,71.875,5,421,614,816,640
2,73.4375,6,479,0,0,0
2,75.0,7,380,0,0,0
2,76.5625,8,370,0,0,0
2,78.125,9,355,0,0,0
2,79.6875,10,344,0,0,0
2,81.25,11,333,0,0,0
2,82.8125,12,320,0,0,0
2,84.375,13,308,0,0,0
2,85.9375,14,297,0,0,0
2,87.5,15,0,0,0,0
2,89.0625,0,277,0,0,0
2,90.625,1,267,0,0,0
2,92.1875,2,255,0,0,0
2,93.75,3,250,0,0,0
2,95.3125,4,243,0,0,0
2,96.875,5,234,0,0,0
2,98.4375,6,141,612,800,575
2,100.0,7,222,0,0,0
2,101.5625,8,219,0,0,0
2,103.125,9,213,0,0,0
2,104.6875,10,209,0,0,0
2,106.25,11,205,0,0,0
2,107.8125,12,202,0,0,0
2,109.375,13,199,0,0,0
2,110.9375,14,193,0,0,0
2,112.5,15,0,0,0,0
2,114.0625,0,189,0,0,0
2,115.625,1,186,0,0,0
2,117.1875,2,183,0,0,0
2,118.75,3,180,0,0,0
2,120.3125,4,178,0,0,0
2,121.875,5,176,0,0,0
2,123.4375,6,229,0,0,0
2,125.0,7,172,0,0,0
2,126.5625,8,174,0,0,0
2,128.125,9,169,0,0,0
2,129.6875,10,169,0,0,0
2,131.25,11,166,0,0,0
2,132.8125,12,165,0,0,0
2,134.375,13,165,0,0,0
2,135.9375,14,161,0,0,0
2,137.5,15,0,0,0,0
2,139.0625,0,159,0,0,0
2,140.625,1,160,0,0,0
2,142.1875,2,157,0,0,0
2,143.75,3,155,0,0,0
2,145.3125,4,154,0,0,0
2,146.875,5,154,0,0,0
2,148.4375,6,169,0,0,0
2,150.0,7,153,0,0,0
2,151.5625,8,152,0,0,0
2,153.125,9,149,0,0,0
2,154.6875,10,148,0,0,0
2,156.25,11,149,0,0,0
2,157.8125,12,149,0,0,0
2,159.375,13,147,0,0,0
2,160.9375,14,145,0,0,0
2,162.5,15,0,0,0,0
2,164.0625,0,144,0,0,0
2,165.625,1,144,0,0,0
2,167.1875,2,142,0,0,0
2,168.75,3,143,0,0,0
2,170.3125,4,12,0,0,0
2,171.875,5,140,0,0,0
2,173.4375,6,152,0,0,0
2,175.0,7,140,0,0,0
2,176.5625,8,138,0,0,0
2,178.125,9,137,0,0,0
2,179.6875,10,137,0,0,0
2,181.25,11,137,0,0,0
2,182.8125,12,137,0,0,0
2,184.375,13,134,0,0,0
2,185.9375,14,133,0,0,0
2,187.5,15,0,0,0,0
2,189.0625,0,133,0,0,0
2,190.625,1,133,0,0,0
2,192.1875,2,132,0,0,0
2,193.75,3,133,0,0,0
2,195.3125,4,131,0,0,0
2,196.875,5,132,0,0,0
2,198.4375,6,128,0,0,0
2,200.0,7,132,0,0,0
2,201.5625,8,128,0,0,0
2,203.125,9,129,0,0,0
2,204.6875,10,130,0,0,0
2,206.25,11,129,0,0,0
2,207.8125,12,129,0,0,0
2,209.375,13,128,0,0,0
2,210.9375,14,0,0,0,0
2,212.5,15,0,0,0,0
2,214.0625,0,127,0,0,0
2,215.625,1,128,0,0,0
2,217.1875,2,126,0,0,0
2,218.75,3,125,0,0,0
2,220.3125,4,124,0,0,0
2,221.875,5,125,0,0,0
2,223.4375,6,130,0,0,0
2,225.0,7,124,0,0,0
2,226.5625,8,124,0,0,0
2,228.125,9,123,0,0,0
2,229.6875,10,125,0,0,0
2,231.25,11,123,0,0,0
2,232.8125,12,123,0,0,0
2,234.375,13,124,0,0,0
2,235.9375,14,119,0,0,0
2,237.5,15,0,0,0,0
2,239.0625,0,120,0,0,0
2,240.625,1,122,0,0,0
2,242.1875,2,121,0,0,0
2,243.75,3,119,0,0,0
2,245.3125,4,117,0,0,0
2,246.875,5,118,0,0,0
2,248.4375,6,124,0,0,0
2,250.0,7,0,0,0,0
2,251.5625,8,0,0,0,0
2,253.125,9,0,0,0,0
2,254.6875,10,0,0,0,0
2,256.25,11,0,0,0,0
2,257.8125,12,0,0,0,0
2,259.375,13,0,0,0,0
2,260.9375,14,0,0,0,0
2,262.5,15,0,0,0,0
2,264.0625,0,0,0,0,0
2,265.625,1,0,0,0,0
2,267.1875,2,0,0,0,0
2,268.75,3,0,0,0,0
2,270.3125,4,0,0,0,0
2,271.875,5,0,0,0,0
2,273.4375,6,0,0,0,0
3,0.0,7,102,0,0,0
3,1.5625,8,100,0,0,0
3,3.125,9,100,0,0,0
3,4.6875,10,101,0,0,0
3,6.25,11,99,0,0,0
3,7.8125,12,101,0,0,0
3,9.375,13,101,0,0,0
3,10.9375,14,101,0,0,0
3,12.5,15,0,0,0,0
3,14.0625,0,98,0,0,0
3,15.625,1,101,0,0,0
3,17.1875,2,99,0,0,0
3,18.75,3,102,0,0,0
3,20.3125,4,101,0,0,0
3,21.875,5,102,0,0,0
3,23.4375,6,100,0,0,0
3,25.0,7,126,0,0,0
3,26.5625,8,170,0,0,0
3,28.125,9,255,0,0,0
3,29.6875,10,375,0,0,0
3,31.25,11,503,0,0,0
3,32.8125,12,634,0,0,0
3,34.375,13,764,0,0,0
3,35.9375,14,886,0,0,0
3,37.5,15,0,0,0,0
3,39.0625,0,1023,0,0,0
3,40.625,1,1023,0,0,0
3,42.1875,2,1023,0,0,0
3,43.75,3,1023,0,0,0
3,45.3125,4,1023,0,0,0
3,46.875,5,1023,0,0,0
3,48.4375,6,362,0,0,0
3,50.0,7,1023,623,888,509
3,51.5625,8,1023,623,888,445
3,53.125,9,1023,623,888,382
3,54.6875,10,1023,623,888,318
3,56.25,11,1023,622,880,255
3,57.8125,12,1023,620,864,223
3,59.375,13,1023,622,880,127
3,60.9375,14,984,623,888,61
3,62.5,15,0,0,0,0
3,64.0625,0,855,623,888,960
3,65.625,1,776,622,880,896
3,67.1875,2,677,622,880,831
3,68.75,3,589,623,888,765
3,70.3125,4,500,622,880,704
3,71.875,5,429,623,888,640
3,73.4375,6,397,0,0,0
3,75.0,7,382,0,0,0
3,76.5625,8,369,0,0,0
3,78.125,9,361,0,0,0
3,79.6875,10,347,0,0,0
3,81.25,11,335,0,0,0
3,82.8125,12,325,0,0,0
3,84.375,13,316,0,0,0
3,85.9375,14,305,0,0,0
3,87.5,15,0,0,0,0
3,89.0625,0,283,0,0,0
3,90.625,1,273,0,0,0
3,92.1875,2,265,0,0,0
3,93.75,3,255,0,0,0
3,95.3125,4,250,0,0,0
3,96.875,5,242,0,0,0
3,98.4375,6,141,576,512,576
3,100.0,7,230,0,0,0
3,101.5625,8,222,0,0,0
3,103.125,9,221,0,0,0
3,104.6875,10,214,0,0,0
3,106.25,11,209,0,0,0
3,107.8125,12,205,0,0,0
3,109.375,13,204,0,0,0
3,110.9375,14,198,0,0,0
3,112.5,15,0,0,0,0
3,114.0625,0,194,0,0,0
3,115.625,1,190,0,0,0
3,117.1875,2,189,0,0,0
3,118.75,3,184,0,0,0
3,120.3125,4,184,0,0,0
3,121.875,5,182,0,0,0
3,123.4375,6,234,0,0,0
3,125.0,7,175,0,0,0
3,126.5625,8,174,0,0,0
3,128.125,9,174,0,0,0
3,129.6875,10,173,0,0,0
3,131.25,11,168,0,0,0
3,132.8125,12,169,0,0,0
3,134.375,13,166,0,0,0
3,135.9375,14,164,0,0,0
3,137.5,15,0,0,0,0
3,139.0625,0,162,0,0,0
3,140.625,1,163,0,0,0
3,142.1875,2,160,0,0,0
3,143.75,3,159,0,0,0
3,145.3125,4,159,0,0,0
3,146.875,5,157,0,0,0
3,148.4375,6,178,0,0,0
3,150.0,7,156,0,0,0
3,151.5625,8,152,0,0,0
3,153.125,9,154,0,0,0
3,154.6875,10,152,0,0,0
3,156.25,11,149,0,0,0
3,157.8125,12,151,0,0,0
3,159.375,13,148,0,0,0
3,160.9375,14,148,0,0,0
3,162.5,15,0,0,0,0
3,164.0625,0,146,0,0,0
3,165.625,1,146,0,0,0
3,167.1875,2,145,0,0,0
3,168.75,3,145,0,0,0
3,170.3125,4,144,0,0,0
3,171.875,5,0,0,0,0
3,173.4375,6,157,0,0,0
3,175.0,7,142,0,0,0
3,176.5625,8,138,0,0,0
3,178.125,9,141,0,0,0
3,179.6875,10,137,0,0,0
3,181.25,11,138,0,0,0
3,182.8125,12,137,0,0,0
3,184.375,13,136,0,0,0
3,185.9375,14,136,0,0,0
3,187.5,15,0,0,0,0
3,189.0625,0,136,0,0,0
3,190.625,1,136,0,0,0
3,192.1875,2,135,0,0,0
3,193.75,3,135,0,0,0
3,195.3125,4,134,0,0,0
3,196.875,5,132,0,0,0
3,198.4375,6,133,0,0,0
3,200.0,7,134,0,0,0
3,201.5625,8,131,0,0,0
3,203.125,9,131,0,0,0
3,204.6875,10,130,0,0,0
3,206.25,11,129,0,0,0
3,207.8125,12,130,0,0,0
3,209.375,13,130,0,0,0
3,210.9375,14,129,0,0,0
3,212.5,15,0,0,0,0
3,214.0625,0,127,0,0,0
3,215.625,1,128,0,0,0
3,217.1875,2,129,0,0,0
3,218.75,3,126,0,0,0
3,220.3125,4,127,0,0,0
3,221.875,5,125,0,0,0
3,223.4375,6,189,0,0,0
3,225.0,7,127,0,0,0
3,226.5625,8,125,0,0,0
3,228.125,9,124,0,0,0
3,229.6875,10,123,0,0,0
3,231.25,11,125,0,0,0
3,232.8125,12,124,0,0,0
3,234.375,13,125,0,0,0
3,235.9375,14,122,0,0,0
3,237.5,15,0,0,0,0
3,239.0625,0,123,0,0,0
3,240.625,1,122,0,0,0
3,242.1875,2,122,0,0,0
3,243.75,3,121,0,0,0
3,245.3125,4,122,0,0,0
3,246.875,5,121,0,0,0
3,248.4375,6,120,0,0,0
3,250.0,7,0,0,0,0
3,251.5625,8,0,0,0,0
3,253.125,9,0,0,0,0
3,254.6875,10,0,0,0,0
3,256.25,11,0,0,0,0
3,257.8125,12,0,0,0,0
3,259.375,13,0,0,0,0
3,260.9375,14,0,0,0,0
3,262.5,15,0,0,0,0
3,264.0625,0,0,0,0,0
3,265.625,1,0,0,0,0
3,267.1875,2,0,0,0,0
3,268.75,3,0,0,0,0
3,270.3125,4,0,0,0,0
3,271.875,5,0,0,0,0
3,273.4375,6,0,0,0,0
4,0.0,7,98,0,0,0
4,1.5625,8,98,0,0,0
4,3.125,9,98,0,0,0
4,4.6875,10,100,0,0,0
4,6.25,11,98,0,0,0
4,7.8125,12,95,0,0,0
4,9.375,13,98,0,0,0
4,10.9375,14,100,0,0,0
4,12.5,15,0,0,0,0
4,14.0625,0,98,0,0,0
4,15.625,1,98,0,0,0
4,17.1875,2,99,0,0,0
4,18.75,3,101,0,0,0
4,20.3125,4,99,0,0,0
4,21.875,5,99,0,0,0
4,23.4375,6,99,0,0,0
4,25.0,7,124,0,0,0
4,26.5625,8,168,0,0,0
4,28.125,9,254,0,0,0
4,29.6875,10,370,0,0,0
4,31.25,11,493,0,0,0
4,32.8125,12,620,0,0,0
4,34.375,13,747,0,0,0
4,35.9375,14,869,0,0,0
4,37.5,15,0,0,0,0
4,39.0625,0,1023,0,0,0
4,40.625,1,1023,0,0,0
4,42.1875,2,1023,0,0,0
4,43.75,3,1023,0,0,0
4,45.3125,4,1023,0,0,0
4,46.875,5,1023,0,0,0
4,48.4375,6,105,0,0,0
4,50.0,7,1023,616,832,501
4,51.5625,8,1023,615,824,438
4,53.125,9,1023,615,824,373
4,54.6875,10,1023,616,832,309
4,56.25,11,1023,615,824,250
4,57.8125,12,1023,615,824,186
4,59.375,13,1023,616,832,119
4,60.9375,14,972,615,824,54
4,62.5,15,0,0,0,0
4,64.0625,0,821,615,824,953
4,65.625,1,727,616,832,888
4,67.1875,2,626,615,824,822
4,68.75,3,545,616,832,757
4,70.3125,4,467,616,832,695
4,71.875,5,424,615,824,634
4,73.4375,6,503,0,0,0
4,75.0,7,391,0,0,0
4,76.5625,8,375,0,0,0
4,78.125,9,361,0,0,0
4,79.6875,10,352,0,0,0
4,81.25,11,336,0,0,0
4,82.8125,12,324,0,0,0
4,84.375,13,313,0,0,0
4,85.9375,14,301,0,0,0
4,87.5,15,0,0,0,0
4,89.0625,0,280,0,0,0
4,90.625,1,270,0,0,0
4,92.1875,2,261,0,0,0
4,93.75,3,255,0,0,0
4,95.3125,4,248,0,0,0
4,96.875,5,239,0,0,0
4,98.4375,6,404,616,832,567
4,100.0,7,226,0,0,0
4,101.5625,8,221,0,0,0
4,103.125,9,215,0,0,0
4,104.6875,10,213,0,0,0
4,106.25,11,205,0,0,0
4,107.8125,12,202,0,0,0
4,109.375,13,199,0,0,0
4,110.9375,14,197,0,0,0
4,112.5,15,0,0,0,0
4,114.0625,0,189,0,0,0
4,115.625,1,187,0,0,0
4,117.1875,2,184,0,0,0
4,118.75,3,183,0,0,0
4,120.3125,4,179,0,0,0
4,121.875,5,177,0,0,0
4,123.4375,6,232,0,0,0
4,125.0,7,176,0,0,0
4,126.5625,8,170,0,0,0
4,128.125,9,169,0,0,0
4,129.6875,10,169,0,0,0
4,131.25,11,167,0,0,0
4,132.8125,12,164,0,0,0
4,134.375,13,162,0,0,0
4,135.9375,14,164,0,0,0
4,137.5,15,0,0,0,0
4,139.0625,0,160,0,0,0
4,140.625,1,159,0,0,0
4,142.1875,2,157,0,0,0
4,143.75,3,156,0,0,0
4,145.3125,4,156,0,0,0
4,146.875,5,154,0,0,0
4,148.4375,6,176,0,0,0
4,150.0,7,153,0,0,0
4,151.5625,8,151,0,0,0
4,153.125,9,149,0,0,0
4,154.6875,10,148,0,0,0
4,156.25,11,148,0,0,0
4,157.8125,12,145,0,0,0
4,159.375,13,145,0,0,0
4,160.9375,14,146,0,0,0
4,162.5,15,0,0,0,0
4,164.0625,0,144,0,0,0
4,165.625,1,144,0,0,0
4,167.1875,2,141,0,0,0
4,168.75,3,142,0,0,0
4,170.3125,4,140,0,0,0
4,171.875,5,140,0,0,0
4,173.4375,6,152,0,0,0
4,175.0,7,140,0,0,0
4,176.5625,8,137,0,0,0
4,178.125,9,136,0,0,0
4,179.6875,10,136,0,0,0
4,181.25,11,134,0,0,0
4,182.8125,12,135,0,0,0
4,184.375,13,135,0,0,0
4,185.9375,14,134,0,0,0
4,187.5,15,0,0,0,0
4,189.0625,0,131,0,0,0
4,190.625,1,132,0,0,0
4,192.1875,2,130,0,0,0
4,193.75,3,130,0,0,0
4,195.3125,4,130,0,0,0
4,196.875,5,129,0,0,0
4,198.4375,6,139,0,0,0
4,200.0,7,130,0,0,0
4,201.5625,8,127,0,0,0
4,203.125,9,128,0,0,0
4,204.6875,10,128,0,0,0
4,206.25,11,127,0,0,0
4,207.8125,12,127,0,0,0
4,209.375,13,126,0,0,0
4,210.9375,14,127,0,0,0
4,212.5,15,0,0,0,0
4,214.0625,0,125,0,0,0
4,215.625,1,124,0,0,0
4,217.1875,2,123,0,0,0
4,218.75,3,125,0,0,0
4,220.3125,4,125,0,0,0
4,221.875,5,124,0,0,0
4,223.4375,6,137,0,0,0
4,225.0,7,122,0,0,0
4,226.5625,8,121,0,0,0
4,228.125,9,122,0,0,0
4,229.6875,10,122,0,0,0
4,231.25,11,122,0,0,0
4,232.8125,12,121,0,0,0
4,234.375,13,121,0,0,0
4,235.9375,14,121,0,0,0
4,237.5,15,0,0,0,0
4,239.0625,0,120,0,0,0
4,240.625,1,118,0,0,0
4,242.1875,2,118,0,0,0
4,243.75,3,118,0,0,0
4,245.3125,4,117,0,0,0
4,246.875,5,118,0,0,0
4,248.4375,6,120,0,0,0
4,250.0,7,0,0,0,0
4,251.5625,8,0,0,0,0
4,253.125,9,0,0,0,0
4,254.6875,10,0,0,0,0
4,256.25,11,0,0,0,0
4,257.8125,12,0,0,0,0
4,259.375,13,0,0,0,0
4,260.9375,14,0,0,0,0
4,262.5,15,0,0,0,0
4,264.0625,0,0,0,0,0
4,265.625,1,0,0,0,0
4,267.1875,2,0,0,0,0
4,268.75,3,0,0,0,0
4,270.3125,4,0,0,0,0
4,271.875,5,0,0,0,0
4,273.4375,6,0,0,0,0
5,0.0,7,0,0,0,0
5,1.5625,8,0,0,0,0
5,3.125,9,0,0,0,0
5,4.6875,10,0,0,0,0
5,6.25,11,0,0,0,0
5,7.8125,12,0,0,0,0
5,9.375,13,0,0,0,0
5,10.9375,14,0,0,0,0
5,12.5,15,0,0,0,0
5,14.0625,0,0,0,0,0
5,15.625,1,0,0,0,0
5,17.1875,2,0,0,0,0
5,18.75,3,0,0,0,0
5,20.3125,4,0,0,0,0
5,21.875,5,0,0,0,0
5,23.4375,6,0,0,0,0
5,25.0,7,0,0,0,0
5,26.5625,8,0,0,0,0
5,28.125,9,0,0,0,0
5,29.6875,10,0,0,0,0
5,31.25,11,0,0,0,0
5,32.8125,12,0,0,0,0
5,34.375,13,0,0,0,0
5,35.9375,14,0,0,0,0
5,37.5,15,0,0,0,0
5,39.0625,0,0,0,0,0
5,40.625,1,0,0,0,0
5,42.1875,2,0,0,0,0
5,43.75,3,0,0,0,0
5,45.3125,4,0,0,0,0
5,46.875,5,0,0,0,0
5,48.4375,6,0,0,0,0
5,50.0,7,0,0,0,0
5,51.5625,8,0,0,0,0
5,53.125,9,0,0,0,0
5,54.6875,10,0,0,0,0
5,56.25,11,0,0,0,0
5,57.8125,12,0,0,0,0
5,59.375,13,0,0,0,0
5,60.9375,14,0,0,0,0
5,62.5,15,0,0,0,0
5,64.0625,0,0,0,0,0
5,65.625,1,0,0,0,0
5,67.1875,2,0,0,0,0
5,68.75,3,0,0,0,0
5,70.3125,4,0,0,0,0
5,71.875,5,0,0,0,0
5,73.4375,6,0,0,0,0
5,75.0,7,0,0,0,0
5,76.5625,8,0,0,0,0
5,78.125,9,0,0,0,0
5,79.6875,10,0,0,0,0
5,81.25,11,0,0,0,0
5,82.8125,12,0,0,0,0
5,84.375,13,0,0,0,0
5,85.9375,14,0,0,0,0
5,87.5,15,0,0,0,0
5,89.0625,0,0,0,0,0
5,90.625,1,0,0,0,0
5,92.1875,2,0,0,0,0
5,93.75,3,0,0,0,0
5,95.3125,4,0,0,0,0
5,96.875,5,0,0,0,0
5,98.4375,6,0,0,0,0
5,100.0,7,0,0,0,0
5,101.5625,8,0,0,0,0
5,103.125,9,0,0,0,0
5,104.6875,10,0,0,0,0
5,106.25,11,0,0,0,0
5,107.8125,12,0,0,0,0
5,109.375,13,0,0,0,0
5,110.9375,14,0,0,0,0
5,112.5,15,0,0,0,0
5,114.0625,0,0,0,0,0
5,115.625,1,0,0,0,0
5,117.1875,2,0,0,0,0
5,118.75,3,0,0,0,0
5,120.3125,4,0,0,0,0
5,121.875,5,0,0,0,0
5,123.4375,6,0,0,0,0
5,125.0,7,0,0,0,0
5,126.5625,8,0,0,0,0
5,128.125,9,0,0,0,0
5,129.6875,10,0,0,0,0
5,131.25,11,0,0,0,0
5,132.8125,12,0,0,0,0
5,134.375,13,0,0,0,0
5,135.9375,14,0,0,0,0
5,137.5,15,0,0,0,0
5,139.0625,0,0,0,0,0
5,140.625,1,0,0,0,0
5,142.1875,2,0,0,0,0
5,143.75,3,0,0,0,0
5,145.3125,4,0,0,0,0
5,146.875,5,0,0,0,0
5,148.4375,6,0,0,0,0
5,150.0,7,0,0,0,0
5,151.5625,8,0,0,0,0
5,153.125,9,0,0,0,0
5,154.6875,10,0,0,0,0
5,156.25,11,0,0,0,0
5,157.8125,12,0,0,0,0
5,159.375,13,0,0,0,0
5,160.9375,14,0,0,0,0
5,162.5,15,0,0,0,0
5,164.0625,0,0,0,0,0
5,165.625,1,0,0,0,0
5,167.1875,2,0,0,0,0
5,168.75,3,0,0,0,0
5,170.3125,4,0,0,0,0
5,171.875,5,0,0,0,0
5,173.4375,6,0,0,0,0
5,175.0,7,0,0,0,0
5,176.5625,8,0,0,0,0
5,178.125,9,0,0,0,0
5,179.6875,10,0,0,0,0
5,181.25,11,0,0,0,0
5,182.8125,12,0,0,0,0
5,184.375,13,0,0,0,0
5,185.9375,14,0,0,0,0
5,187.5,15,0,0,0,0
5,189.0625,0,0,0,0,0
5,190.625,1,0,0,0,0
5,192.1875,2,0,0,0,0
5,193.75,3,0,0,0,0
5,195.3125,4,0,0,0,0
5,196.875,5,0,0,0,0
5,198.4375,6,0,0,0,0
5,200.0,7,0,0,0,0
5,201.5625,8,0,0,0,0
5,203.125,9,0,0,0,0
5,204.6875,10,0,0,0,0
5,206.25,11,0,0,0,0
5,207.8125,12,0,0,0,0
5,209.375,13,0,0,0,0
5,210.9375,14,0,0,0,0
5,212.5,15,0,0,0,0
5,214.0625,0,0,0,0,0
5,215.625,1,0,0,0,0
5,217.1875,2,0,0,0,0
5,218.75,3,0,0,0,0
5,220.3125,4,0,0,0,0
5,221.875,5,0,0,0,0
5,223.4375,6,0,0,0,0
5,225.0,7,0,0,0,0
5,226.5625,8,0,0,0,0
5,228.125,9,0,0,0,0
5,229.6875,10,0,0,0,0
5,231.25,11,0,0,0,0
5,232.8125,12,0,0,0,0
5,234.375,13,0,0,0,0
5,235.9375,14,0,0,0,0
5,237.5,15,0,0,0,0
5,239.0625,0,0,0,0,0
5,240.625,1,0,0,0,0
5,242.1875,2,0,0,0,0
5,243.75,3,0,0,0,0
5,245.3125,4,0,0,0,0
5,246.875,5,0,0,0,0
5,248.4375,6,0,0,0,0
5,250.0,7,0,0,0,0
5,251.5625,8,0,0,0,0
5,253.125,9,0,0,0,0
5,254.6875,10,0,0,0,0
5,256.25,11,0,0,0,0
5,257.8125,12,0,0,0,0
5,259.375,13,0,0,0,0
5,260.9375,14,0,0,0,0
5,262.5,15,0,0,0,0
5,264.0625,0,0,0,0,0
5,265.625,1,0,0,0,0
5,267.1875,2,0,0,0,0
5,268.75,3,0,0,0,0
5,270.3125,4,0,0,0,0
5,271.875,5,0,0,0,0
5,273.4375,6,0,0,0,0
6,0.0,7,0,0,0,0
6,1.5625,8,0,0,0,0
6,3.125,9,0,0,0,0
6,4.6875,10,0,0,0,0
6,6.25,11,0,0,0,0
6,7.8125,12,0,0,0,0
6,9.375,13,0,0,0,0
6,10.9375,14,0,0,0,0
6,12.5,15,0,0,0,0
6,14.0625,0,0,0,0,0
6,15.625,1,0,0,0,0
6,17.1875,2,0,0,0,0
6,18.75,3,0,0,0,0
6,20.3125,4,0,0,0,0
6,21.875,5,0,0,0,0
6,23.4375,6,0,0,0,0
6,25.0,7,0,0,0,0
6,26.5625,8,0,0,0,0
6,28.125,9,0,0,0,0
6,29.6875,10,0,0,0,0
6,31.25,11,0,0,0,0
6,32.8125,12,0,0,0,0
6,34.375,13,0,0,0,0
6,35.9375,14,0,0,0,0
6,37.5,15,0,0,0,0
6,39.0625,0,0,0,0,0
6,40.625,1,0,0,0,0
6,42.1875,2,0,0,0,0
6,43.75,3,0,0,0,0
6,45.3125,4,0,0,0,0
6,46.875,5,0,0,0,0
6,48.4375,6,0,0,0,0
6,50.0,7,0,0,0,0
6,51.5625,8,0,0,0,0
6,53.125,9,0,0,0,0
6,54.6875,10,0,0,0,0
6,56.25,11,0,0,0,0
6,57.8125,12,0,0,0,0
6,59.375,13,0,0,0,0
6,60.9375,14,0,0,0,0
6,62.5,15,0,0,0,0
6,64.0625,0,0,0,0,0
6,65.625,1,0,0,0,0
6,67.1875,2,0,0,0,0
6,68.75,3,0,0,0,0
6,70.3125,4,0,0,0,0
6,71.875,5,0,0,0,0
6,73.4375,6,0,0,0,0
6,75.0,7,0,0,0,0
6,76.5625,8,0,0,0,0
6,78.125,9,0,0,0,0
6,79.6875,10,0,0,0,0
6,81.25,11,0,0,0,0
6,82.8125,12,0,0,0,0
6,84.375,13,0,0,0,0
6,85.9375,14,0,0,0,0
6,87.5,15,0,0,0,0
6,89.0625,0,0,0,0,0
6,90.625,1,0,0,0,0
6,92.1875,2,0,0,0,0
6,93.75,3,0,0,0,0
6,95.3125,4,0,0,0,0
6,96.875,5,0,0,0,0
6,98.4375,6,0,0,0,0
6,100.0,7,0,0,0,0
6,101.5625,8,0,0,0,0
6,103.125,9,0,0,0,0
6,104.6875,10,0,0,0,0
6,106.25,11,0,0,0,0
6,107.8125,12,0,0,0,0
6,109.375,13,0,0,0,0
6,110.9375,14,0,0,0,0
6,112.5,15,0,0,0,0
6,114.0625,0,0,0,0,0
6,115.625,1,0,0,0,0
6,117.1875,2,0,0,0,0
6,118.75,3,0,0,0,0
6,120.3125,4,0,0,0,0
6,121.875,5,0,0,0,0
6,123.4375,6,0,0,0,0
6,125.0,7,0,0,0,0
6,126.5625,8,0,0,0,0
6,128.125,9,0,0,0,0
6,129.6875,10,0,0,0,0
6,131.25,11,0,0,0,0
6,132.8125,12,0,0,0,0
6,134.375,13,0,0,0,0
6,135.9375,14,0,0,0,0
6,137.5,15,0,0,0,0
6,139.0625,0,0,0,0,0
6,140.625,1,0,0,0,0
6,142.1875,2,0,0,0,0
6,143.75,3,0,0,0,0
6,145.3125,4,0,0,0,0
6,146.875,5,0,0,0,0
6,148.4375,6,0,0,0,0
6,150.0,7,0,0,0,0
6,151.5625,8,0,0,0,0
6,153.125,9,0,0,0,0
6,154.6875,10,0,0,0,0
6,156.25,11,0,0,0,0
6,157.8125,12,0,0,0,0
6,159.375,13,0,0,0,0
6,160.9375,14,0,0,0,0
6,162.5,15,0,0,0,0
6,164.0625,0,0,0,0,0
6,165.625,1,0,0,0,0
6,167.1875,2,0,0,0,0
6,168.75,3,0,0,0,0
6,170.3125,4,0,0,0,0
6,171.875,5,0,0,0,0
6,173.4375,6,0,0,0,0
6,175.0,7,0,0,0,0
6,176.5625,8,0,0,0,0
6,178.125,9,0,0,0,0
6,179.6875,10,0,0,0,0
6,181.25,11,0,0,0,0
6,182.8125,12,0,0,0,0
6,184.375,13,0,0,0,0
6,185.9375,14,0,0,0,0
6,187.5,15,0,0,0,0
6,189.0625,0,0,0,0,0
6,190.625,1,0,0,0,0
6,192.1875,2,0,0,0,0
6,193.75,3,0,0,0,0
6,195.3125,4,0,0,0,0
6,196.875,5,0,0,0,0
6,198.4375,6,0,0,0,0
6,200.0,7,0,0,0,0
6,201.5625,8,0,0,0,0
6,203.125,9,0,0,0,0
6,204.6875,10,0,0,0,0
6,206.25,11,0,0,0,0
6,207.8125,12,0,0,0,0
6,209.375,13,0,0,0,0
6,210.9375,14,0,0,0,0
6,212.5,15,0,0,0,0
6,214.0625,0,0,0,0,0
6,215.625,1,0,0,0,0
6,217.1875,2,0,0,0,0
6,218.75,3,0,0,0,0
6,220.3125,4,0,0,0,0
6,221.875,5,0,0,0,0
6,223.4375,6,0,0,0,0
6,225.0,7,0,0,0,0
6,226.5625,8,0,0,0,0
6,228.125,9,0,0,0,0
6,229.6875,10,0,0,0,0
6,231.25,11,0,0,0,0
6,232.8125,12,0,0,0,0
6,234.375,13,0,0,0,0
6,235.9375,14,0,0,0,0
6,237.5,15,0,0,0,0
6,239.0625,0,0,0,0,0
6,240.625,1,0,0,0,0
6,242.1875,2,0,0,0,0
6,243.75,3,0,0,0,0
6,245.3125,4,0,0,0,0
6,246.875,5,0,0,0,0
6,248.4375,6,0,0,0,0
6,250.0,7,0,0,0,0
6,251.5625,8,0,0,0,0
6,253.125,9,0,0,0,0
6,254.6875,10,0,0,0,0
6,256.25,11,0,0,0,0
6,257.8125,12,0,0,0,0
6,259.375,13,0,0,0,0
6,260.9375,14,0,0,0,0
6,262.5,15,0,0,0,0
6,264.0625,0,0,0,0,0
6,265.625,1,0,0,0,0
6,267.1875,2,0,0,0,0
6,268.75,3,0,0,0,0
6,270.3125,4,0,0,0,0
6,271.875,5,0,0,0,0
6,273.4375,6,0,0,0,0
7,0.0,7,0,0,0,0
7,1.5625,8,0,0,0,0
7,3.125,9,0,0,0,0
7,4.6875,10,0,0,0,0
7,6.25,11,0,0,0,0
7,7.8125,12,0,0,0,0
7,9.375,13,0,0,0,0
7,10.9375,14,0,0,0,0
7,12.5,15,0,0,0,0
7,14.0625,0,0,0,0,0
7,15.625,1,0,0,0,0
7,17.1875,2,0,0,0,0
7,18.75,3,0,0,0,0
7,20.3125,4,0,0,0,0
7,21.875,5,0,0,0,0
7,23.4375,6,0,0,0,0
7,25.0,7,0,0,0,0
7,26.5625,8,0,0,0,0
7,28.125,9,0,0,0,0
7,29.6875,10,0,0,0,0
7,31.25,11,0,0,0,0
7,32.8125,12,0,0,0,0
7,34.375,13,0,0,0,0
7,35.9375,14,0,0,0,0
7,37.5,15,0,0,0,0
7,39.0625,0,0,0,0,0
7,40.625,1,0,0,0,0
7,42.1875,2,0,0,0,0
7,43.75,3,0,0,0,0
7,45.3125,4,0,0,0,0
7,46.875,5,0,0,0,0
7,48.4375,6,0,0,0,0
7,50.0,7,0,0,0,0
7,51.5625,8,0,0,0,0
7,53.125,9,0,0,0,0
7,54.6875,10,0,0,0,0
7,56.25,11,0,0,0,0
7,57.8125,12,0,0,0,0
7,59.375,13,0,0,0,0
7,60.9375,14,0,0,0,0
7,62.5,15,0,0,0,0
7,64.0625,0,0,0,0,0
7,65.625,1,0,0,0,0
7,67.1875,2,0,0,0,0
7,68.75,3,0,0,0,0
7,70.3125,4,0,0,0,0
7,71.875,5,0,0,0,0
7,73.4375,6,0,0,0,0
7,75.0,7,0,0,0,0
7,76.5625,8,0,0,0,0
7,78.125,9,0,0,0,0
7,79.6875,10,0,0,0,0
7,81.25,11,0,0,0,0
7,82.8125,12,0,0,0,0
7,84.375,13,0,0,0,0
7,85.9375,14,0,0,0,0
7,87.5,15,0,0,0,0
7,89.0625,0,0,0,0,0
7,90.625,1,0,0,0,0
7,92.1875,2,0,0,0,0
7,93.75,3,0,0,0,0
7,95.3125,4,0,0,0,0
7,96.875,5,0,0,0,0
7,98.4375,6,0,0,0,0
7,100.0,7,0,0,0,0
7,101.5625,8,0,0,0,0
7,103.125,9,0,0,0,0
7,104.6875,10,0,0,0,0
7,106.25,11,0,0,0,0
7,107.8125,12,0,0,0,0
7,109.375,13,0,0,0,0
7,110.9375,14,0,0,0,0
7,112.5,15,0,0,0,0
7,114.0625,0,0,0,0,0
7,115.625,1,0,0,0,0
7,117.1875,2,0,0,0,0
7,118.75,3,0,0,0,0
7,120.3125,4,0,0,0,0
7,121.875,5,0,0,0,0
7,123.4375,6,0,0,0,0
7,125.0,7,0,0,0,0
7,126.5625,8,0,0,0,0
7,128.125,9,0,0,0,0
7,129.6875,10,0,0,0,0
7,131.25,11,0,0,0,0
7,132.8125,12,0,0,0,0
7,134.375,13,0,0,0,0
7,135.9375,14,0,0,0,0
7,137.5,15,0,0,0,0
7,139.0625,0,0,0,0,0
7,140.625,1,0,0,0,0
7,142.1875,2,0,0,0,0
7,143.75,3,0,0,0,0
7,145.3125,4,0,0,0,0
7,146.875,5,0,0,0,0
7,148.4375,6,0,0,0,0
7,150.0,7,0,0,0,0
7,151.5625,8,0,0,0,0
7,153.125,9,0,0,0,0
7,154.6875,10,0,0,0,0
7,156.25,11,0,0,0,0
7,157.8125,12,0,0,0,0
7,159.375,13,0,0,0,0
7,160.9375,14,0,0,0,0
7,162.5,15,0,0,0,0
7,164.0625,0,0,0,0,0
7,165.625,1,0,0,0,0
7,167.1875,2,0,0,0,0
7,168.75,3,0,0,0,0
7,170.3125,4,0,0,0,0
7,171.875,5,0,0,0,0
7,173.4375,6,0,0,0,0
7,175.0,7,0,0,0,0
7,176.5625,8,0,0,0,0
7,178.125,9,0,0,0,0
7,179.6875,10,0,0,0,0
7,181.25,11,0,0,0,0
7,182.8125,12,0,0,0,0
7,184.375,13,0,0,0,0
7,185.9375,14,0,0,0,0
7,187.5,15,0,0,0,0
7,189.0625,0,0,0,0,0
7,190.625,1,0,0,0,0
7,192.1875,2,0,0,0,0
7,193.75,3,0,0,0,0
7,195.3125,4,0,0,0,0
7,196.875,5,0,0,0,0
7,198.4375,6,0,0,0,0
7,200.0,7,0,0,0,0
7,201.5625,8,0,0,0,0
7,203.125,9,0,0,0,0
7,204.6875,10,0,0,0,0
7,206.25,11,0,0,0,0
7,207.8125,12,0,0,0,0
7,209.375,13,0,0,0,0
7,210.9375,14,0,0,0,0
7,212.5,15,0,0,0,0
7,214.0625,0,0,0,0,0
7,215.625,1,0,0,0,0
7,217.1875,2,0,0,0,0
7,218.75,3,0,0,0,0
7,220.3125,4,0,0,0,0
7,221.875,5,0,0,0,0
7,223.4375,6,0,0,0,0
7,225.0,7,0,0,0,0
7,226.5625,8,0,0,0,0
7,228.125,9,0,0,0,0
7,229.6875,10,0,0,0,0
7,231.25,11,0,0,0,0
7,232.8125,12,0,0,0,0
7,234.375,13,0,0,0,0
7,235.9375,14,0,0,0,0
7,237.5,15,0,0,0,0
7,239.0625,0,0,0,0,0
7,240.625,1,0,0,0,0
7,242.1875,2,0,0,0,0
7,243.75,3,0,0,0,0
7,245.3125,4,0,0,0,0
7,246.875,5,0,0,0,0
7,248.4375,6,0,0,0,0
7,250.0,7,0,0,0,0
7,251.5625,8,0,0,0,0
7,253.125,9,0,0,0,0
7,254.6875,10,0,0,0,0
7,256.25,11,0,0,0,0
7,257.8125,12,0,0,0,0
7,259.375,13,0,0,0,0
7,260.9375,14,0,0,0,0
7,262.5,15,0,0,0,0
7,264.0625,0,0,0,0,0
7,265.625,1,0,0,0,0
7,267.1875,2,0,0,0,0
7,268.75,3,0,0,0,0
7,270.3125,4,0,0,0,0
7,271.875,5,0,0,0,0
7,273.4375,6,0,0,0,0
8,0.0,7,0,0,0,0
8,1.5625,8,0,0,0,0
8,3.125,9,0,0,0,0
8,4.6875,10,0,0,0,0
8,6.25,11,0,0,0,0
8,7.8125,12,0,0,0,0
8,9.375,13,0,0,0,0
8,10.9375,14,0,0,0,0
8,12.5,15,0,0,0,0
8,14.0625,0,0,0,0,0
8,15.625,1,0,0,0,0
8,17.1875,2,0,0,0,0
8,18.75,3,0,0,0,0
8,20.3125,4,0,0,0,0
8,21.875,5,0,0,0,0
8,23.4375,6,0,0,0,0
8,25.0,7,0,0,0,0
8,26.5625,8,0,0,0,0
8,28.125,9,0,0,0,0
8,29.6875,10,0,0,0,0
8,31.25,11,0,0,0,0
8,32.8125,12,0,0,0,0
8,34.375,13,0,0,0,0
8,35.9375,14,0,0,0,0
8,37.5,15,0,0,0,0
8,39.0625,0,0,0,0,0
8,40.625,1,0,0,0,0
8,42.1875,2,0,0,0,0
8,43.75,3,0,0,0,0
8,45.3125,4,0,0,0,0
8,46.875,5,0,0,0,0
8,48.4375,6,0,0,0,0
8,50.0,7,0,0,0,0
8,51.5625,8,0,0,0,0
8,53.125,9,0,0,0,0
8,54.6875,10,0,0,0,0
8,56.25,11,0,0,0,0
8,57.8125,12,0,0,0,0
8,59.375,13,0,0,0,0
8,60.9375,14,0,0,0,0
8,62.5,15,0,0,0,0
8,64.0625,0,0,0,0,0
8,65.625,1,0,0,0,0
8,67.1875,2,0,0,0,0
8,68.75,3,0,0,0,0
8,70.3125,4,0,0,0,0
8,71.875,5,0,0,0,0
8,73.4375,6,0,0,0,0
8,75.0,7,0,0,0,0
8,76.5625,8,0,0,0,0
8,78.125,9,0,0,0,0
8,79.6875,10,0,0,0,0
8,81.25,11,0,0,0,0
8,82.8125,12,0,0,0,0
8,84.375,13,0,0,0,0
8,85.9375,14,0,0,0,0
8,87.5,15,0,0,0,0
8,89.0625,0,0,0,0,0
8,90.625,1,0,0,0,0
8,92.1875,2,0,0,0,0
8,93.75,3,0,0,0,0
8,95.3125,4,0,0,0,0
8,96.875,5,0,0,0,0
8,98.4375,6,0,0,0,0
8,100.0,7,0,0,0,0
8,101.5625,8,0,0,0,0
8,103.125,9,0,0,0,0
8,104.6875,10,0,0,0,0
8,106.25,11,0,0,0,0
8,107.8125,12,0,0,0,0
8,109.375,13,0,0,0,0
8,110.9375,14,0,0,0,0
8,112.5,15,0,0,0,0
8,114.0625,0,0,0,0,0
8,115.625,1,0,0,0,0
8,117.1875,2,0,0,0,0
8,118.75,3,0,0,0,0
8,120.3125,4,0,0,0,0
8,121.875,5,0,0,0,0
8,123.4375,6,0,0,0,0
8,125.0,7,0,0,0,0
8,126.5625,8,0,0,0,0
8,128.125,9,0,0,0,0
8,129.6875,10,0,0,0,0
8,131.25,11,0,0,0,0
8,132.8125,12,0,0,0,0
8,134.375,13,0,0,0,0
8,135.9375,14,0,0,0,0
8,137.5,15,0,0,0,0
8,139.0625,0,0,0,0,0
8,140.625,1,0,0,0,0
8,142.1875,2,0,0,0,0
8,143.75,3,0,0,0,0
8,145.3125,4,0,0,0,0
8,146.875,5,0,0,0,0
8,148.4375,6,0,0,0,0
8,150.0,7,0,0,0,0
8,151.5625,8,0,0,0,0
8,153.125,9,0,0,0,0
8,154.6875,10,0,0,0,0
8,156.25,11,0,0,0,0
8,157.8125,12,0,0,0,0
8,159.375,13,0,0,0,0
8,160.9375,14,0,0,0,0
8,162.5,15,0,0,0,0
8,164.0625,0,0,0,0,0
8,165.625,1,0,0,0,0
8,167.1875,2,0,0,0,0
8,168.75,3,0,0,0,0
8,170.3125,4,0,0,0,0
8,171.875,5,0,0,0,0
8,173.4375,6,0,0,0,0
8,175.0,7,0,0,0,0
8,176.5625,8,0,0,0,0
8,178.125,9,0,0,0,0
8,179.6875,10,0,0,0,0
8,181.25,11,0,0,0,0
8,182.8125,12,0,0,0,0
8,184.375,13,0,0,0,0
8,185.9375,14,0,0,0,0
8,187.5,15,0,0,0,0
8,189.0625,0,0,0,0,0
8,190.625,1,0,0,0,0
8,192.1875,2,0,0,0,0
8,193.75,3,0,0,0,0
8,195.3125,4,0,0,0,0
8,196.875,5,0,0,0,0
8,198.4375,6,0,0,0,0
8,200.0,7,0,0,0,0
8,201.5625,8,0,0,0,0
8,203.125,9,0,0,0,0
8,204.6875,10,0,0,0,0
8,206.25,11,0,0,0,0
8,207.8125,12,0,0,0,0
8,209.375,13,0,0,0,0
8,210.9375,14,0,0,0,0
8,212.5,15,0,0,0,0
8,214.0625,0,0,0,0,0
8,215.625,1,0,0,0,0
8,217.1875,2,0,0,0,0
8,218.75,3,0,0,0,0
8,220.3125,4,0,0,0,0
8,221.875,5,0,0,0,0
8,223.4375,6,0,0,0,0
8,225.0,7,0,0,0,0
8,226.5625,8,0,0,0,0
8,228.125,9,0,0,0,0
8,229.6875,10,0,0,0,0
8,231.25,11,0,0,0,0
8,232.8125,12,0,0,0,0
8,234.375,13,0,0,0,0
8,235.9375,14,0,0,0,0
8,237.5,15,0,0,0,0
8,239.0625,0,0,0,0,0
8,240.625,1,0,0,0,0
8,242.1875,2,0,0,0,0
8,243.75,3,0,0,0,0
8,245.3125,4,0,0,0,0
8,246.875,5,0,0,0,0
8,248.4375,6,0,0,0,0
8,250.0,7,0,0,0,0
8,251.5625,8,0,0,0,0
8,253.125,9,0,0,0,0
8,254.6875,10,0,0,0,0
8,256.25,11,0,0,0,0
8,257.8125,12,0,0,0,0
8,259.375,13,0,0,0,0
8,260.9375,14,0,0,0,0
8,262.5,15,0,0,0,0
8,264.0625,0,0,0,0,0
8,265.625,1,0,0,0,0
8,267.1875,2,0,0,0,0
8,268.75,3,0,0,0,0
8,270.3125,4,0,0,0,0
8,271.875,5,0,0,0,0
8,273.4375,6,0,0,0,0
9,0.0,7,0,0,0,0
9,1.5625,8,0,0,0,0
9,3.125,9,0,0,0,0
9,4.6875,10,0,0,0,0
9,6.25,11,0,0,0,0
9,7.8125,12,0,0,0,0
9,9.375,13,0,0,0,0
9,10.9375,14,0,0,0,0
9,12.5,15,0,0,0,0
9,14.0625,0,0,0,0,0
9,15.625,1,0,0,0,0
9,17.1875,2,0,0,0,0
9,18.75,3,0,0,0,0
9,20.3125,4,0,0,0,0
9,21.875,5,0,0,0,0
9,23.4375,6,0,0,0,0
9,25.0,7,0,0,0,0
9,26.5625,8,0,0,0,0
9,28.125,9,0,0,0,0
9,29.6875,10,0,0,0,0
9,31.25,11,0,0,0,0
9,32.8125,12,0,0,0,0
9,34.375,13,0,0,0,0
9,35.9375,14,0,0,0,0
9,37.5,15,0,0,0,0
9,39.0625,0,0,0,0,0
9,40.625,1,0,0,0,0
9,42.1875,2,0,0,0,0
9,43.75,3,0,0,0,0
9,45.3125,4,0,0,0,0
9,46.875,5,0,0,0,0
9,48.4375,6,0,0,0,0
9,50.0,7,0,0,0,0
9,51.5625,8,0,0,0,0
9,53.125,9,0,0,0,0
9,54.6875,10,0,0,0,0
9,56.25,11,0,0,0,0
9,57.8125,12,0,0,0,0
9,59.375,13,0,0,0,0
9,60.9375,14,0,0,0,0
9,62.5,15,0,0,0,0
9,64.0625,0,0,0,0,0
9,65.625,1,0,0,0,0
9,67.1875,2,0,0,0,0
9,68.75,3,0,0,0,0
9,70.3125,4,0,0,0,0
9,71.875,5,0,0,0,0
9,73.4375,6,0,0,0,0
9,75.0,7,0,0,0,0
9,76.5625,8,0,0,0,0
9,78.125,9,0,0,0,0
9,79.6875,10,0,0,0,0
9,81.25,11,0,0,0,0
9,82.8125,12,0,0,0,0
9,84.375,13,0,0,0,0
9,85.9375,14,0,0,0,0
9,87.5,15,0,0,0,0
9,89.0625,0,0,0,0,0
9,90.625,1,0,0,0,0
9,92.1875,2,0,0,0,0
9,93.75,3,0,0,0,0
9,95.3125,4,0,0,0,0
9,96.875,5,0,0,0,0
9,98.4375,6,0,0,0,0
9,100.0,7,0,0,0,0
9,101.5625,8,0,0,0,0
9,103.125,9,0,0,0,0
9,104.6875,10,0,0,0,0
9,106.25,11,0,0,0,0
9,107.8125,12,0,0,0,0
9,109.375,13,0,0,0,0
9,110.9375,14,0,0,0,0
9,112.5,15,0,0,0,0
9,114.0625,0,0,0,0,0
9,115.625,1,0,0,0,0
9,117.1875,2,0,0,0,0
9,118.75,3,0,0,0,0
9,120.3125,4,0,0,0,0
9,121.875,5,0,0,0,0
9,123.4375,6,0,0,0,0
9,125.0,7,0,0,0,0
9,126.5625,8,0,0,0,0
9,128.125,9,0,0,0,0
9,129.6875,10,0,0,0,0
9,131.25,11,0,0,0,0
9,132.8125,12,0,0,0,0
9,134.375,13,0,0,0,0
9,135.9375,14,0,0,0,0
9,137.5,15,0,0,0,0
9,139.0625,0,0,0,0,0
9,140.625,1,0,0,0,0
9,142.1875,2,0,0,0,0
9,143.75,3,0,0,0,0
9,145.3125,4,0,0,0,0
9,146.875,5,0,0,0,0
9,148.4375,6,0,0,0,0
9,150.0,7,0,0,0,0
9,151.5625,8,0,0,0,0
9,153.125,9,0,0,0,0
9,154.6875,10,0,0,0,0
9,156.25,11,0,0,0,0
9,157.8125,12,0,0,0,0
9,159.375,13,0,0,0,0
9,160.9375,14,0,0,0,0
9,162.5,15,0,0,0,0
9,164.0625,0,0,0,0,0
9,165.625,1,0,0,0,0
9,167.1875,2,0,0,0,0
9,168.75,3,0,0,0,0
9,170.3125,4,0,0,0,0
9,171.875,5,0,0,0,0
9,173.4375,6,0,0,0,0
9,175.0,7,0,0,0,0
9,176.5625,8,0,0,0,0
9,178.125,9,0,0,0,0
9,179.6875,10,0,0,0,0
9,181.25,11,0,0,0,0
9,182.8125,12,0,0,0,0
9,184.375,13,0,0,0,0
9,185.9375,14,0,0,0,0
9,187.5,15,0,0,0,0
9,189.0625,0,0,0,0,0
9,190.625,1,0,0,0,0
9,192.1875,2,0,0,0,0
9,193.75,3,0,0,0,0
9,195.3125,4,0,0,0,0
9,196.875,5,0,0,0,0
9,198.4375,6,0,0,0,0
9,200.0,7,0,0,0,0
9,201.5625,8,0,0,0,0
9,203.125,9,0,0,0,0
9,204.6875,10,0,0,0,0
9,206.25,11,0,0,0,0
9,207.8125,12,0,0,0,0
9,209.375,13,0,0,0,0
9,210.9375,14,0,0,0,0
9,212.5,15,0,0,0,0
9,214.0625,0,0,0,0,0
9,215.625,1,0,0,0,0
9,217.1875,2,0,0,0,0
9,218.75,3,0,0,0,0
9,220.3125,4,0,0,0,0
9,221.875,5,0,0,0,0
9,223.4375,6,0,0,0,0
9,225.0,7,0,0,0,0
9,226.5625,8,0,0,0,0
9,228.125,9,0,0,0,0
9,229.6875,10,0,0,0,0
9,231.25,11,0,0,0,0
9,232.8125,12,0,0,0,0
9,234.375,13,0,0,0,0
9,235.9375,14,0,0,0,0
9,237.5,15,0,0,0,0
9,239.0625,0,0,0,0,0
9,240.625,1,0,0,0,0
9,242.1875,2,0,0,0,0
9,243.75,3,0,0,0,0
9,245.3125,4,0,0,0,0
9,246.875,5,0,0,0,0
9,248.4375,6,0,0,0,0
9,250.0,7,0,0,0,0
9,251.5625,8,0,0,0,0
9,253.125,9,0,0,0,0
9,254.6875,10,0,0,0,0
9,256.25,11,0,0,0,0
9,257.8125,12,0,0,0,0
9,259.375,13,0,0,0,0
9,260.9375,14,0,0,0,0
9,262.5,15,0,0,0,0
9,264.0625,0,0,0,0,0
9,265.625,1,0,0,0,0
9,267.1875,2,0,0,0,0
9,268.75,3,0,0,0,0
9,270.3125,4,0,0,0,0
9,271.875,5,0,0,0,0
9,273.4375,6,0,0,0,0
10,0.0,7,0,0,0,0
10,1.5625,8,0,0,0,0
10,3.125,9,0,0,0,0
10,4.6875,10,0,0,0,0
10,6.25,11,0,0,0,0
10,7.8125,12,0,0,0,0
10,9.375,13,0,0,0,0
10,10.9375,14,0,0,0,0
10,12.5,15,0,0,0,0
10,14.0625,0,0,0,0,0
10,15.625,1,0,0,0,0
10,17.1875,2,0,0,0,0
10,18.75,3,0,0,0,0
10,20.3125,4,0,0,0,0
10,21.875,5,0,0,0,0
10,23.4375,6,0,0,0,0
10,25.0,7,0,0,0,0
10,26.5625,8,0,0,0,0
10,28.125,9,0,0,0,0
10,29.6875,10,0,0,0,0
10,31.25,11,0,0,0,0
10,32.8125,12,0,0,0,0
10,34.375,13,0,0,0,0
10,35.9375,14,0,0,0,0
10,37.5,15,0,0,0,0
10,39.0625,0,0,0,0,0
10,40.625,1,0,0,0,0
10,42.1875,2,0,0,0,0
10,43.75,3,0,0,0,0
10,45.3125,4,0,0,0,0
10,46.875,5,0,0,0,0
10,48.4375,6,0,0,0,0
10,50.0,7,0,0,0,0
10,51.5625,8,0,0,0,0
10,53.125,9,0,0,0,0
10,54.6875,10,0,0,0,0
10,56.25,11,0,0,0,0
10,57.8125,12,0,0,0,0
10,59.375,13,0,0,0,0
10,60.9375,14,0,0,0,0
10,62.5,15,0,0,0,0
10,64.0625,0,0,0,0,0
10,65.625,1,0,0,0,0
10,67.1875,2,0,0,0,0
10,68.75,3,0,0,0,0
10,70.3125,4,0,0,0,0
10,71.875,5,0,0,0,0
10,73.4375,6,0,0,0,0
10,75.0,7,0,0,0,0
10,76.5625,8,0,0,0,0
10,78.125,9,0,0,0,0
10,79.6875,10,0,0,0,0
10,81.25,11,0,0,0,0
10,82.8125,12,0,0,0,0
10,84.375,13,0,0,0,0
10,85.9375,14,0,0,0,0
10,87.5,15,0,0,0,0
10,89.0625,0,0,0,0,0
10,90.625,1,0,0,0,0
10,92.1875,2,0,0,0,0
10,93.75,3,0,0,0,0
10,95.3125,4,0,0,0,0
10,96.875,5,0,0,0,0
10,98.4375,6,0,0,0,0
10,100.0,7,0,0,0,0
10,101.5625,8,0,0,0,0
10,103.125,9,0,0,0,0
10,104.6875,10,0,0,0,0
10,106.25,11,0,0,0,0
10,107.8125,12,0,0,0,0
10,109.375,13,0,0,0,0
10,110.9375,14,0,0,0,0
10,112.5,15,0,0,0,0
10,114.0625,0,0,0,0,0
10,115.625,1,0,0,0,0
10,117.1875,2,0,0,0,0
10,118.75,3,0,0,0,0
10,120.3125,4,0,0,0,0
10,121.875,5,0,0,0,0
10,123.4375,6,0,0,0,0
10,125.0,7,0,0,0,0
10,126.5625,8,0,0,0,0
10,128.125,9,0,0,0,0
10,129.6875,10,0,0,0,0
10,131.25,11,0,0,0,0
10,132.8125,12,0,0,0,0
10,134.375,13,0,0,0,0
10,135.9375,14,0,0,0,0
10,137.5,15,0,0,0,0
10,139.0625,0,0,0,0,0
10,140.625,1,0,0,0,0
10,142.1875,2,0,0,0,0
10,143.75,3,0,0,0,0
10,145.3125,4,0,0,0,0
10,146.875,5,0,0,0,0
10,148.4375,6,0,0,0,0
10,150.0,7,0,0,0,0
10,151.5625,8,0,0,0,0
10,153.125,9,0,0,0,0
10,154.6875,10,0,0,0,0
10,156.25,11,0,0,0,0
10,157.8125,12,0,0,0,0
10,159.375,13,0,0,0,0
10,160.9375,14,0,0,0,0
10,162.5,15,0,0,0,0
10,164.0625,0,0,0,0,0
10,165.625,1,0,0,0,0
10,167.1875,2,0,0,0,0
10,168.75,3,0,0,0,0
10,170.3125,4,0,0,0,0
10,171.875,5,0,0,0,0
10,173.4375,6,0,0,0,0
10,175.0,7,0,0,0,0
10,176.5625,8,0,0,0,0
10,178.125,9,0,0,0,0
10,179.6875,10,0,0,0,0
10,181.25,11,0,0,0,0
10,182.8125,12,0,0,0,0
10,184.375,13,0,0,0,0
10,185.9375,14,0,0,0,0
10,187.5,15,0,0,0,0
10,189.0625,0,0,0,0,0
10,190.625,1,0,0,0,0
10,192.1875,2,0,0,0,0
10,193.75,3,0,0,0,0
10,195.3125,4,0,0,0,0
10,196.875,5,0,0,0,0
10,198.4375,6,0,0,0,0
10,200.0,7,0,0,0,0
10,201.5625,8,0,0,0,0
10,203.125,9,0,0,0,0
10,204.6875,10,0,0,0,0
10,206.25,11,0,0,0,0
10,207.8125,12,0,0,0,0
10,209.375,13,0,0,0,0
10,210.9375,14,0,0,0,0
10,212.5,15,0,0,0,0
10,214.0625,0,0,0,0,0
10,215.625,1,0,0,0,0
10,217.1875,2,0,0,0,0
10,218.75,3,0,0,0,0
10,220.3125,4,0,0,0,0
10,221.875,5,0,0,0,0
10,223.4375,6,0,0,0,0
10,225.0,7,0,0,0,0
10,226.5625,8,0,0,0,0
10,228.125,9,0,0,0,0
10,229.6875,10,0,0,0,0
10,231.25,11,0,0,0,0
10,232.8125,12,0,0,0,0
10,234.375,13,0,0,0,0
10,235.9375,14,0,0,0,0
10,237.5,15,0,0,0,0
10,239.0625,0,0,0,0,0
10,240.625,1,0,0,0,0
10,242.1875,2,0,0,0,0
10,243.75,3,0,0,0,0
10,245.3125,4,0,0,0,0
10,246.875,5,0,0,0,0
10,248.4375,6,0,0,0,0
10,250.0,7,0,0,0,0
10,251.5625,8,0,0,0,0
10,253.125,9,0,0,0,0
10,254.6875,10,0,0,0,0
10,256.25,11,0,0,0,0
10,257.8125,12,0,0,0,0
10,259.375,13,0,0,0,0
10,260.9375,14,0,0,0,0
10,262.5,15,0,0,0,0
10,264.0625,0,0,0,0,0
10,265.625,1,0,0,0,0
10,267.1875,2,0,0,0,0
10,268.75,3,0,0,0,0
10,270.3125,4,0,0,0,0
10,271.875,5,0,0,0,0
10,273.4375,6,0,0,0,0
11,0.0,7,0,0,0,0
11,1.5625,8,0,0,0,0
11,3.125,9,0,0,0,0
11,4.6875,10,0,0,0,0
11,6.25,11,0,0,0,0
11,7.8125,12,0,0,0,0
11,9.375,13,0,0,0,0
11,10.9375,14,0,0,0,0
11,12.5,15,0,0,0,0
11,14.0625,0,0,0,0,0
11,15.625,1,0,0,0,0
11,17.1875,2,0,0,0,0
11,18.75,3,0,0,0,0
11,20.3125,4,0,0,0,0
11,21.875,5,0,0,0,0
11,23.4375,6,0,0,0,0
11,25.0,7,0,0,0,0
11,26.5625,8,0,0,0,0
11,28.125,9,0,0,0,0
11,29.6875,10,0,0,0,0
11,31.25,11,0,0,0,0
11,32.8125,12,0,0,0,0
11,34.375,13,0,0,0,0
11,35.9375,14,0,0,0,0
11,37.5,15,0,0,0,0
11,39.0625,0,0,0,0,0
11,40.625,1,0,0,0,0
11,42.1875,2,0,0,0,0
11,43.75,3,0,0,0,0
11,45.3125,4,0,0,0,0
11,46.875,5,0,0,0,0
11,48.4375,6,0,0,0,0
11,50.0,7,0,0,0,0
11,51.5625,8,0,0,0,0
11,53.125,9,0,0,0,0
11,54.6875,10,0,0,0,0
11,56.25,11,0,0,0,0
11,57.8125,12,0,0,0,0
11,59.375,13,0,0,0,0
11,60.9375,14,0,0,0,0
11,62.5,15,0,0,0,0
11,64.0625,0,0,0,0,0
11,65.625,1,0,0,0,0
11,67.1875,2,0,0,0,0
11,68.75,3,0,0,0,0
11,70.3125,4,0,0,0,0
11,71.875,5,0,0,0,0
11,73.4375,6,0,0,0,0
11,75.0,7,0,0,0,0
11,76.5625,8,0,0,0,0
11,78.125,9,0,0,0,0
11,79.6875,10,0,0,0,0
11,81.25,11,0,0,0,0
11,82.8125,12,0,0,0,0
11,84.375,13,0,0,0,0
11,85.9375,14,0,0,0,0
11,87.5,15,0,0,0,0
11,89.0625,0,0,0,0,0
11,90.625,1,0,0,0,0
11,92.1875,2,0,0,0,0
11,93.75,3,0,0,0,0
11,95.3125,4,0,0,0,0
11,96.875,5,0,0,0,0
11,98.4375,6,0,0,0,0
11,100.0,7,0,0,0,0
11,101.5625,8,0,0,0,0
11,103.125,9,0,0,0,0
11,104.6875,10,0,0,0,0
11,106.25,11,0,0,0,0
11,107.8125,12,0,0,0,0
11,109.375,13,0,0,0,0
11,110.9375,14,0,0,0,0
11,112.5,15,0,0,0,0
11,114.0625,0,0,0,0,0
11,115.625,1,0,0,0,0
11,117.1875,2,0,0,0,0
11,118.75,3,0,0,0,0
11,120.3125,4,0,0,0,0
11,121.875,5,0,0,0,0
11,123.4375,6,0,0,0,0
11,125.0,7,0,0,0,0
11,126.5625,8,0,0,0,0
11,128.125,9,0,0,0,0
11,129.6875,10,0,0,0,0
11,131.25,11,0,0,0,0
11,132.8125,12,0,0,0,0
11,134.375,13,0,0,0,0
11,135.9375,14,0,0,0,0
11,137.5,15,0,0,0,0
11,139.0625,0,0,0,0,0
11,140.625,1,0,0,0,0
11,142.1875,2,0,0,0,0
11,143.75,3,0,0,0,0
11,145.3125,4,0,0,0,0
11,146.875,5,0,0,0,0
11,148.4375,6,0,0,0,0
11,150.0,7,0,0,0,0
11,151.5625,8,0,0,0,0
11,153.125,9,0,0,0,0
11,154.6875,10,0,0,0,0
11,156.25,11,0,0,0,0
11,157.8125,12,0,0,0,0
11,159.375,13,0,0,0,0
11,160.9375,14,0,0,0,0
11,162.5,15,0,0,0,0
11,164.0625,0,0,0,0,0
11,165.625,1,0,0,0,0
11,167.1875,2,0,0,0,0
11,168.75,3,0,0,0,0
11,170.3125,4,0,0,0,0
11,171.875,5,0,0,0,0
11,173.4375,6,0,0,0,0
11,175.0,7,0,0,0,0
11,176.5625,8,0,0,0,0
11,178.125,9,0,0,0,0
11,179.6875,10,0,0,0,0
11,181.25,11,0,0,0,0
11,182.8125,12,0,0,0,0
11,184.375,13,0,0,0,0
11,185.9375,14,0,0,0,0
11,187.5,15,0,0,0,0
11,189.0625,0,0,0,0,0
11,190.625,1,0,0,0,0
11,192.1875,2,0,0,0,0
11,193.75,3,0,0,0,0
11,195.3125,4,0,0,0,0
11,196.875,5,0,0,0,0
11,198.4375,6,0,0,0,0
11,200.0,7,0,0,0,0
11,201.5625,8,0,0,0,0
11,203.125,9,0,0,0,0
11,204.6875,10,0,0,0,0
11,206.25,11,0,0,0,0
11,207.8125,12,0,0,0,0
11,209.375,13,0,0,0,0
11,210.9375,14,0,0,0,0
11,212.5,15,0,0,0,0
11,214.0625,0,0,0,0,0
11,215.625,1,0,0,0,0
11,217.1875,2,0,0,0,0
11,218.75,3,0,0,0,0
11,220.3125,4,0,0,0,0
11,221.875,5,0,0,0,0
11,223.4375,6,0,0,0,0
11,225.0,7,0,0,0,0
11,226.5625,8,0,0,0,0
11,228.125,9,0,0,0,0
11,229.6875,10,0,0,0,0
11,231.25,11,0,0,0,0
11,232.8125,12,0,0,0,0
11,234.375,13,0,0,0,0
11,235.9375,14,0,0,0,0
11,237.5,15,0,0,0,0
11,239.0625,0,0,0,0,0
11,240.625,1,0,0,0,0
11,242.1875,2,0,0,0,0
11,243.75,3,0,0,0,0
11,245.3125,4,0,0,0,0
11,246.875,5,0,0,0,0
11,248.4375,6,0,0,0,0
11,250.0,7,0,0,0,0
11,251.5625,8,0,0,0,0
11,253.125,9,0,0,0,0
11,254.6875,10,0,0,0,0
11,256.25,11,0,0,0,0
11,257.8125,12,0,0,0,0
11,259.375,13,0,0,0,0
11,260.9375,14,0,0,0,0
11,262.5,15,0,0,0,0
11,264.0625,0,0,0,0,0
11,265.625,1,0,0,0,0
11,267.1875,2,0,0,0,0
11,268.75,3,0,0,0,0
11,270.3125,4,0,0,0,0
11,271.875,5,0,0,0,0
11,273.4375,6,0,0,0,0
12,0.0,7,0,0,0,0
12,1.5625,8,0,0,0,0
12,3.125,9,0,0,0,0
12,4.6875,10,0,0,0,0
12,6.25,11,0,0,0,0
12,7.8125,12,0,0,0,0
12,9.375,13,0,0,0,0
12,10.9375,14,0,0,0,0
12,12.5,15,0,0,0,0
12,14.0625,0,0,0,0,0
12,15.625,1,0,0,0,0
12,17.1875,2,0,0,0,0
12,18.75,3,0,0,0,0
12,20.3125,4,0,0,0,0
12,21.875,5,0,0,0,0
12,23.4375,6,0,0,0,0
12,25.0,7,0,0,0,0
12,26.5625,8,0,0,0,0
12,28.125,9,0,0,0,0
12,29.6875,10,0,0,0,0
12,31.25,11,0,0,0,0
12,32.8125,12,0,0,0,0
12,34.375,13,0,0,0,0
12,35.9375,14,0,0,0,0
12,37.5,15,0,0,0,0
12,39.0625,0,0,0,0,0
12,40.625,1,0,0,0,0
12,42.1875,2,0,0,0,0
12,43.75,3,0,0,0,0
12,45.3125,4,0,0,0,0
12,46.875,5,0,0,0,0
12,48.4375,6,0,0,0,0
12,50.0,7,0,0,0,0
12,51.5625,8,0,0,0,0
12,53.125,9,0,0,0,0
12,54.6875,10,0,0,0,0
12,56.25,11,0,0,0,0
12,57.8125,12,0,0,0,0
12,59.375,13,0,0,0,0
12,60.9375,14,0,0,0,0
12,62.5,15,0,0,0,0
12,64.0625,0,0,0,0,0
12,65.625,1,0,0,0,0
12,67.1875,2,0,0,0,0
12,68.75,3,0,0,0,0
12,70.3125,4,0,0,0,0
12,71.875,5,0,0,0,0
12,73.4375,6,0,0,0,0
12,75.0,7,0,0,0,0
12,76.5625,8,0,0,0,0
12,78.125,9,0,0,0,0
12,79.6875,10,0,0,0,0
12,81.25,11,0,0,0,0
12,82.8125,12,0,0,0,0
12,84.375,13,0,0,0,0
12,85.9375,14,0,0,0,0
12,87.5,15,0,0,0,0
12,89.0625,0,0,0,0,0
12,90.625,1,0,0,0,0
12,92.1875,2,0,0,0,0
12,93.75,3,0,0,0,0
12,95.3125,4,0,0,0,0
12,96.875,5,0,0,0,0
12,98.4375,6,0,0,0,0
12,100.0,7,0,0,0,0
12,101.5625,8,0,0,0,0
12,103.125,9,0,0,0,0
12,104.6875,10,0,0,0,0
12,106.25,11,0,0,0,0
12,107.8125,12,0,0,0,0
12,109.375,13,0,0,0,0
12,110.9375,14,0,0,0,0
12,112.5,15,0,0,0,0
12,114.0625,0,0,0,0,0
12,115.625,1,0,0,0,0
12,117.1875,2,0,0,0,0
12,118.75,3,0,0,0,0
12,120.3125,4,0,0,0,0
12,121.875,5,0,0,0,0
12,123.4375,6,0,0,0,0
12,125.0,7,0,0,0,0
12,126.5625,8,0,0,0,0
12,128.125,9,0,0,0,0
12,129.6875,10,0,0,0,0
12,131.25,11,0,0,0,0
12,132.8125,12,0,0,0,0
12,134.375,13,0,0,0,0
12,135.9375,14,0,0,0,0
12,137.5,15,0,0,0,0
12,139.0625,0,0,0,0,0
12,140.625,1,0,0,0,0
12,142.1875,2,0,0,0,0
12,143.75,3,0,0,0,0
12,145.3125,4,0,0,0,0
12,146.875,5,0,0,0,0
12,148.4375,6,0,0,0,0
12,150.0,7,0,0,0,0
12,151.5625,8,0,0,0,0
12,153.125,9,0,0,0,0
12,154.6875,10,0,0,0,0
12,156.25,11,0,0,0,0
12,157.8125,12,0,0,0,0
12,159.375,13,0,0,0,0
12,160.9375,14,0,0,0,0
12,162.5,15,0,0,0,0
12,164.0625,0,0,0,0,0
12,165.625,1,0,0,0,0
12,167.1875,2,0,0,0,0
12,168.75,3,0,0,0,0
12,170.3125,4,0,0,0,0
12,171.875,5,0,0,0,0
12,173.4375,6,0,0,0,0
12,175.0,7,0,0,0,0
12,176.5625,8,0,0,0,0
12,178.125,9,0,0,0,0
12,179.6875,10,0,0,0,0
12,181.25,11,0,0,0,0
12,182.8125,12,0,0,0,0
12,184.375,13,0,0,0,0
12,185.9375,14,0,0,0,0
12,187.5,15,0,0,0,0
12,189.0625,0,0,0,0,0
12,190.625,1,0,0,0,0
12,192.1875,2,0,0,0,0
12,193.75,3,0,0,0,0
12,195.3125,4,0,0,0,0
12,196.875,5,0,0,0,0
12,198.4375,6,0,0,0,0
12,200.0,7,0,0,0,0
12,201.5625,8,0,0,0,0
12,203.125,9,0,0,0,0
12,204.6875,10,0,0,0,0
12,206.25,11,0,0,0,0
12,207.8125,12,0,0,0,0
12,209.375,13,0,0,0,0
12,210.9375,14,0,0,0,0
12,212.5,15,0,0,0,0
12,214.0625,0,0,0,0,0
12,215.625,1,0,0,0,0
12,217.1875,2,0,0,0,0
12,218.75,3,0,0,0,0
12,220.3125,4,0,0,0,0
12,221.875,5,0,0,0,0
12,223.4375,6,0,0,0,0
12,225.0,7,0,0,0,0
12,226.5625,8,0,0,0,0
12,228.125,9,0,0,0,0
12,229.6875,10,0,0,0,0
12,231.25,11,0,0,0,0
12,232.8125,12,0,0,0,0
12,234.375,13,0,0,0,0
12,235.9375,14,0,0,0,0
12,237.5,15,0,0,0,0
12,239.0625,0,0,0,0,0
12,240.625,1,0,0,0,0
12,242.1875,2,0,0,0,0
12,243.75,3,0,0,0,0
12,245.3125,4,0,0,0,0
12,246.875,5,0,0,0,0
12,248.4375,6,0,0,0,0
12,250.0,7,0,0,0,0
12,251.5625,8,0,0,0,0
12,253.125,9,0,0,0,0
12,254.6875,10,0,0,0,0
12,256.25,11,0,0,0,0
12,257.8125,12,0,0,0,0
12,259.375,13,0,0,0,0
12,260.9375,14,0,0,0,0
12,262.5,15,0,0,0,0
12,264.0625,0,0,0,0,0
12,265.625,1,0,0,0,0
12,267.1875,2,0,0,0,0
12,268.75,3,0,0,0,0
12,270.3125,4,0,0,0,0
12,271.875,5,0,0,0,0
12,273.4375,6,0,0,0,0
13,0.0,7,0,0,0,0
13,1.5625,8,0,0,0,0
13,3.125,9,0,0,0,0
13,4.6875,10,0,0,0,0
13,6.25,11,0,0,0,0
13,7.8125,12,0,0,0,0
13,9.375,13,0,0,0,0
13,10.9375,14,0,0,0,0
13,12.5,15,0,0,0,0
13,14.0625,0,0,0,0,0
13,15.625,1,0,0,0,0
13,17.1875,2,0,0,0,0
13,18.75,3,0,0,0,0
13,20.3125,4,0,0,0,0
13,21.875,5,0,0,0,0
13,23.4375,6,0,0,0,0
13,25.0,7,0,0,0,0
13,26.5625,8,0,0,0,0
13,28.125,9,0,0,0,0
13,29.6875,10,0,0,0,0
13,31.25,11,0,0,0,0
13,32.8125,12,0,0,0,0
13,34.375,13,0,0,0,0
13,35.9375,14,0,0,0,0
13,37.5,15,0,0,0,0
13,39.0625,0,0,0,0,0
13,40.625,1,0,0,0,0
13,42.1875,2,0,0,0,0
13,43.75,3,0,0,0,0
13,45.3125,4,0,0,0,0
13,46.875,5,0,0,0,0
13,48.4375,6,0,0,0,0
13,50.0,7,0,0,0,0
13,51.5625,8,0,0,0,0
13,53.125,9,0,0,0,0
13,54.6875,10,0,0,0,0
13,56.25,11,0,0,0,0
13,57.8125,12,0,0,0,0
13,59.375,13,0,0,0,0
13,60.9375,14,0,0,0,0
13,62.5,15,0,0,0,0
13,64.0625,0,0,0,0,0
13,65.625,1,0,0,0,0
13,67.1875,2,0,0,0,0
13,68.75,3,0,0,0,0
13,70.3125,4,0,0,0,0
13,71.875,5,0,0,0,0
13,73.4375,6,0,0,0,0
13,75.0,7,0,0,0,0
13,76.5625,8,0,0,0,0
13,78.125,9,0,0,0,0
13,79.6875,10,0,0,0,0
13,81.25,11,0,0,0,0
13,82.8125,12,0,0,0,0
13,84.375,13,0,0,0,0
13,85.9375,14,0,0,0,0
13,87.5,15,0,0,0,0
13,89.0625,0,0,0,0,0
13,90.625,1,0,0,0,0
13,92.1875,2,0,0,0,0
13,93.75,3,0,0,0,0
13,95.3125,4,0,0,0,0
13,96.875,5,0,0,0,0
13,98.4375,6,0,0,0,0
13,100.0,7,0,0,0,0
13,101.5625,8,0,0,0,0
13,103.125,9,0,0,0,0
13,104.6875,10,0,0,0,0
13,106.25,11,0,0,0,0
13,107.8125,12,0,0,0,0
13,109.375,13,0,0,0,0
13,110.9375,14,0,0,0,0
13,112.5,15,0,0,0,0
13,114.0625,0,0,0,0,0
13,115.625,1,0,0,0,0
13,117.1875,2,0,0,0,0
13,118.75,3,0,0,0,0
13,120.3125,4,0,0,0,0
13,121.875,5,0,0,0,0
13,123.4375,6,0,0,0,0
13,125.0,7,0,0,0,0
13,126.5625,8,0,0,0,0
13,128.125,9,0,0,0,0
13,129.6875,10,0,0,0,0
13,131.25,11,0,0,0,0
13,132.8125,12,0,0,0,0
13,134.375,13,0,0,0,0
13,135.9375,14,0,0,0,0
13,137.5,15,0,0,0,0
13,139.0625,0,0,0,0,0
13,140.625,1,0,0,0,0
13,142.1875,2,0,0,0,0
13,143.75,3,0,0,0,0
13,145.3125,4,0,0,0,0
13,146.875,5,0,0,0,0
13,148.4375,6,0,0,0,0
13,150.0,7,0,0,0,0
13,151.5625,8,0,0,0,0
13,153.125,9,0,0,0,0
13,154.6875,10,0,0,0,0
13,156.25,11,0,0,0,0
13,157.8125,12,0,0,0,0
13,159.375,13,0,0,0,0
13,160.9375,14,0,0,0,0
13,162.5,15,0,0,0,0
13,164.0625,0,0,0,0,0
13,165.625,1,0,0,0,0
13,167.1875,2,0,0,0,0
13,168.75,3,0,0,0,0
13,170.3125,4,0,0,0,0
13,171.875,5,0,0,0,0
13,173.4375,6,0,0,0,0
13,175.0,7,0,0,0,0
13,176.5625,8,0,0,0,0
13,178.125,9,0,0,0,0
13,179.6875,10,0,0,0,0
13,181.25,11,0,0,0,0
13,182.8125,12,0,0,0,0
13,184.375,13,0,0,0,0
13,185.9375,14,0,0,0,0
13,187.5,15,0,0,0,0
13,189.0625,0,0,0,0,0
13,190.625,1,0,0,0,0
13,192.1875,2,0,0,0,0
13,193.75,3,0,0,0,0
13,195.3125,4,0,0,0,0
13,196.875,5,0,0,0,0
13,198.4375,6,0,0,0,0
13,200.0,7,0,0,0,0
13,201.5625,8,0,0,0,0
13,203.125,9,0,0,0,0
13,204.6875,10,0,0,0,0
13,206.25,11,0,0,0,0
13,207.8125,12,0,0,0,0
13,209.375,13,0,0,0,0
13,210.9375,14,0,0,0,0
13,212.5,15,0,0,0,0
13,214.0625,0,0,0,0,0
13,215.625,1,0,0,0,0
13,217.1875,2,0,0,0,0
13,218.75,3,0,0,0,0
13,220.3125,4,0,0,0,0
13,221.875,5,0,0,0,0
13,223.4375,6,0,0,0,0
13,225.0,7,0,0,0,0
13,226.5625,8,0,0,0,0
13,228.125,9,0,0,0,0
13,229.6875,10,0,0,0,0
13,231.25,11,0,0,0,0
13,232.8125,12,0,0,0,0
13,234.375,13,0,0,0,0
13,235.9375,14,0,0,0,0
13,237.5,15,0,0,0,0
13,239.0625,0,0,0,0,0
13,240.625,1,0,0,0,0
13,242.1875,2,0,0,0,0
13,243.75,3,0,0,0,0
13,245.3125,4,0,0,0,0
13,246.875,5,0,0,0,0
13,248.4375,6,0,0,0,0
13,250.0,7,0,0,0,0
13,251.5625,8,0,0,0,0
13,253.125,9,0,0,0,0
13,254.6875,10,0,0,0,0
13,256.25,11,0,0,0,0
13,257.8125,12,0,0,0,0
13,259.375,13,0,0,0,0
13,260.9375,14,0,0,0,0
13,262.5,15,0,0,0,0
13,264.0625,0,0,0,0,0
13,265.625,1,0,0,0,0
13,267.1875,2,0,0,0,0
13,268.75,3,0,0,0,0
13,270.3125,4,0,0,0,0
13,271.875,5,0,0,0,0
13,273.4375,6,0,0,0,0
14,0.0,7,0,0,0,0
14,1.5625,8,0,0,0,0
14,3.125,9,0,0,0,0
14,4.6875,10,0,0,0,0
14,6.25,11,0,0,0,0
14,7.8125,12,0,0,0,0
14,9.375,13,0,0,0,0
14,10.9375,14,0,0,0,0
14,12.5,15,0,0,0,0
14,14.0625,0,0,0,0,0
14,15.625,1,0,0,0,0
14,17.1875,2,0,0,0,0
14,18.75,3,0,0,0,0
14,20.3125,4,0,0,0,0
14,21.875,5,0,0,0,0
14,23.4375,6,0,0,0,0
14,25.0,7,0,0,0,0
14,26.5625,8,0,0,0,0
14,28.125,9,0,0,0,0
14,29.6875,10,0,0,0,0
14,31.25,11,0,0,0,0
14,32.8125,12,0,0,0,0
14,34.375,13,0,0,0,0
14,35.9375,14,0,0,0,0
14,37.5,15,0,0,0,0
14,39.0625,0,0,0,0,0
14,40.625,1,0,0,0,0
14,42.1875,2,0,0,0,0
14,43.75,3,0,0,0,0
14,45.3125,4,0,0,0,0
14,46.875,5,0,0,0,0
14,48.4375,6,0,0,0,0
14,50.0,7,0,0,0,0
14,51.5625,8,0,0,0,0
14,53.125,9,0,0,0,0
14,54.6875,10,0,0,0,0
14,56.25,11,0,0,0,0
14,57.8125,12,0,0,0,0
14,59.375,13,0,0,0,0
14,60.9375,14,0,0,0,0
14,62.5,15,0,0,0,0
14,64.0625,0,0,0,0,0
14,65.625,1,0,0,0,0
14,67.1875,2,0,0,0,0
14,68.75,3,0,0,0,0
14,70.3125,4,0,0,0,0
14,71.875,5,0,0,0,0
14,73.4375,6,0,0,0,0
14,75.0,7,0,0,0,0
14,76.5625,8,0,0,0,0
14,78.125,9,0,0,0,0
14,79.6875,10,0,0,0,0
14,81.25,11,0,0,0,0
14,82.8125,12,0,0,0,0
14,84.375,13,0,0,0,0
14,85.9375,14,0,0,0,0
14,87.5,15,0,0,0,0
14,89.0625,0,0,0,0,0
14,90.625,1,0,0,0,0
14,92.1875,2,0,0,0,0
14,93.75,3,0,0,0,0
14,95.3125,4,0,0,0,0
14,96.875,5,0,0,0,0
14,98.4375,6,0,0,0,0
14,100.0,7,0,0,0,0
14,101.5625,8,0,0,0,0
14,103.125,9,0,0,0,0
14,104.6875,10,0,0,0,0
14,106.25,11,0,0,0,0
14,107.8125,12,0,0,0,0
14,109.375,13,0,0,0,0
14,110.9375,14,0,0,0,0
14,112.5,15,0,0,0,0
14,114.0625,0,0,0,0,0
14,115.625,1,0,0,0,0
14,117.1875,2,0,0,0,0
14,118.75,3,0,0,0,0
14,120.3125,4,0,0,0,0
14,121.875,5,0,0,0,0
14,123.4375,6,0,0,0,0
14,125.0,7,0,0,0,0
14,126.5625,8,0,0,0,0
14,128.125,9,0,0,0,0
14,129.6875,10,0,0,0,0
14,131.25,11,0,0,0,0
14,132.8125,12,0,0,0,0
14,134.375,13,0,0,0,0
14,135.9375,14,0,0,0,0
14,137.5,15,0,0,0,0
14,139.0625,0,0,0,0,0
14,140.625,1,0,0,0,0
14,142.1875,2,0,0,0,0
14,143.75,3,0,0,0,0
14,145.3125,4,0,0,0,0
14,146.875,5,0,0,0,0
14,148.4375,6,0,0,0,0
14,150.0,7,0,0,0,0
14,151.5625,8,0,0,0,0
14,153.125,9,0,0,0,0
14,154.6875,10,0,0,0,0
14,156.25,11,0,0,0,0
14,157.8125,12,0,0,0,0
14,159.375,13,0,0,0,0
14,160.9375,14,0,0,0,0
14,162.5,15,0,0,0,0
14,164.0625,0,0,0,0,0
14,165.625,1,0,0,0,0
14,167.1875,2,0,0,0,0
14,168.75,3,0,0,0,0
14,170.3125,4,0,0,0,0
14,171.875,5,0,0,0,0
14,173.4375,6,0,0,0,0
14,175.0,7,0,0,0,0
14,176.5625,8,0,0,0,0
14,178.125,9,0,0,0,0
14,179.6875,10,0,0,0,0
14,181.25,11,0,0,0,0
14,182.8125,12,0,0,0,0
14,184.375,13,0,0,0,0
14,185.9375,14,0,0,0,0
14,187.5,15,0,0,0,0
14,189.0625,0,0,0,0,0
14,190.625,1,0,0,0,0
14,192.1875,2,0,0,0,0
14,193.75,3,0,0,0,0
14,195.3125,4,0,0,0,0
14,196.875,5,0,0,0,0
14,198.4375,6,0,0,0,0
14,200.0,7,0,0,0,0
14,201.5625,8,0,0,0,0
14,203.125,9,0,0,0,0
14,204.6875,10,0,0,0,0
14,206.25,11,0,0,0,0
14,207.8125,12,0,0,0,0
14,209.375,13,0,0,0,0
14,210.9375,14,0,0,0,0
14,212.5,15,0,0,0,0
14,214.0625,0,0,0,0,0
14,215.625,1,0,0,0,0
14,217.1875,2,0,0,0,0
14,218.75,3,0,0,0,0
14,220.3125,4,0,0,0,0
14,221.875,5,0,0,0,0
14,223.4375,6,0,0,0,0
14,225.0,7,0,0,0,0
14,226.5625,8,0,0,0,0
14,228.125,9,0,0,0,0
14,229.6875,10,0,0,0,0
14,231.25,11,0,0,0,0
14,232.8125,12,0,0,0,0
14,234.375,13,0,0,0,0
14,235.9375,14,0,0,0,0
14,237.5,15,0,0,0,0
14,239.0625,0,0,0,0,0
14,240.625,1,0,0,0,0
14,242.1875,2,0,0,0,0
14,243.75,3,0,0,0,0
14,245.3125,4,0,0,0,0
14,246.875,5,0,0,0,0
14,248.4375,6,0,0,0,0
14,250.0,7,0,0,0,0
14,251.5625,8,0,0,0,0
14,253.125,9,0,0,0,0
14,254.6875,10,0,0,0,0
14,256.25,11,0,0,0,0
14,257.8125,12,0,0,0,0
14,259.375,13,0,0,0,0
14,260.9375,14,0,0,0,0
14,262.5,15,0,0,0,0
14,264.0625,0,0,0,0,0
14,265.625,1,0,0,0,0
14,267.1875,2,0,0,0,0
14,268.75,3,0,0,0,0
14,270.3125,4,0,0,0,0
14,271.875,5,0,0,0,0
14,273.4375,6,0,0,0,0
15,0.0,7,0,0,0,0
15,1.5625,8,0,0,0,0
15,3.125,9,0,0,0,0
15,4.6875,10,0,0,0,0
15,6.25,11,0,0,0,0
15,7.8125,12,0,0,0,0
15,9.375,13,0,0,0,0
15,10.9375,14,0,0,0,0
15,12.5,15,0,0,0,0
15,14.0625,0,0,0,0,0
15,15.625,1,0,0,0,0
15,17.1875,2,0,0,0,0
15,18.75,3,0,0,0,0
15,20.3125,4,0,0,0,0
15,21.875,5,0,0,0,0
15,23.4375,6,0,0,0,0
15,25.0,7,0,0,0,0
15,26.5625,8,0,0,0,0
15,28.125,9,0,0,0,0
15,29.6875,10,0,0,0,0
15,31.25,11,0,0,0,0
15,32.8125,12,0,0,0,0
15,34.375,13,0,0,0,0
15,35.9375,14,0,0,0,0
15,37.5,15,0,0,0,0
15,39.0625,0,0,0,0,0
15,40.625,1,0,0,0,0
15,42.1875,2,0,0,0,0
15,43.75,3,0,0,0,0
15,45.3125,4,0,0,0,0
15,46.875,5,0,0,0,0
15,48.4375,6,0,0,0,0
15,50.0,7,0,0,0,0
15,51.5625,8,0,0,0,0
15,53.125,9,0,0,0,0
15,54.6875,10,0,0,0,0
15,56.25,11,0,0,0,0
15,57.8125,12,0,0,0,0
15,59.375,13,0,0,0,0
15,60.9375,14,0,0,0,0
15,62.5,15,0,0,0,0
15,64.0625,0,0,0,0,0
15,65.625,1,0,0,0,0
15,67.1875,2,0,0,0,0
15,68.75,3,0,0,0,0
15,70.3125,4,0,0,0,0
15,71.875,5,0,0,0,0
15,73.4375,6,0,0,0,0
15,75.0,7,0,0,0,0
15,76.5625,8,0,0,0,0
15,78.125,9,0,0,0,0
15,79.6875,10,0,0,0,0
15,81.25,11,0,0,0,0
15,82.8125,12,0,0,0,0
15,84.375,13,0,0,0,0
15,85.9375,14,0,0,0,0
15,87.5,15,0,0,0,0
15,89.0625,0,0,0,0,0
15,90.625,1,0,0,0,0
15,92.1875,2,0,0,0,0
15,93.75,3,0,0,0,0
15,95.3125,4,0,0,0,0
15,96.875,5,0,0,0,0
15,98.4375,6,0,0,0,0
15,100.0,7,0,0,0,0
15,101.5625,8,0,0,0,0
15,103.125,9,0,0,0,0
15,104.6875,10,0,0,0,0
15,106.25,11,0,0,0,0
15,107.8125,12,0,0,0,0
15,109.375,13,0,0,0,0
15,110.9375,14,0,0,0,0
15,112.5,15,0,0,0,0
15,114.0625,0,0,0,0,0
15,115.625,1,0,0,0,0
15,117.1875,2,0,0,0,0
15,118.75,3,0,0,0,0
15,120.3125,4,0,0,0,0
15,121.875,5,0,0,0,0
15,123.4375,6,0,0,0,0
15,125.0,7,0,0,0,0
15,126.5625,8,0,0,0,0
15,128.125,9,0,0,0,0
15,129.6875,10,0,0,0,0
15,131.25,11,0,0,0,0
15,132.8125,12,0,0,0,0
15,134.375,13,0,0,0,0
15,135.9375,14,0,0,0,0
15,137.5,15,0,0,0,0
15,139.0625,0,0,0,0,0
15,140.625,1,0,0,0,0
15,142.1875,2,0,0,0,0
15,143.75,3,0,0,0,0
15,145.3125,4,0,0,0,0
15,146.875,5,0,0,0,0
15,148.4375,6,0,0,0,0
15,150.0,7,0,0,0,0
15,151.5625,8,0,0,0,0
15,153.125,9,0,0,0,0
15,154.6875,10,0,0,0,0
15,156.25,11,0,0,0,0
15,157.8125,12,0,0,0,0
15,159.375,13,0,0,0,0
15,160.9375,14,0,0,0,0
15,162.5,15,0,0,0,0
15,164.0625,0,0,0,0,0
15,165.625,1,0,0,0,0
15,167.1875,2,0,0,0,0
15,168.75,3,0,0,0,0
15,170.3125,4,0,0,0,0
15,171.875,5,0,0,0,0
15,173.4375,6,0,0,0,0
15,175.0,7,0,0,0,0
15,176.5625,8,0,0,0,0
15,178.125,9,0,0,0,0
15,179.6875,10,0,0,0,0
15,181.25,11,0,0,0,0
15,182.8125,12,0,0,0,0
15,184.375,13,0,0,0,0
15,185.9375,14,0,0,0,0
15,187.5,15,0,0,0,0
15,189.0625,0,0,0,0,0
15,190.625,1,0,0,0,0
15,192.1875,2,0,0,0,0
15,193.75,3,0,0,0,0
15,195.3125,4,0,0,0,0
15,196.875,5,0,0,0,0
15,198.4375,6,0,0,0,0
15,200.0,7,0,0,0,0
15,201.5625,8,0,0,0,0
15,203.125,9,0,0,0,0
15,204.6875,10,0,0,0,0
15,206.25,11,0,0,0,0
15,207.8125,12,0,0,0,0
15,209.375,13,0,0,0,0
15,210.9375,14,0,0,0,0
15,212.5,15,0,0,0,0
15,214.0625,0,0,0,0,0
15,215.625,1,0,0,0,0
15,217.1875,2,0,0,0,0
15,218.75,3,0,0,0,0
15,220.3125,4,0,0,0,0
15,221.875,5,0,0,0,0
15,223.4375,6,0,0,0,0
15,225.0,7,0,0,0,0
15,226.5625,8,0,0,0,0
15,228.125,9,0,0,0,0
15,229.6875,10,0,0,0,0
15,231.25,11,0,0,0,0
15,232.8125,12,0,0,0,0
15,234.375,13,0,0,0,0
15,235.9375,14,0,0,0,0
15,237.5,15,0,0,0,0
15,239.0625,0,0,0,0,0
15,240.625,1,0,0,0,0
15,242.1875,2,0,0,0,0
15,243.75,3,0,0,0,0
15,245.3125,4,0,0,0,0
15,246.875,5,0,0,0,0
15,248.4375,6,0,0,0,0
15,250.0,7,0,0,0,0
15,251.5625,8,0,0,0,0
15,253.125,9,0,0,0,0
15,254.6875,10,0,0,0,0
15,256.25,11,0,0,0,0
15,257.8125,12,0,0,0,0
15,259.375,13,0,0,0,0
15,260.9375,14,0,0,0,0
15,262.5,15,0,0,0,0
15,264.0625,0,0,0,0,0
15,265.625,1,0,0,0,0
15,267.1875,2,0,0,0,0
15,268.75,3,0,0,0,0
15,270.3125,4,0,0,0,0
15,271.875,5,0,0,0,0
15,273.4375,6,0,0,0,0
16,0.0,7,0,0,0,0
16,1.5625,8,0,0,0,0
16,3.125,9,0,0,0,0
16,4.6875,10,0,0,0,0
16,6.25,11,0,0,0,0
16,7.8125,12,0,0,0,0
16,9.375,13,0,0,0,0
16,10.9375,14,0,0,0,0
16,12.5,15,0,0,0,0
16,14.0625,0,0,0,0,0
16,15.625,1,0,0,0,0
16,17.1875,2,0,0,0,0
16,18.75,3,0,0,0,0
16,20.3125,4,0,0,0,0
16,21.875,5,0,0,0,0
16,23.4375,6,0,0,0,0
16,25.0,7,0,0,0,0
16,26.5625,8,0,0,0,0
16,28.125,9,0,0,0,0
16,29.6875,10,0,0,0,0
16,31.25,11,0,0,0,0
16,32.8125,12,0,0,0,0
16,34.375,13,0,0,0,0
16,35.9375,14,0,0,0,0
16,37.5,15,0,0,0,0
16,39.0625,0,0,0,0,0
16,40.625,1,0,0,0,0
16,42.1875,2,0,0,0,0
16,43.75,3,0,0,0,0
16,45.3125,4,0,0,0,0
16,46.875,5,0,0,0,0
16,48.4375,6,0,0,0,0
16,50.0,7,0,0,0,0
16,51.5625,8,0,0,0,0
16,53.125,9,0,0,0,0
16,54.6875,10,0,0,0,0
16,56.25,11,0,0,0,0
16,57.8125,12,0,0,0,0
16,59.375,13,0,0,0,0
16,60.9375,14,0,0,0,0
16,62.5,15,0,0,0,0
16,64.0625,0,0,0,0,0
16,65.625,1,0,0,0,0
16,67.1875,2,0,0,0,0
16,68.75,3,0,0,0,0
16,70.3125,4,0,0,0,0
16,71.875,5,0,0,0,0
16,73.4375,6,0,0,0,0
16,75.0,7,0,0,0,0
16,76.5625,8,0,0,0,0
16,78.125,9,0,0,0,0
16,79.6875,10,0,0,0,0
16,81.25,11,0,0,0,0
16,82.8125,12,0,0,0,0
16,84.375,13,0,0,0,0
16,85.9375,14,0,0,0,0
16,87.5,15,0,0,0,0
16,89.0625,0,0,0,0,0
16,90.625,1,0,0,0,0
16,92.1875,2,0,0,0,0
16,93.75,3,0,0,0,0
16,95.3125,4,0,0,0,0
16,96.875,5,0,0,0,0
16,98.4375,6,0,0,0,0
16,100.0,7,0,0,0,0
16,101.5625,8,0,0,0,0
16,103.125,9,0,0,0,0
16,104.6875,10,0,0,0,0
16,106.25,11,0,0,0,0
16,107.8125,12,0,0,0,0
16,109.375,13,0,0,0,0
16,110.9375,14,0,0,0,0
16,112.5,15,0,0,0,0
16,114.0625,0,0,0,0,0
16,115.625,1,0,0,0,0
16,117.1875,2,0,0,0,0
16,118.75,3,0,0,0,0
16,120.3125,4,0,0,0,0
16,121.875,5,0,0,0,0
16,123.4375,6,0,0,0,0
16,125.0,7,0,0,0,0
16,126.5625,8,0,0,0,0
16,128.125,9,0,0,0,0
16,129.6875,10,0,0,0,0
16,131.25,11,0,0,0,0
16,132.8125,12,0,0,0,0
16,134.375,13,0,0,0,0
16,135.9375,14,0,0,0,0
16,137.5,15,0,0,0,0
16,139.0625,0,0,0,0,0
16,140.625,1,0,0,0,0
16,142.1875,2,0,0,0,0
16,143.75,3,0,0,0,0
16,145.3125,4,0,0,0,0
16,146.875,5,0,0,0,0
16,148.4375,6,0,0,0,0
16,150.0,7,0,0,0,0
16,151.5625,8,0,0,0,0
16,153.125,9,0,0,0,0
16,154.6875,10,0,0,0,0
16,156.25,11,0,0,0,0
16,157.8125,12,0,0,0,0
16,159.375,13,0,0,0,0
16,160.9375,14,0,0,0,0
16,162.5,15,0,0,0,0
16,164.0625,0,0,0,0,0
16,165.625,1,0,0,0,0
16,167.1875,2,0,0,0,0
16,168.75,3,0,0,0,0
16,170.3125,4,0,0,0,0
16,171.875,5,0,0,0,0
16,173.4375,6,0,0,0,0
16,175.0,7,0,0,0,0
16,176.5625,8,0,0,0,0
16,178.125,9,0,0,0,0
16,179.6875,10,0,0,0,0
16,181.25,11,0,0,0,0
16,182.8125,12,0,0,0,0
16,184.375,13,0,0,0,0
16,185.9375,14,0,0,0,0
16,187.5,15,0,0,0,0
16,189.0625,0,0,0,0,0
16,190.625,1,0,0,0,0
16,192.1875,2,0,0,0,0
16,193.75,3,0,0,0,0
16,195.3125,4,0,0,0,0
16,196.875,5,0,0,0,0
16,198.4375,6,0,0,0,0
16,200.0,7,0,0,0,0
16,201.5625,8,0,0,0,0
16,203.125,9,0,0,0,0
16,204.6875,10,0,0,0,0
16,206.25,11,0,0,0,0
16,207.8125,12,0,0,0,0
16,209.375,13,0,0,0,0
16,210.9375,14,0,0,0,0
16,212.5,15,0,0,0,0
16,214.0625,0,0,0,0,0
16,215.625,1,0,0,0,0
16,217.1875,2,0,0,0,0
16,218.75,3,0,0,0,0
16,220.3125,4,0,0,0,0
16,221.875,5,0,0,0,0
16,223.4375,6,0,0,0,0
16,225.0,7,0,0,0,0
16,226.5625,8,0,0,0,0
16,228.125,9,0,0,0,0
16,229.6875,10,0,0,0,0
16,231.25,11,0,0,0,0
16,232.8125,12,0,0,0,0
16,234.375,13,0,0,0,0
16,235.9375,14,0,0,0,0
16,237.5,15,0,0,0,0
16,239.0625,0,0,0,0,0
16,240.625,1,0,0,0,0
16,242.1875,2,0,0,0,0
16,243.75,3,0,0,0,0
16,245.3125,4,0,0,0,0
16,246.875,5,0,0,0,0
16,248.4375,6,0,0,0,0
16,250.0,7,0,0,0,0
16,251.5625,8,0,0,0,0
16,253.125,9,0,0,0,0
16,254.6875,10,0,0,0,0
16,256.25,11,0,0,0,0
16,257.8125,12,0,0,0,0
16,259.375,13,0,0,0,0
16,260.9375,14,0,0,0,0
16,262.5,15,0,0,0,0
16,264.0625,0,0,0,0,0
16,265.625,1,0,0,0,0
16,267.1875,2,0,0,0,0
16,268.75,3,0,0,0,0
16,270.3125,4,0,0,0,0
16,271.875,5,0,0,0,0
16,273.4375,6,0,0,0,0
17,0.0,7,0,0,0,0
17,1.5625,8,0,0,0,0
17,3.125,9,0,0,0,0
17,4.6875,10,0,0,0,0
17,6.25,11,0,0,0,0
17,7.8125,12,0,0,0,0
17,9.375,13,0,0,0,0
17,10.9375,14,0,0,0,0
17,12.5,15,0,0,0,0
17,14.0625,0,0,0,0,0
17,15.625,1,0,0,0,0
17,17.1875,2,0,0,0,0
17,18.75,3,0,0,0,0
17,20.3125,4,0,0,0,0
17,21.875,5,0,0,0,0
17,23.4375,6,0,0,0,0
17,25.0,7,0,0,0,0
17,26.5625,8,0,0,0,0
17,28.125,9,0,0,0,0
17,29.6875,10,0,0,0,0
17,31.25,11,0,0,0,0
17,32.8125,12,0,0,0,0
17,34.375,13,0,0,0,0
17,35.9375,14,0,0,0,0
17,37.5,15,0,0,0,0
17,39.0625,0,0,0,0,0
17,40.625,1,0,0,0,0
17,42.1875,2,0,0,0,0
17,43.75,3,0,0,0,0
17,45.3125,4,0,0,0,0
17,46.875,5,0,0,0,0
17,48.4375,6,0,0,0,0
17,50.0,7,0,0,0,0
17,51.5625,8,0,0,0,0
17,53.125,9,0,0,0,0
17,54.6875,10,0,0,0,0
17,56.25,11,0,0,0,0
17,57.8125,12,0,0,0,0
17,59.375,13,0,0,0,0
17,60.9375,14,0,0,0,0
17,62.5,15,0,0,0,0
17,64.0625,0,0,0,0,0
17,65.625,1,0,0,0,0
17,67.1875,2,0,0,0,0
17,68.75,3,0,0,0,0
17,70.3125,4,0,0,0,0
17,71.875,5,0,0,0,0
17,73.4375,6,0,0,0,0
17,75.0,7,0,0,0,0
17,76.5625,8,0,0,0,0
17,78.125,9,0,0,0,0
17,79.6875,10,0,0,0,0
17,81.25,11,0,0,0,0
17,82.8125,12,0,0,0,0
17,84.375,13,0,0,0,0
17,85.9375,14,0,0,0,0
17,87.5,15,0,0,0,0
17,89.0625,0,0,0,0,0
17,90.625,1,0,0,0,0
17,92.1875,2,0,0,0,0
17,93.75,3,0,0,0,0
17,95.3125,4,0,0,0,0
17,96.875,5,0,0,0,0
17,98.4375,6,0,0,0,0
17,100.0,7,0,0,0,0
17,101.5625,8,0,0,0,0
17,103.125,9,0,0,0,0
17,104.6875,10,0,0,0,0
17,106.25,11,0,0,0,0
17,107.8125,12,0,0,0,0
17,109.375,13,0,0,0,0
17,110.9375,14,0,0,0,0
17,112.5,15,0,0,0,0
17,114.0625,0,0,0,0,0
17,115.625,1,0,0,0,0
17,117.1875,2,0,0,0,0
17,118.75,3,0,0,0,0
17,120.3125,4,0,0,0,0
17,121.875,5,0,0,0,0
17,123.4375,6,0,0,0,0
17,125.0,7,0,0,0,0
17,126.5625,8,0,0,0,0
17,128.125,9,0,0,0,0
17,129.6875,10,0,0,0,0
17,131.25,11,0,0,0,0
17,132.8125,12,0,0,0,0
17,134.375,13,0,0,0,0
17,135.9375,14,0,0,0,0
17,137.5,15,0,0,0,0
17,139.0625,0,0,0,0,0
17,140.625,1,0,0,0,0
17,142.1875,2,0,0,0,0
17,143.75,3,0,0,0,0
17,145.3125,4,0,0,0,0
17,146.875,5,0,0,0,0
17,148.4375,6,0,0,0,0
17,150.0,7,0,0,0,0
17,151.5625,8,0,0,0,0
17,153.125,9,0,0,0,0
17,154.6875,10,0,0,0,0
17,156.25,11,0,0,0,0
17,157.8125,12,0,0,0,0
17,159.375,13,0,0,0,0
17,160.9375,14,0,0,0,0
17,162.5,15,0,0,0,0
17,164.0625,0,0,0,0,0
17,165.625,1,0,0,0,0
17,167.1875,2,0,0,0,0
17,168.75,3,0,0,0,0
17,170.3125,4,0,0,0,0
17,171.875,5,0,0,0,0
17,173.4375,6,0,0,0,0
17,175.0,7,0,0,0,0
17,176.5625,8,0,0,0,0
17,178.125,9,0,0,0,0
17,179.6875,10,0,0,0,0
17,181.25,11,0,0,0,0
17,182.8125,12,0,0,0,0
17,184.375,13,0,0,0,0
17,185.9375,14,0,0,0,0
17,187.5,15,0,0,0,0
17,189.0625,0,0,0,0,0
17,190.625,1,0,0,0,0
17,192.1875,2,0,0,0,0
17,193.75,3,0,0,0,0
17,195.3125,4,0,0,0,0
17,196.875,5,0,0,0,0
17,198.4375,6,0,0,0,0
17,200.0,7,0,0,0,0
17,201.5625,8,0,0,0,0
17,203.125,9,0,0,0,0
17,204.6875,10,0,0,0,0
17,206.25,11,0,0,0,0
17,207.8125,12,0,0,0,0
17,209.375,13,0,0,0,0
17,210.9375,14,0,0,0,0
17,212.5,15,0,0,0,0
17,214.0625,0,0,0,0,0
17,215.625,1,0,0,0,0
17,217.1875,2,0,0,0,0
17,218.75,3,0,0,0,0
17,220.3125,4,0,0,0,0
17,221.875,5,0,0,0,0
17,223.4375,6,0,0,0,0
17,225.0,7,0,0,0,0
17,226.5625,8,0,0,0,0
17,228.125,9,0,0,0,0
17,229.6875,10,0,0,0,0
17,231.25,11,0,0,0,0
17,232.8125,12,0,0,0,0
17,234.375,13,0,0,0,0
17,235.9375,14,0,0,0,0
17,237.5,15,0,0,0,0
17,239.0625,0,0,0,0,0
17,240.625,1,0,0,0,0
17,242.1875,2,0,0,0,0
17,243.75,3,0,0,0,0
17,245.3125,4,0,0,0,0
17,246.875,5,0,0,0,0
17,248.4375,6,0,0,0,0
17,250.0,7,0,0,0,0
17,251.5625,8,0,0,0,0
17,253.125,9,0,0,0,0
17,254.6875,10,0,0,0,0
17,256.25,11,0,0,0,0
17,257.8125,12,0,0,0,0
17,259.375,13,0,0,0,0
17,260.9375,14,0,0,0,0
17,262.5,15,0,0,0,0
17,264.0625,0,0,0,0,0
17,265.625,1,0,0,0,0
17,267.1875,2,0,0,0,0
17,268.75,3,0,0,0,0
17,270.3125,4,0,0,0,0
17,271.875,5,0,0,0,0
17,273.4375,6,0,0,0,0
18,0.0,7,0,0,0,0
18,1.5625,8,0,0,0,0
18,3.125,9,0,0,0,0
18,4.6875,10,0,0,0,0
18,6.25,11,0,0,0,0
18,7.8125,12,0,0,0,0
18,9.375,13,0,0,0,0
18,10.9375,14,0,0,0,0
18,12.5,15,0,0,0,0
18,14.0625,0,0,0,0,0
18,15.625,1,0,0,0,0
18,17.1875,2,0,0,0,0
18,18.75,3,0,0,0,0
18,20.3125,4,0,0,0,0
18,21.875,5,0,0,0,0
18,23.4375,6,0,0,0,0
18,25.0,7,0,0,0,0
18,26.5625,8,0,0,0,0
18,28.125,9,0,0,0,0
18,29.6875,10,0,0,0,0
18,31.25,11,0,0,0,0
18,32.8125,12,0,0,0,0
18,34.375,13,0,0,0,0
18,35.9375,14,0,0,0,0
18,37.5,15,0,0,0,0
18,39.0625,0,0,0,0,0
18,40.625,1,0,0,0,0
18,42.1875,2,0,0,0,0
18,43.75,3,0,0,0,0
18,45.3125,4,0,0,0,0
18,46.875,5,0,0,0,0
18,48.4375,6,0,0,0,0
18,50.0,7,0,0,0,0
18,51.5625,8,0,0,0,0
18,53.125,9,0,0,0,0
18,54.6875,10,0,0,0,0
18,56.25,11,0,0,0,0
18,57.8125,12,0,0,0,0
18,59.375,13,0,0,0,0
18,60.9375,14,0,0,0,0
18,62.5,15,0,0,0,0
18,64.0625,0,0,0,0,0
18,65.625,1,0,0,0,0
18,67.1875,2,0,0,0,0
18,68.75,3,0,0,0,0
18,70.3125,4,0,0,0,0
18,71.875,5,0,0,0,0
18,73.4375,6,0,0,0,0
18,75.0,7,0,0,0,0
18,76.5625,8,0,0,0,0
18,78.125,9,0,0,0,0
18,79.6875,10,0,0,0,0
18,81.25,11,0,0,0,0
18,82.8125,12,0,0,0,0
18,84.375,13,0,0,0,0
18,85.9375,14,0,0,0,0
18,87.5,15,0,0,0,0
18,89.0625,0,0,0,0,0
18,90.625,1,0,0,0,0
18,92.1875,2,0,0,0,0
18,93.75,3,0,0,0,0
18,95.3125,4,0,0,0,0
18,96.875,5,0,0,0,0
18,98.4375,6,0,0,0,0
18,100.0,7,0,0,0,0
18,101.5625,8,0,0,0,0
18,103.125,9,0,0,0,0
18,104.6875,10,0,0,0,0
18,106.25,11,0,0,0,0
18,107.8125,12,0,0,0,0
18,109.375,13,0,0,0,0
18,110.9375,14,0,0,0,0
18,112.5,15,0,0,0,0
18,114.0625,0,0,0,0,0
18,115.625,1,0,0,0,0
18,117.1875,2,0,0,0,0
18,118.75,3,0,0,0,0
18,120.3125,4,0,0,0,0
18,121.875,5,0,0,0,0
18,123.4375,6,0,0,0,0
18,125.0,7,0,0,0,0
18,126.5625,8,0,0,0,0
18,128.125,9,0,0,0,0
18,129.6875,10,0,0,0,0
18,131.25,11,0,0,0,0
18,132.8125,12,0,0,0,0
18,134.375,13,0,0,0,0
18,135.9375,14,0,0,0,0
18,137.5,15,0,0,0,0
18,139.0625,0,0,0,0,0
18,140.625,1,0,0,0,0
18,142.1875,2,0,0,0,0
18,143.75,3,0,0,0,0
18,145.3125,4,0,0,0,0
18,146.875,5,0,0,0,0
18,148.4375,6,0,0,0,0
18,150.0,7,0,0,0,0
18,151.5625,8,0,0,0,0
18,153.125,9,0,0,0,0
18,154.6875,10,0,0,0,0
18,156.25,11,0,0,0,0
18,157.8125,12,0,0,0,0
18,159.375,13,0,0,0,0
18,160.9375,14,0,0,0,0
18,162.5,15,0,0,0,0
18,164.0625,0,0,0,0,0
18,165.625,1,0,0,0,0
18,167.1875,2,0,0,0,0
18,168.75,3,0,0,0,0
18,170.3125,4,0,0,0,0
18,171.875,5,0,0,0,0
18,173.4375,6,0,0,0,0
18,175.0,7,0,0,0,0
18,176.5625,8,0,0,0,0
18,178.125,9,0,0,0,0
18,179.6875,10,0,0,0,0
18,181.25,11,0,0,0,0
18,182.8125,12,0,0,0,0
18,184.375,13,0,0,0,0
18,185.9375,14,0,0,0,0
18,187.5,15,0,0,0,0
18,189.0625,0,0,0,0,0
18,190.625,1,0,0,0,0
18,192.1875,2,0,0,0,0
18,193.75,3,0,0,0,0
18,195.3125,4,0,0,0,0
18,196.875,5,0,0,0,0
18,198.4375,6,0,0,0,0
18,200.0,7,0,0,0,0
18,201.5625,8,0,0,0,0
18,203.125,9,0,0,0,0
18,204.6875,10,0,0,0,0
18,206.25,11,0,0,0,0
18,207.8125,12,0,0,0,0
18,209.375,13,0,0,0,0
18,210.9375,14,0,0,0,0
18,212.5,15,0,0,0,0
18,214.0625,0,0,0,0,0
18,215.625,1,0,0,0,0
18,217.1875,2,0,0,0,0
18,218.75,3,0,0,0,0
18,220.3125,4,0,0,0,0
18,221.875,5,0,0,0,0
18,223.4375,6,0,0,0,0
18,225.0,7,0,0,0,0
18,226.5625,8,0,0,0,0
18,228.125,9,0,0,0,0
18,229.6875,10,0,0,0,0
18,231.25,11,0,0,0,0
18,232.8125,12,0,0,0,0
18,234.375,13,0,0,0,0
18,235.9375,14,0,0,0,0
18,237.5,15,0,0,0,0
18,239.0625,0,0,0,0,0
18,240.625,1,0,0,0,0
18,242.1875,2,0,0,0,0
18,243.75,3,0,0,0,0
18,245.3125,4,0,0,0,0
18,246.875,5,0,0,0,0
18,248.4375,6,0,0,0,0
18,250.0,7,0,0,0,0
18,251.5625,8,0,0,0,0
18,253.125,9,0,0,0,0
18,254.6875,10,0,0,0,0
18,256.25,11,0,0,0,0
18,257.8125,12,0,0,0,0
18,259.375,13,0,0,0,0
18,260.9375,14,0,0,0,0
18,262.5,15,0,0,0,0
18,264.0625,0,0,0,0,0
18,265.625,1,0,0,0,0
18,267.1875,2,0,0,0,0
18,268.75,3,0,0,0,0
18,270.3125,4,0,0,0,0
18,271.875,5,0,0,0,0
18,273.4375,6,0,0,0,0
19,0.0,7,0,0,0,0
19,1.5625,8,0,0,0,0
19,3.125,9,0,0,0,0
19,4.6875,10,0,0,0,0
19,6.25,11,0,0,0,0
19,7.8125,12,0,0,0,0
19,9.375,13,0,0,0,0
19,10.9375,14,0,0,0,0
19,12.5,15,0,0,0,0
19,14.0625,0,0,0,0,0
19,15.625,1,0,0,0,0
19,17.1875,2,0,0,0,0
19,18.75,3,0,0,0,0
19,20.3125,4,0,0,0,0
19,21.875,5,0,0,0,0
19,23.4375,6,0,0,0,0
19,25.0,7,0,0,0,0
19,26.5625,8,0,0,0,0
19,28.125,9,0,0,0,0
19,29.6875,10,0,0,0,0
19,31.25,11,0,0,0,0
19,32.8125,12,0,0,0,0
19,34.375,13,0,0,0,0
19,35.9375,14,0,0,0,0
19,37.5,15,0,0,0,0
19,39.0625,0,0,0,0,0
19,40.625,1,0,0,0,0
19,42.1875,2,0,0,0,0
19,43.75,3,0,0,0,0
19,45.3125,4,0,0,0,0
19,46.875,5,0,0,0,0
19,48.4375,6,0,0,0,0
19,50.0,7,0,0,0,0
19,51.5625,8,0,0,0,0
19,53.125,9,0,0,0,0
19,54.6875,10,0,0,0,0
19,56.25,11,0,0,0,0
19,57.8125,12,0,0,0,0
19,59.375,13,0,0,0,0
19,60.9375,14,0,0,0,0
19,62.5,15,0,0,0,0
19,64.0625,0,0,0,0,0
19,65.625,1,0,0,0,0
19,67.1875,2,0,0,0,0
19,68.75,3,0,0,0,0
19,70.3125,4,0,0,0,0
19,71.875,5,0,0,0,0
19,73.4375,6,0,0,0,0
19,75.0,7,0,0,0,0
19,76.5625,8,0,0,0,0
19,78.125,9,0,0,0,0
19,79.6875,10,0,0,0,0
19,81.25,11,0,0,0,0
19,82.8125,12,0,0,0,0
19,84.375,13,0,0,0,0
19,85.9375,14,0,0,0,0
19,87.5,15,0,0,0,0
19,89.0625,0,0,0,0,0
19,90.625,1,0,0,0,0
19,92.1875,2,0,0,0,0
19,93.75,3,0,0,0,0
19,95.3125,4,0,0,0,0
19,96.875,5,0,0,0,0
19,98.4375,6,0,0,0,0
19,100.0,7,0,0,0,0
19,101.5625,8,0,0,0,0
19,103.125,9,0,0,0,0
19,104.6875,10,0,0,0,0
19,106.25,11,0,0,0,0
19,107.8125,12,0,0,0,0
19,109.375,13,0,0,0,0
19,110.9375,14,0,0,0,0
19,112.5,15,0,0,0,0
19,114.0625,0,0,0,0,0
19,115.625,1,0,0,0,0
19,117.1875,2,0,0,0,0
19,118.75,3,0,0,0,0
19,120.3125,4,0,0,0,0
19,121.875,5,0,0,0,0
19,123.4375,6,0,0,0,0
19,125.0,7,0,0,0,0
19,126.5625,8,0,0,0,0
19,128.125,9,0,0,0,0
19,129.6875,10,0,0,0,0
19,131.25,11,0,0,0,0
19,132.8125,12,0,0,0,0
19,134.375,13,0,0,0,0
19,135.9375,14,0,0,0,0
19,137.5,15,0,0,0,0
19,139.0625,0,0,0,0,0
19,140.625,1,0,0,0,0
19,142.1875,2,0,0,0,0
19,143.75,3,0,0,0,0
19,145.3125,4,0,0,0,0
19,146.875,5,0,0,0,0
19,148.4375,6,0,0,0,0
19,150.0,7,0,0,0,0
19,151.5625,8,0,0,0,0
19,153.125,9,0,0,0,0
19,154.6875,10,0,0,0,0
19,156.25,11,0,0,0,0
19,157.8125,12,0,0,0,0
19,159.375,13,0,0,0,0
19,160.9375,14,0,0,0,0
19,162.5,15,0,0,0,0
19,164.0625,0,0,0,0,0
19,165.625,1,0,0,0,0
19,167.1875,2,0,0,0,0
19,168.75,3,0,0,0,0
19,170.3125,4,0,0,0,0
19,171.875,5,0,0,0,0
19,173.4375,6,0,0,0,0
19,175.0,7,0,0,0,0
19,176.5625,8,0,0,0,0
19,178.125,9,0,0,0,0
19,179.6875,10,0,0,0,0
19,181.25,11,0,0,0,0
19,182.8125,12,0,0,0,0
19,184.375,13,0,0,0,0
19,185.9375,14,0,0,0,0
19,187.5,15,0,0,0,0
19,189.0625,0,0,0,0,0
19,190.625,1,0,0,0,0
19,192.1875,2,0,0,0,0
19,193.75,3,0,0,0,0
19,195.3125,4,0,0,0,0
19,196.875,5,0,0,0,0
19,198.4375,6,0,0,0,0
19,200.0,7,0,0,0,0
19,201.5625,8,0,0,0,0
19,203.125,9,0,0,0,0
19,204.6875,10,0,0,0,0
19,206.25,11,0,0,0,0
19,207.8125,12,0,0,0,0
19,209.375,13,0,0,0,0
19,210.9375,14,0,0,0,0
19,212.5,15,0,0,0,0
19,214.0625,0,0,0,0,0
19,215.625,1,0,0,0,0
19,217.1875,2,0,0,0,0
19,218.75,3,0,0,0,0
19,220.3125,4,0,0,0,0
19,221.875,5,0,0,0,0
19,223.4375,6,0,0,0,0
19,225.0,7,0,0,0,0
19,226.5625,8,0,0,0,0
19,228.125,9,0,0,0,0
19,229.6875,10,0,0,0,0
19,231.25,11,0,0,0,0
19,232.8125,12,0,0,0,0
19,234.375,13,0,0,0,0
19,235.9375,14,0,0,0,0
19,237.5,15,0,0,0,0
19,239.0625,0,0,0,0,0
19,240.625,1,0,0,0,0
19,242.1875,2,0,0,0,0
19,243.75,3,0,0,0,0
19,245.3125,4,0,0,0,0
19,246.875,5,0,0,0,0
19,248.4375,6,0,0,0,0
19,250.0,7,0,0,0,0
19,251.5625,8,0,0,0,0
19,253.125,9,0,0,0,0
19,254.6875,10,0,0,0,0
19,256.25,11,0,0,0,0
19,257.8125,12,0,0,0,0
19,259.375,13,0,0,0,0
19,260.9375,14,0,0,0,0
19,262.5,15,0,0,0,0
19,264.0625,0,0,0,0,0
19,265.625,1,0,0,0,0
19,267.1875,2,0,0,0,0
19,268.75,3,0,0,0,0
19,270.3125,4,0,0,0,0
19,271.875,5,0,0,0,0
19,273.4375,6,0,0,0,0
20,0.0,7,0,0,0,0
20,1.5625,8,0,0,0,0
20,3.125,9,0,0,0,0
20,4.6875,10,0,0,0,0
20,6.25,11,0,0,0,0
20,7.8125,12,0,0,0,0
20,9.375,13,0,0,0,0
20,10.9375,14,0,0,0,0
20,12.5,15,0,0,0,0
20,14.0625,0,0,0,0,0
20,15.625,1,0,0,0,0
20,17.1875,2,0,0,0,0
20,18.75,3,0,0,0,0
20,20.3125,4,0,0,0,0
20,21.875,5,0,0,0,0
20,23.4375,6,0,0,0,0
20,25.0,7,0,0,0,0
20,26.5625,8,0,0,0,0
20,28.125,9,0,0,0,0
20,29.6875,10,0,0,0,0
20,31.25,11,0,0,0,0
20,32.8125,12,0,0,0,0
20,34.375,13,0,0,0,0
20,35.9375,14,0,0,0,0
20,37.5,15,0,0,0,0
20,39.0625,0,0,0,0,0
20,40.625,1,0,0,0,0
20,42.1875,2,0,0,0,0
20,43.75,3,0,0,0,0
20,45.3125,4,0,0,0,0
20,46.875,5,0,0,0,0
20,48.4375,6,0,0,0,0
20,50.0,7,0,0,0,0
20,51.5625,8,0,0,0,0
20,53.125,9,0,0,0,0
20,54.6875,10,0,0,0,0
20,56.25,11,0,0,0,0
20,57.8125,12,0,0,0,0
20,59.375,13,0,0,0,0
20,60.9375,14,0,0,0,0
20,62.5,15,0,0,0,0
20,64.0625,0,0,0,0,0
20,65.625,1,0,0,0,0
20,67.1875,2,0,0,0,0
20,68.75,3,0,0,0,0
20,70.3125,4,0,0,0,0
20,71.875,5,0,0,0,0
20,73.4375,6,0,0,0,0
20,75.0,7,0,0,0,0
20,76.5625,8,0,0,0,0
20,78.125,9,0,0,0,0
20,79.6875,10,0,0,0,0
20,81.25,11,0,0,0,0
20,82.8125,12,0,0,0,0
20,84.375,13,0,0,0,0
20,85.9375,14,0,0,0,0
20,87.5,15,0,0,0,0
20,89.0625,0,0,0,0,0
20,90.625,1,0,0,0,0
20,92.1875,2,0,0,0,0
20,93.75,3,0,0,0,0
20,95.3125,4,0,0,0,0
20,96.875,5,0,0,0,0
20,98.4375,6,0,0,0,0
20,100.0,7,0,0,0,0
20,101.5625,8,0,0,0,0
20,103.125,9,0,0,0,0
20,104.6875,10,0,0,0,0
20,106.25,11,0,0,0,0
20,107.8125,12,0,0,0,0
20,109.375,13,0,0,0,0
20,110.9375,14,0,0,0,0
20,112.5,15,0,0,0,0
20,114.0625,0,0,0,0,0
20,115.625,1,0,0,0,0
20,117.1875,2,0,0,0,0
20,118.75,3,0,0,0,0
20,120.3125,4,0,0,0,0
20,121.875,5,0,0,0,0
20,123.4375,6,0,0,0,0
20,125.0,7,0,0,0,0
20,126.5625,8,0,0,0,0
20,128.125,9,0,0,0,0
20,129.6875,10,0,0,0,0
20,131.25,11,0,0,0,0
20,132.8125,12,0,0,0,0
20,134.375,13,0,0,0,0
20,135.9375,14,0,0,0,0
20,137.5,15,0,0,0,0
20,139.0625,0,0,0,0,0
20,140.625,1,0,0,0,0
20,142.1875,2,0,0,0,0
20,143.75,3,0,0,0,0
20,145.3125,4,0,0,0,0
20,146.875,5,0,0,0,0
20,148.4375,6,0,0,0,0
20,150.0,7,0,0,0,0
20,151.5625,8,0,0,0,0
20,153.125,9,0,0,0,0
20,154.6875,10,0,0,0,0
20,156.25,11,0,0,0,0
20,157.8125,12,0,0,0,0
20,159.375,13,0,0,0,0
20,160.9375,14,0,0,0,0
20,162.5,15,0,0,0,0
20,164.0625,0,0,0,0,0
20,165.625,1,0,0,0,0
20,167.1875,2,0,0,0,0
20,168.75,3,0,0,0,0
20,170.3125,4,0,0,0,0
20,171.875,5,0,0,0,0
20,173.4375,6,0,0,0,0
20,175.0,7,0,0,0,0
20,176.5625,8,0,0,0,0
20,178.125,9,0,0,0,0
20,179.6875,10,0,0,0,0
20,181.25,11,0,0,0,0
20,182.8125,12,0,0,0,0
20,184.375,13,0,0,0,0
20,185.9375,14,0,0,0,0
20,187.5,15,0,0,0,0
20,189.0625,0,0,0,0,0
20,190.625,1,0,0,0,0
20,192.1875,2,0,0,0,0
20,193.75,3,0,0,0,0
20,195.3125,4,0,0,0,0
20,196.875,5,0,0,0,0
20,198.4375,6,0,0,0,0
20,200.0,7,0,0,0,0
20,201.5625,8,0,0,0,0
20,203.125,9,0,0,0,0
20,204.6875,10,0,0,0,0
20,206.25,11,0,0,0,0
20,207.8125,12,0,0,0,0
20,209.375,13,0,0,0,0
20,210.9375,14,0,0,0,0
20,212.5,15,0,0,0,0
20,214.0625,0,0,0,0,0
20,215.625,1,0,0,0,0
20,217.1875,2,0,0,0,0
20,218.75,3,0,0,0,0
20,220.3125,4,0,0,0,0
20,221.875,5,0,0,0,0
20,223.4375,6,0,0,0,0
20,225.0,7,0,0,0,0
20,226.5625,8,0,0,0,0
20,228.125,9,0,0,0,0
20,229.6875,10,0,0,0,0
20,231.25,11,0,0,0,0
20,232.8125,12,0,0,0,0
20,234.375,13,0,0,0,0
20,235.9375,14,0,0,0,0
20,237.5,15,0,0,0,0
20,239.0625,0,0,0,0,0
20,240.625,1,0,0,0,0
20,242.1875,2,0,0,0,0
20,243.75,3,0,0,0,0
20,245.3125,4,0,0,0,0
20,246.875,5,0,0,0,0
20,248.4375,6,0,0,0,0
20,250.0,7,0,0,0,0
20,251.5625,8,0,0,0,0
20,253.125,9,0,0,0,0
20,254.6875,10,0,0,0,0
20,256.25,11,0,0,0,0
20,257.8125,12,0,0,0,0
20,259.375,13,0,0,0,0
20,260.9375,14,0,0,0,0
20,262.5,15,0,0,0,0
20,264.0625,0,0,0,0,0
20,265.625,1,0,0,0,0
20,267.1875,2,0,0,0,0
20,268.75,3,0,0,0,0
20,270.3125,4,0,0,0,0
20,271.875,5,0,0,0,0
20,273.4375,6,0,0,0,0
21,0.0,7,0,0,0,0
21,1.5625,8,0,0,0,0
21,3.125,9,0,0,0,0
21,4.6875,10,0,0,0,0
21,6.25,11,0,0,0,0
21,7.8125,12,0,0,0,0
21,9.375,13,0,0,0,0
21,10.9375,14,0,0,0,0
21,12.5,15,0,0,0,0
21,14.0625,0,0,0,0,0
21,15.625,1,0,0,0,0
21,17.1875,2,0,0,0,0
21,18.75,3,0,0,0,0
21,20.3125,4,0,0,0,0
21,21.875,5,0,0,0,0
21,23.4375,6,0,0,0,0
21,25.0,7,0,0,0,0
21,26.5625,8,0,0,0,0
21,28.125,9,0,0,0,0
21,29.6875,10,0,0,0,0
21,31.25,11,0,0,0,0
21,32.8125,12,0,0,0,0
21,34.375,13,0,0,0,0
21,35.9375,14,0,0,0,0
21,37.5,15,0,0,0,0
21,39.0625,0,0,0,0,0
21,40.625,1,0,0,0,0
21,42.1875,2,0,0,0,0
21,43.75,3,0,0,0,0
21,45.3125,4,0,0,0,0
21,46.875,5,0,0,0,0
21,48.4375,6,0,0,0,0
21,50.0,7,0,0,0,0
21,51.5625,8,0,0,0,0
21,53.125,9,0,0,0,0
21,54.6875,10,0,0,0,0
21,56.25,11,0,0,0,0
21,57.8125,12,0,0,0,0
21,59.375,13,0,0,0,0
21,60.9375,14,0,0,0,0
21,62.5,15,0,0,0,0
21,64.0625,0,0,0,0,0
21,65.625,1,0,0,0,0
21,67.1875,2,0,0,0,0
21,68.75,3,0,0,0,0
21,70.3125,4,0,0,0,0
21,71.875,5,0,0,0,0
21,73.4375,6,0,0,0,0
21,75.0,7,0,0,0,0
21,76.5625,8,0,0,0,0
21,78.125,9,0,0,0,0
21,79.6875,10,0,0,0,0
21,81.25,11,0,0,0,0
21,82.8125,12,0,0,0,0
21,84.375,13,0,0,0,0
21,85.9375,14,0,0,0,0
21,87.5,15,0,0,0,0
21,89.0625,0,0,0,0,0
21,90.625,1,0,0,0,0
21,92.1875,2,0,0,0,0
21,93.75,3,0,0,0,0
21,95.3125,4,0,0,0,0
21,96.875,5,0,0,0,0
21,98.4375,6,0,0,0,0
21,100.0,7,0,0,0,0
21,101.5625,8,0,0,0,0
21,103.125,9,0,0,0,0
21,104.6875,10,0,0,0,0
21,106.25,11,0,0,0,0
21,107.8125,12,0,0,0,0
21,109.375,13,0,0,0,0
21,110.9375,14,0,0,0,0
21,112.5,15,0,0,0,0
21,114.0625,0,0,0,0,0
21,115.625,1,0,0,0,0
21,117.1875,2,0,0,0,0
21,118.75,3,0,0,0,0
21,120.3125,4,0,0,0,0
21,121.875,5,0,0,0,0
21,123.4375,6,0,0,0,0
21,125.0,7,0,0,0,0
21,126.5625,8,0,0,0,0
21,128.125,9,0,0,0,0
21,129.6875,10,0,0,0,0
21,131.25,11,0,0,0,0
21,132.8125,12,0,0,0,0
21,134.375,13,0,0,0,0
21,135.9375,14,0,0,0,0
21,137.5,15,0,0,0,0
21,139.0625,0,0,0,0,0
21,140.625,1,0,0,0,0
21,142.1875,2,0,0,0,0
21,143.75,3,0,0,0,0
21,145.3125,4,0,0,0,0
21,146.875,5,0,0,0,0
21,148.4375,6,0,0,0,0
21,150.0,7,0,0,0,0
21,151.5625,8,0,0,0,0
21,153.125,9,0,0,0,0
21,154.6875,10,0,0,0,0
21,156.25,11,0,0,0,0
21,157.8125,12,0,0,0,0
21,159.375,13,0,0,0,0
21,160.9375,14,0,0,0,0
21,162.5,15,0,0,0,0
21,164.0625,0,0,0,0,0
21,165.625,1,0,0,0,0
21,167.1875,2,0,0,0,0
21,168.75,3,0,0,0,0
21,170.3125,4,0,0,0,0
21,171.875,5,0,0,0,0
21,173.4375,6,0,0,0,0
21,175.0,7,0,0,0,0
21,176.5625,8,0,0,0,0
21,178.125,9,0,0,0,0
21,179.6875,10,0,0,0,0
21,181.25,11,0,0,0,0
21,182.8125,12,0,0,0,0
21,184.375,13,0,0,0,0
21,185.9375,14,0,0,0,0
21,187.5,15,0,0,0,0
21,189.0625,0,0,0,0,0
21,190.625,1,0,0,0,0
21,192.1875,2,0,0,0,0
21,193.75,3,0,0,0,0
21,195.3125,4,0,0,0,0
21,196.875,5,0,0,0,0
21,198.4375,6,0,0,0,0
21,200.0,7,0,0,0,0
21,201.5625,8,0,0,0,0
21,203.125,9,0,0,0,0
21,204.6875,10,0,0,0,0
21,206.25,11,0,0,0,0
21,207.8125,12,0,0,0,0
21,209.375,13,0,0,0,0
21,210.9375,14,0,0,0,0
21,212.5,15,0,0,0,0
21,214.0625,0,0,0,0,0
21,215.625,1,0,0,0,0
21,217.1875,2,0,0,0,0
21,218.75,3,0,0,0,0
21,220.3125,4,0,0,0,0
21,221.875,5,0,0,0,0
21,223.4375,6,0,0,0,0
21,225.0,7,0,0,0,0
21,226.5625,8,0,0,0,0
21,228.125,9,0,0,0,0
21,229.6875,10,0,0,0,0
21,231.25,11,0,0,0,0
21,232.8125,12,0,0,0,0
21,234.375,13,0,0,0,0
21,235.9375,14,0,0,0,0
21,237.5,15,0,0,0,0
21,239.0625,0,0,0,0,0
21,240.625,1,0,0,0,0
21,242.1875,2,0,0,0,0
21,243.75,3,0,0,0,0
21,245.3125,4,0,0,0,0
21,246.875,5,0,0,0,0
21,248.4375,6,0,0,0,0
21,250.0,7,0,0,0,0
21,251.5625,8,0,0,0,0
21,253.125,9,0,0,0,0
21,254.6875,10,0,0,0,0
21,256.25,11,0,0,0,0
21,257.8125,12,0,0,0,0
21,259.375,13,0,0,0,0
21,260.9375,14,0,0,0,0
21,262.5,15,0,0,0,0
21,264.0625,0,0,0,0,0
21,265.625,1,0,0,0,0
21,267.1875,2,0,0,0,0
21,268.75,3,0,0,0,0
21,270.3125,4,0,0,0,0
21,271.875,5,0,0,0,0
21,273.4375,6,0,0,0,0
22,0.0,7,0,0,0,0
22,1.5625,8,0,0,0,0
22,3.125,9,0,0,0,0
22,4.6875,10,0,0,0,0
22,6.25,11,0,0,0,0
22,7.8125,12,0,0,0,0
22,9.375,13,0,0,0,0
22,10.9375,14,0,0,0,0
22,12.5,15,0,0,0,0
22,14.0625,0,0,0,0,0
22,15.625,1,0,0,0,0
22,17.1875,2,0,0,0,0
22,18.75,3,0,0,0,0
22,20.3125,4,0,0,0,0
22,21.875,5,0,0,0,0
22,23.4375,6,0,0,0,0
22,25.0,7,0,0,0,0
22,26.5625,8,0,0,0,0
22,28.125,9,0,0,0,0
22,29.6875,10,0,0,0,0
22,31.25,11,0,0,0,0
22,32.8125,12,0,0,0,0
22,34.375,13,0,0,0,0
22,35.9375,14,0,0,0,0
22,37.5,15,0,0,0,0
22,39.0625,0,0,0,0,0
22,40.625,1,0,0,0,0
22,42.1875,2,0,0,0,0
22,43.75,3,0,0,0,0
22,45.3125,4,0,0,0,0
22,46.875,5,0,0,0,0
22,48.4375,6,0,0,0,0
22,50.0,7,0,0,0,0
22,51.5625,8,0,0,0,0
22,53.125,9,0,0,0,0
22,54.6875,10,0,0,0,0
22,56.25,11,0,0,0,0
22,57.8125,12,0,0,0,0
22,59.375,13,0,0,0,0
22,60.9375,14,0,0,0,0
22,62.5,15,0,0,0,0
22,64.0625,0,0,0,0,0
22,65.625,1,0,0,0,0
22,67.1875,2,0,0,0,0
22,68.75,3,0,0,0,0
22,70.3125,4,0,0,0,0
22,71.875,5,0,0,0,0
22,73.4375,6,0,0,0,0
22,75.0,7,0,0,0,0
22,76.5625,8,0,0,0,0
22,78.125,9,0,0,0,0
22,79.6875,10,0,0,0,0
22,81.25,11,0,0,0,0
22,82.8125,12,0,0,0,0
22,84.375,13,0,0,0,0
22,85.9375,14,0,0,0,0
22,87.5,15,0,0,0,0
22,89.0625,0,0,0,0,0
22,90.625,1,0,0,0,0
22,92.1875,2,0,0,0,0
22,93.75,3,0,0,0,0
22,95.3125,4,0,0,0,0
22,96.875,5,0,0,0,0
22,98.4375,6,0,0,0,0
22,100.0,7,0,0,0,0
22,101.5625,8,0,0,0,0
22,103.125,9,0,0,0,0
22,104.6875,10,0,0,0,0
22,106.25,11,0,0,0,0
22,107.8125,12,0,0,0,0
22,109.375,13,0,0,0,0
22,110.9375,14,0,0,0,0
22,112.5,15,0,0,0,0
22,114.0625,0,0,0,0,0
22,115.625,1,0,0,0,0
22,117.1875,2,0,0,0,0
22,118.75,3,0,0,0,0
22,120.3125,4,0,0,0,0
22,121.875,5,0,0,0,0
22,123.4375,6,0,0,0,0
22,125.0,7,0,0,0,0
22,126.5625,8,0,0,0,0
22,128.125,9,0,0,0,0
22,129.6875,10,0,0,0,0
22,131.25,11,0,0,0,0
22,132.8125,12,0,0,0,0
22,134.375,13,0,0,0,0
22,135.9375,14,0,0,0,0
22,137.5,15,0,0,0,0
22,139.0625,0,0,0,0,0
22,140.625,1,0,0,0,0
22,142.1875,2,0,0,0,0
22,143.75,3,0,0,0,0
22,145.3125,4,0,0,0,0
22,146.875,5,0,0,0,0
22,148.4375,6,0,0,0,0
22,150.0,7,0,0,0,0
22,151.5625,8,0,0,0,0
22,153.125,9,0,0,0,0
22,154.6875,10,0,0,0,0
22,156.25,11,0,0,0,0
22,157.8125,12,0,0,0,0
22,159.375,13,0,0,0,0
22,160.9375,14,0,0,0,0
22,162.5,15,0,0,0,0
22,164.0625,0,0,0,0,0
22,165.625,1,0,0,0,0
22,167.1875,2,0,0,0,0
22,168.75,3,0,0,0,0
22,170.3125,4,0,0,0,0
22,171.875,5,0,0,0,0
22,173.4375,6,0,0,0,0
22,175.0,7,0,0,0,0
22,176.5625,8,0,0,0,0
22,178.125,9,0,0,0,0
22,179.6875,10,0,0,0,0
22,181.25,11,0,0,0,0
22,182.8125,12,0,0,0,0
22,184.375,13,0,0,0,0
22,185.9375,14,0,0,0,0
22,187.5,15,0,0,0,0
22,189.0625,0,0,0,0,0
22,190.625,1,0,0,0,0
22,192.1875,2,0,0,0,0
22,193.75,3,0,0,0,0
22,195.3125,4,0,0,0,0
22,196.875,5,0,0,0,0
22,198.4375,6,0,0,0,0
22,200.0,7,0,0,0,0
22,201.5625,8,0,0,0,0
22,203.125,9,0,0,0,0
22,204.6875,10,0,0,0,0
22,206.25,11,0,0,0,0
22,207.8125,12,0,0,0,0
22,209.375,13,0,0,0,0
22,210.9375,14,0,0,0,0
22,212.5,15,0,0,0,0
22,214.0625,0,0,0,0,0
22,215.625,1,0,0,0,0
22,217.1875,2,0,0,0,0
22,218.75,3,0,0,0,0
22,220.3125,4,0,0,0,0
22,221.875,5,0,0,0,0
22,223.4375,6,0,0,0,0
22,225.0,7,0,0,0,0
22,226.5625,8,0,0,0,0
22,228.125,9,0,0,0,0
22,229.6875,10,0,0,0,0
22,231.25,11,0,0,0,0
22,232.8125,12,0,0,0,0
22,234.375,13,0,0,0,0
22,235.9375,14,0,0,0,0
22,237.5,15,0,0,0,0
22,239.0625,0,0,0,0,0
22,240.625,1,0,0,0,0
22,242.1875,2,0,0,0,0
22,243.75,3,0,0,0,0
22,245.3125,4,0,0,0,0
22,246.875,5,0,0,0,0
22,248.4375,6,0,0,0,0
22,250.0,7,0,0,0,0
22,251.5625,8,0,0,0,0
22,253.125,9,0,0,0,0
22,254.6875,10,0,0,0,0
22,256.25,11,0,0,0,0
22,257.8125,12,0,0,0,0
22,259.375,13,0,0,0,0
22,260.9375,14,0,0,0,0
22,262.5,15,0,0,0,0
22,264.0625,0,0,0,0,0
22,265.625,1,0,0,0,0
22,267.1875,2,0,0,0,0
22,268.75,3,0,0,0,0
22,270.3125,4,0,0,0,0
22,271.875,5,0,0,0,0
22,273.4375,6,0,0,0,0
23,0.0,7,0,0,0,0
23,1.5625,8,0,0,0,0
23,3.125,9,0,0,0,0
23,4.6875,10,0,0,0,0
23,6.25,11,0,0,0,0
23,7.8125,12,0,0,0,0
23,9.375,13,0,0,0,0
23,10.9375,14,0,0,0,0
23,12.5,15,0,0,0,0
23,14.0625,0,0,0,0,0
23,15.625,1,0,0,0,0
23,17.1875,2,0,0,0,0
23,18.75,3,0,0,0,0
23,20.3125,4,0,0,0,0
23,21.875,5,0,0,0,0
23,23.4375,6,0,0,0,0
23,25.0,7,0,0,0,0
23,26.5625,8,0,0,0,0
23,28.125,9,0,0,0,0
23,29.6875,10,0,0,0,0
23,31.25,11,0,0,0,0
23,32.8125,12,0,0,0,0
23,34.375,13,0,0,0,0
23,35.9375,14,0,0,0,0
23,37.5,15,0,0,0,0
23,39.0625,0,0,0,0,0
23,40.625,1,0,0,0,0
23,42.1875,2,0,0,0,0
23,43.75,3,0,0,0,0
23,45.3125,4,0,0,0,0
23,46.875,5,0,0,0,0
23,48.4375,6,0,0,0,0
23,50.0,7,0,0,0,0
23,51.5625,8,0,0,0,0
23,53.125,9,0,0,0,0
23,54.6875,10,0,0,0,0
23,56.25,11,0,0,0,0
23,57.8125,12,0,0,0,0
23,59.375,13,0,0,0,0
23,60.9375,14,0,0,0,0
23,62.5,15,0,0,0,0
23,64.0625,0,0,0,0,0
23,65.625,1,0,0,0,0
23,67.1875,2,0,0,0,0
23,68.75,3,0,0,0,0
23,70.3125,4,0,0,0,0
23,71.875,5,0,0,0,0
23,73.4375,6,0,0,0,0
23,75.0,7,0,0,0,0
23,76.5625,8,0,0,0,0
23,78.125,9,0,0,0,0
23,79.6875,10,0,0,0,0
23,81.25,11,0,0,0,0
23,82.8125,12,0,0,0,0
23,84.375,13,0,0,0,0
23,85.9375,14,0,0,0,0
23,87.5,15,0,0,0,0
23,89.0625,0,0,0,0,0
23,90.625,1,0,0,0,0
23,92.1875,2,0,0,0,0
23,93.75,3,0,0,0,0
23,95.3125,4,0,0,0,0
23,96.875,5,0,0,0,0
23,98.4375,6,0,0,0,0
23,100.0,7,0,0,0,0
23,101.5625,8,0,0,0,0
23,103.125,9,0,0,0,0
23,104.6875,10,0,0,0,0
23,106.25,11,0,0,0,0
23,107.8125,12,0,0,0,0
23,109.375,13,0,0,0,0
23,110.9375,14,0,0,0,0
23,112.5,15,0,0,0,0
23,114.0625,0,0,0,0,0
23,115.625,1,0,0,0,0
23,117.1875,2,0,0,0,0
23,118.75,3,0,0,0,0
23,120.3125,4,0,0,0,0
23,121.875,5,0,0,0,0
23,123.4375,6,0,0,0,0
23,125.0,7,0,0,0,0
23,126.5625,8,0,0,0,0
23,128.125,9,0,0,0,0
23,129.6875,10,0,0,0,0
23,131.25,11,0,0,0,0
23,132.8125,12,0,0,0,0
23,134.375,13,0,0,0,0
23,135.9375,14,0,0,0,0
23,137.5,15,0,0,0,0
23,139.0625,0,0,0,0,0
23,140.625,1,0,0,0,0
23,142.1875,2,0,0,0,0
23,143.75,3,0,0,0,0
23,145.3125,4,0,0,0,0
23,146.875,5,0,0,0,0
23,148.4375,6,0,0,0,0
23,150.0,7,0,0,0,0
23,151.5625,8,0,0,0,0
23,153.125,9,0,0,0,0
23,154.6875,10,0,0,0,0
23,156.25,11,0,0,0,0
23,157.8125,12,0,0,0,0
23,159.375,13,0,0,0,0
23,160.9375,14,0,0,0,0
23,162.5,15,0,0,0,0
23,164.0625,0,0,0,0,0
23,165.625,1,0,0,0,0
23,167.1875,2,0,0,0,0
23,168.75,3,0,0,0,0
23,170.3125,4,0,0,0,0
23,171.875,5,0,0,0,0
23,173.4375,6,0,0,0,0
23,175.0,7,0,0,0,0
23,176.5625,8,0,0,0,0
23,178.125,9,0,0,0,0
23,179.6875,10,0,0,0,0
23,181.25,11,0,0,0,0
23,182.8125,12,0,0,0,0
23,184.375,13,0,0,0,0
23,185.9375,14,0,0,0,0
23,187.5,15,0,0,0,0
23,189.0625,0,0,0,0,0
23,190.625,1,0,0,0,0
23,192.1875,2,0,0,0,0
23,193.75,3,0,0,0,0
23,195.3125,4,0,0,0,0
23,196.875,5,0,0,0,0
23,198.4375,6,0,0,0,0
23,200.0,7,0,0,0,0
23,201.5625,8,0,0,0,0
23,203.125,9,0,0,0,0
23,204.6875,10,0,0,0,0
23,206.25,11,0,0,0,0
23,207.8125,12,0,0,0,0
23,209.375,13,0,0,0,0
23,210.9375,14,0,0,0,0
23,212.5,15,0,0,0,0
23,214.0625,0,0,0,0,0
23,215.625,1,0,0,0,0
23,217.1875,2,0,0,0,0
23,218.75,3,0,0,0,0
23,220.3125,4,0,0,0,0
23,221.875,5,0,0,0,0
23,223.4375,6,0,0,0,0
23,225.0,7,0,0,0,0
23,226.5625,8,0,0,0,0
23,228.125,9,0,0,0,0
23,229.6875,10,0,0,0,0
23,231.25,11,0,0,0,0
23,232.8125,12,0,0,0,0
23,234.375,13,0,0,0,0
23,235.9375,14,0,0,0,0
23,237.5,15,0,0,0,0
23,239.0625,0,0,0,0,0
23,240.625,1,0,0,0,0
23,242.1875,2,0,0,0,0
23,243.75,3,0,0,0,0
23,245.3125,4,0,0,0,0
23,246.875,5,0,0,0,0
23,248.4375,6,0,0,0,0
23,250.0,7,0,0,0,0
23,251.5625,8,0,0,0,0
23,253.125,9,0,0,0,0
23,254.6875,10,0,0,0,0
23,256.25,11,0,0,0,0
23,257.8125,12,0,0,0,0
23,259.375,13,0,0,0,0
23,260.9375,14,0,0,0,0
23,262.5,15,0,0,0,0
23,264.0625,0,0,0,0,0
23,265.625,1,0,0,0,0
23,267.1875,2,0,0,0,0
23,268.75,3,0,0,0,0
23,270.3125,4,0,0,0,0
23,271.875,5,0,0,0,0
23,273.4375,6,0,0,0,0
24,0.0,7,0,0,0,0
24,1.5625,8,0,0,0,0
24,3.125,9,0,0,0,0
24,4.6875,10,0,0,0,0
24,6.25,11,0,0,0,0
24,7.8125,12,0,0,0,0
24,9.375,13,0,0,0,0
24,10.9375,14,0,0,0,0
24,12.5,15,0,0,0,0
24,14.0625,0,0,0,0,0
24,15.625,1,0,0,0,0
24,17.1875,2,0,0,0,0
24,18.75,3,0,0,0,0
24,20.3125,4,0,0,0,0
24,21.875,5,0,0,0,0
24,23.4375,6,0,0,0,0
24,25.0,7,0,0,0,0
24,26.5625,8,0,0,0,0
24,28.125,9,0,0,0,0
24,29.6875,10,0,0,0,0
24,31.25,11,0,0,0,0
24,32.8125,12,0,0,0,0
24,34.375,13,0,0,0,0
24,35.9375,14,0,0,0,0
24,37.5,15,0,0,0,0
24,39.0625,0,0,0,0,0
24,40.625,1,0,0,0,0
24,42.1875,2,0,0,0,0
24,43.75,3,0,0,0,0
24,45.3125,4,0,0,0,0
24,46.875,5,0,0,0,0
24,48.4375,6,0,0,0,0
24,50.0,7,0,0,0,0
24,51.5625,8,0,0,0,0
24,53.125,9,0,0,0,0
24,54.6875,10,0,0,0,0
24,56.25,11,0,0,0,0
24,57.8125,12,0,0,0,0
24,59.375,13,0,0,0,0
24,60.9375,14,0,0,0,0
24,62.5,15,0,0,0,0
24,64.0625,0,0,0,0,0
24,65.625,1,0,0,0,0
24,67.1875,2,0,0,0,0
24,68.75,3,0,0,0,0
24,70.3125,4,0,0,0,0
24,71.875,5,0,0,0,0
24,73.4375,6,0,0,0,0
24,75.0,7,0,0,0,0
24,76.5625,8,0,0,0,0
24,78.125,9,0,0,0,0
24,79.6875,10,0,0,0,0
24,81.25,11,0,0,0,0
24,82.8125,12,0,0,0,0
24,84.375,13,0,0,0,0
24,85.9375,14,0,0,0,0
24,87.5,15,0,0,0,0
24,89.0625,0,0,0,0,0
24,90.625,1,0,0,0,0
24,92.1875,2,0,0,0,0
24,93.75,3,0,0,0,0
24,95.3125,4,0,0,0,0
24,96.875,5,0,0,0,0
24,98.4375,6,0,0,0,0
24,100.0,7,0,0,0,0
24,101.5625,8,0,0,0,0
24,103.125,9,0,0,0,0
24,104.6875,10,0,0,0,0
24,106.25,11,0,0,0,0
24,107.8125,12,0,0,0,0
24,109.375,13,0,0,0,0
24,110.9375,14,0,0,0,0
24,112.5,15,0,0,0,0
24,114.0625,0,0,0,0,0
24,115.625,1,0,0,0,0
24,117.1875,2,0,0,0,0
24,118.75,3,0,0,0,0
24,120.3125,4,0,0,0,0
24,121.875,5,0,0,0,0
24,123.4375,6,0,0,0,0
24,125.0,7,0,0,0,0
24,126.5625,8,0,0,0,0
24,128.125,9,0,0,0,0
24,129.6875,10,0,0,0,0
24,131.25,11,0,0,0,0
24,132.8125,12,0,0,0,0
24,134.375,13,0,0,0,0
24,135.9375,14,0,0,0,0
24,137.5,15,0,0,0,0
24,139.0625,0,0,0,0,0
24,140.625,1,0,0,0,0
24,142.1875,2,0,0,0,0
24,143.75,3,0,0,0,0
24,145.3125,4,0,0,0,0
24,146.875,5,0,0,0,0
24,148.4375,6,0,0,0,0
24,150.0,7,0,0,0,0
24,151.5625,8,0,0,0,0
24,153.125,9,0,0,0,0
24,154.6875,10,0,0,0,0
24,156.25,11,0,0,0,0
24,157.8125,12,0,0,0,0
24,159.375,13,0,0,0,0
24,160.9375,14,0,0,0,0
24,162.5,15,0,0,0,0
24,164.0625,0,0,0,0,0
24,165.625,1,0,0,0,0
24,167.1875,2,0,0,0,0
24,168.75,3,0,0,0,0
24,170.3125,4,0,0,0,0
24,171.875,5,0,0,0,0
24,173.4375,6,0,0,0,0
24,175.0,7,0,0,0,0
24,176.5625,8,0,0,0,0
24,178.125,9,0,0,0,0
24,179.6875,10,0,0,0,0
24,181.25,11,0,0,0,0
24,182.8125,12,0,0,0,0
24,184.375,13,0,0,0,0
24,185.9375,14,0,0,0,0
24,187.5,15,0,0,0,0
24,189.0625,0,0,0,0,0
24,190.625,1,0,0,0,0
24,192.1875,2,0,0,0,0
24,193.75,3,0,0,0,0
24,195.3125,4,0,0,0,0
24,196.875,5,0,0,0,0
24,198.4375,6,0,0,0,0
24,200.0,7,0,0,0,0
24,201.5625,8,0,0,0,0
24,203.125,9,0,0,0,0
24,204.6875,10,0,0,0,0
24,206.25,11,0,0,0,0
24,207.8125,12,0,0,0,0
24,209.375,13,0,0,0,0
24,210.9375,14,0,0,0,0
24,212.5,15,0,0,0,0
24,214.0625,0,0,0,0,0
24,215.625,1,0,0,0,0
24,217.1875,2,0,0,0,0
24,218.75,3,0,0,0,0
24,220.3125,4,0,0,0,0
24,221.875,5,0,0,0,0
24,223.4375,6,0,0,0,0
24,225.0,7,0,0,0,0
24,226.5625,8,0,0,0,0
24,228.125,9,0,0,0,0
24,229.6875,10,0,0,0,0
24,231.25,11,0,0,0,0
24,232.8125,12,0,0,0,0
24,234.375,13,0,0,0,0
24,235.9375,14,0,0,0,0
24,237.5,15,0,0,0,0
24,239.0625,0,0,0,0,0
24,240.625,1,0,0,0,0
24,242.1875,2,0,0,0,0
24,243.75,3,0,0,0,0
24,245.3125,4,0,0,0,0
24,246.875,5,0,0,0,0
24,248.4375,6,0,0,0,0
24,250.0,7,0,0,0,0
24,251.5625,8,0,0,0,0
24,253.125,9,0,0,0,0
24,254.6875,10,0,0,0,0
24,256.25,11,0,0,0,0
24,257.8125,12,0,0,0,0
24,259.375,13,0,0,0,0
24,260.9375,14,0,0,0,0
24,262.5,15,0,0,0,0
24,264.0625,0,0,0,0,0
24,265.625,1,0,0,0,0
24,267.1875,2,0,0,0,0
24,268.75,3,0,0,0,0
24,270.3125,4,0,0,0,0
24,271.875,5,0,0,0,0
24,273.4375,6,0,0,0,0
25,0.0,7,0,0,0,0
25,1.5625,8,0,0,0,0
25,3.125,9,0,0,0,0
25,4.6875,10,0,0,0,0
25,6.25,11,0,0,0,0
25,7.8125,12,0,0,0,0
25,9.375,13,0,0,0,0
25,10.9375,14,0,0,0,0
25,12.5,15,0,0,0,0
25,14.0625,0,0,0,0,0
25,15.625,1,0,0,0,0
25,17.1875,2,0,0,0,0
25,18.75,3,0,0,0,0
25,20.3125,4,0,0,0,0
25,21.875,5,0,0,0,0
25,23.4375,6,0,0,0,0
25,25.0,7,0,0,0,0
25,26.5625,8,0,0,0,0
25,28.125,9,0,0,0,0
25,29.6875,10,0,0,0,0
25,31.25,11,0,0,0,0
25,32.8125,12,0,0,0,0
25,34.375,13,0,0,0,0
25,35.9375,14,0,0,0,0
25,37.5,15,0,0,0,0
25,39.0625,0,0,0,0,0
25,40.625,1,0,0,0,0
25,42.1875,2,0,0,0,0
25,43.75,3,0,0,0,0
25,45.3125,4,0,0,0,0
25,46.875,5,0,0,0,0
25,48.4375,6,0,0,0,0
25,50.0,7,0,0,0,0
25,51.5625,8,0,0,0,0
25,53.125,9,0,0,0,0
25,54.6875,10,0,0,0,0
25,56.25,11,0,0,0,0
25,57.8125,12,0,0,0,0
25,59.375,13,0,0,0,0
25,60.9375,14,0,0,0,0
25,62.5,15,0,0,0,0
25,64.0625,0,0,0,0,0
25,65.625,1,0,0,0,0
25,67.1875,2,0,0,0,0
25,68.75,3,0,0,0,0
25,70.3125,4,0,0,0,0
25,71.875,5,0,0,0,0
25,73.4375,6,0,0,0,0
25,75.0,7,0,0,0,0
25,76.5625,8,0,0,0,0
25,78.125,9,0,0,0,0
25,79.6875,10,0,0,0,0
25,81.25,11,0,0,0,0
25,82.8125,12,0,0,0,0
25,84.375,13,0,0,0,0
25,85.9375,14,0,0,0,0
25,87.5,15,0,0,0,0
25,89.0625,0,0,0,0,0
25,90.625,1,0,0,0,0
25,92.1875,2,0,0,0,0
25,93.75,3,0,0,0,0
25,95.3125,4,0,0,0,0
25,96.875,5,0,0,0,0
25,98.4375,6,0,0,0,0
25,100.0,7,0,0,0,0
25,101.5625,8,0,0,0,0
25,103.125,9,0,0,0,0
25,104.6875,10,0,0,0,0
25,106.25,11,0,0,0,0
25,107.8125,12,0,0,0,0
25,109.375,13,0,0,0,0
25,110.9375,14,0,0,0,0
25,112.5,15,0,0,0,0
25,114.0625,0,0,0,0,0
25,115.625,1,0,0,0,0
25,117.1875,2,0,0,0,0
25,118.75,3,0,0,0,0
25,120.3125,4,0,0,0,0
25,121.875,5,0,0,0,0
25,123.4375,6,0,0,0,0
25,125.0,7,0,0,0,0
25,126.5625,8,0,0,0,0
25,128.125,9,0,0,0,0
25,129.6875,10,0,0,0,0
25,131.25,11,0,0,0,0
25,132.8125,12,0,0,0,0
25,134.375,13,0,0,0,0
25,135.9375,14,0,0,0,0
25,137.5,15,0,0,0,0
25,139.0625,0,0,0,0,0
25,140.625,1,0,0,0,0
25,142.1875,2,0,0,0,0
25,143.75,3,0,0,0,0
25,145.3125,4,0,0,0,0
25,146.875,5,0,0,0,0
25,148.4375,6,0,0,0,0
25,150.0,7,0,0,0,0
25,151.5625,8,0,0,0,0
25,153.125,9,0,0,0,0
25,154.6875,10,0,0,0,0
25,156.25,11,0,0,0,0
25,157.8125,12,0,0,0,0
25,159.375,13,0,0,0,0
25,160.9375,14,0,0,0,0
25,162.5,15,0,0,0,0
25,164.0625,0,0,0,0,0
25,165.625,1,0,0,0,0
25,167.1875,2,0,0,0,0
25,168.75,3,0,0,0,0
25,170.3125,4,0,0,0,0
25,171.875,5,0,0,0,0
25,173.4375,6,0,0,0,0
25,175.0,7,0,0,0,0
25,176.5625,8,0,0,0,0
25,178.125,9,0,0,0,0
25,179.6875,10,0,0,0,0
25,181.25,11,0,0,0,0
25,182.8125,12,0,0,0,0
25,184.375,13,0,0,0,0
25,185.9375,14,0,0,0,0
25,187.5,15,0,0,0,0
25,189.0625,0,0,0,0,0
25,190.625,1,0,0,0,0
25,192.1875,2,0,0,0,0
25,193.75,3,0,0,0,0
25,195.3125,4,0,0,0,0
25,196.875,5,0,0,0,0
25,198.4375,6,0,0,0,0
25,200.0,7,0,0,0,0
25,201.5625,8,0,0,0,0
25,203.125,9,0,0,0,0
25,204.6875,10,0,0,0,0
25,206.25,11,0,0,0,0
25,207.8125,12,0,0,0,0
25,209.375,13,0,0,0,0
25,210.9375,14,0,0,0,0
25,212.5,15,0,0,0,0
25,214.0625,0,0,0,0,0
25,215.625,1,0,0,0,0
25,217.1875,2,0,0,0,0
25,218.75,3,0,0,0,0
25,220.3125,4,0,0,0,0
25,221.875,5,0,0,0,0
25,223.4375,6,0,0,0,0
25,225.0,7,0,0,0,0
25,226.5625,8,0,0,0,0
25,228.125,9,0,0,0,0
25,229.6875,10,0,0,0,0
25,231.25,11,0,0,0,0
25,232.8125,12,0,0,0,0
25,234.375,13,0,0,0,0
25,235.9375,14,0,0,0,0
25,237.5,15,0,0,0,0
25,239.0625,0,0,0,0,0
25,240.625,1,0,0,0,0
25,242.1875,2,0,0,0,0
25,243.75,3,0,0,0,0
25,245.3125,4,0,0,0,0
25,246.875,5,0,0,0,0
25,248.4375,6,0,0,0,0
25,250.0,7,0,0,0,0
25,251.5625,8,0,0,0,0
25,253.125,9,0,0,0,0
25,254.6875,10,0,0,0,0
25,256.25,11,0,0,0,0
25,257.8125,12,0,0,0,0
25,259.375,13,0,0,0,0
25,260.9375,14,0,0,0,0
25,262.5,15,0,0,0,0
25,264.0625,0,0,0,0,0
25,265.625,1,0,0,0,0
25,267.1875,2,0,0,0,0
25,268.75,3,0,0,0,0
25,270.3125,4,0,0,0,0
25,271.875,5,0,0,0,0
25,273.4375,6,0,0,0,0
26,0.0,7,0,0,0,0
26,1.5625,8,0,0,0,0
26,3.125,9,0,0,0,0
26,4.6875,10,0,0,0,0
26,6.25,11,0,0,0,0
26,7.8125,12,0,0,0,0
26,9.375,13,0,0,0,0
26,10.9375,14,0,0,0,0
26,12.5,15,0,0,0,0
26,14.0625,0,0,0,0,0
26,15.625,1,0,0,0,0
26,17.1875,2,0,0,0,0
26,18.75,3,0,0,0,0
26,20.3125,4,0,0,0,0
26,21.875,5,0,0,0,0
26,23.4375,6,0,0,0,0
26,25.0,7,0,0,0,0
26,26.5625,8,0,0,0,0
26,28.125,9,0,0,0,0
26,29.6875,10,0,0,0,0
26,31.25,11,0,0,0,0
26,32.8125,12,0,0,0,0
26,34.375,13,0,0,0,0
26,35.9375,14,0,0,0,0
26,37.5,15,0,0,0,0
26,39.0625,0,0,0,0,0
26,40.625,1,0,0,0,0
26,42.1875,2,0,0,0,0
26,43.75,3,0,0,0,0
26,45.3125,4,0,0,0,0
26,46.875,5,0,0,0,0
26,48.4375,6,0,0,0,0
26,50.0,7,0,0,0,0
26,51.5625,8,0,0,0,0
26,53.125,9,0,0,0,0
26,54.6875,10,0,0,0,0
26,56.25,11,0,0,0,0
26,57.8125,12,0,0,0,0
26,59.375,13,0,0,0,0
26,60.9375,14,0,0,0,0
26,62.5,15,0,0,0,0
26,64.0625,0,0,0,0,0
26,65.625,1,0,0,0,0
26,67.1875,2,0,0,0,0
26,68.75,3,0,0,0,0
26,70.3125,4,0,0,0,0
26,71.875,5,0,0,0,0
26,73.4375,6,0,0,0,0
26,75.0,7,0,0,0,0
26,76.5625,8,0,0,0,0
26,78.125,9,0,0,0,0
26,79.6875,10,0,0,0,0
26,81.25,11,0,0,0,0
26,82.8125,12,0,0,0,0
26,84.375,13,0,0,0,0
26,85.9375,14,0,0,0,0
26,87.5,15,0,0,0,0
26,89.0625,0,0,0,0,0
26,90.625,1,0,0,0,0
26,92.1875,2,0,0,0,0
26,93.75,3,0,0,0,0
26,95.3125,4,0,0,0,0
26,96.875,5,0,0,0,0
26,98.4375,6,0,0,0,0
26,100.0,7,0,0,0,0
26,101.5625,8,0,0,0,0
26,103.125,9,0,0,0,0
26,104.6875,10,0,0,0,0
26,106.25,11,0,0,0,0
26,107.8125,12,0,0,0,0
26,109.375,13,0,0,0,0
26,110.9375,14,0,0,0,0
26,112.5,15,0,0,0,0
26,114.0625,0,0,0,0,0
26,115.625,1,0,0,0,0
26,117.1875,2,0,0,0,0
26,118.75,3,0,0,0,0
26,120.3125,4,0,0,0,0
26,121.875,5,0,0,0,0
26,123.4375,6,0,0,0,0
26,125.0,7,0,0,0,0
26,126.5625,8,0,0,0,0
26,128.125,9,0,0,0,0
26,129.6875,10,0,0,0,0
26,131.25,11,0,0,0,0
26,132.8125,12,0,0,0,0
26,134.375,13,0,0,0,0
26,135.9375,14,0,0,0,0
26,137.5,15,0,0,0,0
26,139.0625,0,0,0,0,0
26,140.625,1,0,0,0,0
26,142.1875,2,0,0,0,0
26,143.75,3,0,0,0,0
26,145.3125,4,0,0,0,0
26,146.875,5,0,0,0,0
26,148.4375,6,0,0,0,0
26,150.0,7,0,0,0,0
26,151.5625,8,0,0,0,0
26,153.125,9,0,0,0,0
26,154.6875,10,0,0,0,0
26,156.25,11,0,0,0,0
26,157.8125,12,0,0,0,0
26,159.375,13,0,0,0,0
26,160.9375,14,0,0,0,0
26,162.5,15,0,0,0,0
26,164.0625,0,0,0,0,0
26,165.625,1,0,0,0,0
26,167.1875,2,0,0,0,0
26,168.75,3,0,0,0,0
26,170.3125,4,0,0,0,0
26,171.875,5,0,0,0,0
26,173.4375,6,0,0,0,0
26,175.0,7,0,0,0,0
26,176.5625,8,0,0,0,0
26,178.125,9,0,0,0,0
26,179.6875,10,0,0,0,0
26,181.25,11,0,0,0,0
26,182.8125,12,0,0,0,0
26,184.375,13,0,0,0,0
26,185.9375,14,0,0,0,0
26,187.5,15,0,0,0,0
26,189.0625,0,0,0,0,0
26,190.625,1,0,0,0,0
26,192.1875,2,0,0,0,0
26,193.75,3,0,0,0,0
26,195.3125,4,0,0,0,0
26,196.875,5,0,0,0,0
26,198.4375,6,0,0,0,0
26,200.0,7,0,0,0,0
26,201.5625,8,0,0,0,0
26,203.125,9,0,0,0,0
26,204.6875,10,0,0,0,0
26,206.25,11,0,0,0,0
26,207.8125,12,0,0,0,0
26,209.375,13,0,0,0,0
26,210.9375,14,0,0,0,0
26,212.5,15,0,0,0,0
26,214.0625,0,0,0,0,0
26,215.625,1,0,0,0,0
26,217.1875,2,0,0,0,0
26,218.75,3,0,0,0,0
26,220.3125,4,0,0,0,0
26,221.875,5,0,0,0,0
26,223.4375,6,0,0,0,0
26,225.0,7,0,0,0,0
26,226.5625,8,0,0,0,0
26,228.125,9,0,0,0,0
26,229.6875,10,0,0,0,0
26,231.25,11,0,0,0,0
26,232.8125,12,0,0,0,0
26,234.375,13,0,0,0,0
26,235.9375,14,0,0,0,0
26,237.5,15,0,0,0,0
26,239.0625,0,0,0,0,0
26,240.625,1,0,0,0,0
26,242.1875,2,0,0,0,0
26,243.75,3,0,0,0,0
26,245.3125,4,0,0,0,0
26,246.875,5,0,0,0,0
26,248.4375,6,0,0,0,0
26,250.0,7,0,0,0,0
26,251.5625,8,0,0,0,0
26,253.125,9,0,0,0,0
26,254.6875,10,0,0,0,0
26,256.25,11,0,0,0,0
26,257.8125,12,0,0,0,0
26,259.375,13,0,0,0,0
26,260.9375,14,0,0,0,0
26,262.5,15,0,0,0,0
26,264.0625,0,0,0,0,0
26,265.625,1,0,0,0,0
26,267.1875,2,0,0,0,0
26,268.75,3,0,0,0,0
26,270.3125,4,0,0,0,0
26,271.875,5,0,0,0,0
26,273.4375,6,0,0,0,0
27,0.0,7,0,0,0,0
27,1.5625,8,0,0,0,0
27,3.125,9,0,0,0,0
27,4.6875,10,0,0,0,0
27,6.25,11,0,0,0,0
27,7.8125,12,0,0,0,0
27,9.375,13,0,0,0,0
27,10.9375,14,0,0,0,0
27,12.5,15,0,0,0,0
27,14.0625,0,0,0,0,0
27,15.625,1,0,0,0,0
27,17.1875,2,0,0,0,0
27,18.75,3,0,0,0,0
27,20.3125,4,0,0,0,0
27,21.875,5,0,0,0,0
27,23.4375,6,0,0,0,0
27,25.0,7,0,0,0,0
27,26.5625,8,0,0,0,0
27,28.125,9,0,0,0,0
27,29.6875,10,0,0,0,0
27,31.25,11,0,0,0,0
27,32.8125,12,0,0,0,0
27,34.375,13,0,0,0,0
27,35.9375,14,0,0,0,0
27,37.5,15,0,0,0,0
27,39.0625,0,0,0,0,0
27,40.625,1,0,0,0,0
27,42.1875,2,0,0,0,0
27,43.75,3,0,0,0,0
27,45.3125,4,0,0,0,0
27,46.875,5,0,0,0,0
27,48.4375,6,0,0,0,0
27,50.0,7,0,0,0,0
27,51.5625,8,0,0,0,0
27,53.125,9,0,0,0,0
27,54.6875,10,0,0,0,0
27,56.25,11,0,0,0,0
27,57.8125,12,0,0,0,0
27,59.375,13,0,0,0,0
27,60.9375,14,0,0,0,0
27,62.5,15,0,0,0,0
27,64.0625,0,0,0,0,0
27,65.625,1,0,0,0,0
27,67.1875,2,0,0,0,0
27,68.75,3,0,0,0,0
27,70.3125,4,0,0,0,0
27,71.875,5,0,0,0,0
27,73.4375,6,0,0,0,0
27,75.0,7,0,0,0,0
27,76.5625,8,0,0,0,0
27,78.125,9,0,0,0,0
27,79.6875,10,0,0,0,0
27,81.25,11,0,0,0,0
27,82.8125,12,0,0,0,0
27,84.375,13,0,0,0,0
27,85.9375,14,0,0,0,0
27,87.5,15,0,0,0,0
27,89.0625,0,0,0,0,0
27,90.625,1,0,0,0,0
27,92.1875,2,0,0,0,0
27,93.75,3,0,0,0,0
27,95.3125,4,0,0,0,0
27,96.875,5,0,0,0,0
27,98.4375,6,0,0,0,0
27,100.0,7,0,0,0,0
27,101.5625,8,0,0,0,0
27,103.125,9,0,0,0,0
27,104.6875,10,0,0,0,0
27,106.25,11,0,0,0,0
27,107.8125,12,0,0,0,0
27,109.375,13,0,0,0,0
27,110.9375,14,0,0,0,0
27,112.5,15,0,0,0,0
27,114.0625,0,0,0,0,0
27,115.625,1,0,0,0,0
27,117.1875,2,0,0,0,0
27,118.75,3,0,0,0,0
27,120.3125,4,0,0,0,0
27,121.875,5,0,0,0,0
27,123.4375,6,0,0,0,0
27,125.0,7,0,0,0,0
27,126.5625,8,0,0,0,0
27,128.125,9,0,0,0,0
27,129.6875,10,0,0,0,0
27,131.25,11,0,0,0,0
27,132.8125,12,0,0,0,0
27,134.375,13,0,0,0,0
27,135.9375,14,0,0,0,0
27,137.5,15,0,0,0,0
27,139.0625,0,0,0,0,0
27,140.625,1,0,0,0,0
27,142.1875,2,0,0,0,0
27,143.75,3,0,0,0,0
27,145.3125,4,0,0,0,0
27,146.875,5,0,0,0,0
27,148.4375,6,0,0,0,0
27,150.0,7,0,0,0,0
27,151.5625,8,0,0,0,0
27,153.125,9,0,0,0,0
27,154.6875,10,0,0,0,0
27,156.25,11,0,0,0,0
27,157.8125,12,0,0,0,0
27,159.375,13,0,0,0,0
27,160.9375,14,0,0,0,0
27,162.5,15,0,0,0,0
27,164.0625,0,0,0,0,0
27,165.625,1,0,0,0,0
27,167.1875,2,0,0,0,0
27,168.75,3,0,0,0,0
27,170.3125,4,0,0,0,0
27,171.875,5,0,0,0,0
27,173.4375,6,0,0,0,0
27,175.0,7,0,0,0,0
27,176.5625,8,0,0,0,0
27,178.125,9,0,0,0,0
27,179.6875,10,0,0,0,0
27,181.25,11,0,0,0,0
27,182.8125,12,0,0,0,0
27,184.375,13,0,0,0,0
27,185.9375,14,0,0,0,0
27,187.5,15,0,0,0,0
27,189.0625,0,0,0,0,0
27,190.625,1,0,0,0,0
27,192.1875,2,0,0,0,0
27,193.75,3,0,0,0,0
27,195.3125,4,0,0,0,0
27,196.875,5,0,0,0,0
27,198.4375,6,0,0,0,0
27,200.0,7,0,0,0,0
27,201.5625,8,0,0,0,0
27,203.125,9,0,0,0,0
27,204.6875,10,0,0,0,0
27,206.25,11,0,0,0,0
27,207.8125,12,0,0,0,0
27,209.375,13,0,0,0,0
27,210.9375,14,0,0,0,0
27,212.5,15,0,0,0,0
27,214.0625,0,0,0,0,0
27,215.625,1,0,0,0,0
27,217.1875,2,0,0,0,0
27,218.75,3,0,0,0,0
27,220.3125,4,0,0,0,0
27,221.875,5,0,0,0,0
27,223.4375,6,0,0,0,0
27,225.0,7,0,0,0,0
27,226.5625,8,0,0,0,0
27,228.125,9,0,0,0,0
27,229.6875,10,0,0,0,0
27,231.25,11,0,0,0,0
27,232.8125,12,0,0,0,0
27,234.375,13,0,0,0,0
27,235.9375,14,0,0,0,0
27,237.5,15,0,0,0,0
27,239.0625,0,0,0,0,0
27,240.625,1,0,0,0,0
27,242.1875,2,0,0,0,0
27,243.75,3,0,0,0,0
27,245.3125,4,0,0,0,0
27,246.875,5,0,0,0,0
27,248.4375,6,0,0,0,0
27,250.0,7,0,0,0,0
27,251.5625,8,0,0,0,0
27,253.125,9,0,0,0,0
27,254.6875,10,0,0,0,0
27,256.25,11,0,0,0,0
27,257.8125,12,0,0,0,0
27,259.375,13,0,0,0,0
27,260.9375,14,0,0,0,0
27,262.5,15,0,0,0,0
27,264.0625,0,0,0,0,0
27,265.625,1,0,0,0,0
27,267.1875,2,0,0,0,0
27,268.75,3,0,0,0,0
27,270.3125,4,0,0,0,0
27,271.875,5,0,0,0,0
27,273.4375,6,0,0,0,0
28,0.0,7,0,0,0,0
28,1.5625,8,0,0,0,0
28,3.125,9,0,0,0,0
28,4.6875,10,0,0,0,0
28,6.25,11,0,0,0,0
28,7.8125,12,0,0,0,0
28,9.375,13,0,0,0,0
28,10.9375,14,0,0,0,0
28,12.5,15,0,0,0,0
28,14.0625,0,0,0,0,0
28,15.625,1,0,0,0,0
28,17.1875,2,0,0,0,0
28,18.75,3,0,0,0,0
28,20.3125,4,0,0,0,0
28,21.875,5,0,0,0,0
28,23.4375,6,0,0,0,0
28,25.0,7,0,0,0,0
28,26.5625,8,0,0,0,0
28,28.125,9,0,0,0,0
28,29.6875,10,0,0,0,0
28,31.25,11,0,0,0,0
28,32.8125,12,0,0,0,0
28,34.375,13,0,0,0,0
28,35.9375,14,0,0,0,0
28,37.5,15,0,0,0,0
28,39.0625,0,0,0,0,0
28,40.625,1,0,0,0,0
28,42.1875,2,0,0,0,0
28,43.75,3,0,0,0,0
28,45.3125,4,0,0,0,0
28,46.875,5,0,0,0,0
28,48.4375,6,0,0,0,0
28,50.0,7,0,0,0,0
28,51.5625,8,0,0,0,0
28,53.125,9,0,0,0,0
28,54.6875,10,0,0,0,0
28,56.25,11,0,0,0,0
28,57.8125,12,0,0,0,0
28,59.375,13,0,0,0,0
28,60.9375,14,0,0,0,0
28,62.5,15,0,0,0,0
28,64.0625,0,0,0,0,0
28,65.625,1,0,0,0,0
28,67.1875,2,0,0,0,0
28,68.75,3,0,0,0,0
28,70.3125,4,0,0,0,0
28,71.875,5,0,0,0,0
28,73.4375,6,0,0,0,0
28,75.0,7,0,0,0,0
28,76.5625,8,0,0,0,0
28,78.125,9,0,0,0,0
28,79.6875,10,0,0,0,0
28,81.25,11,0,0,0,0
28,82.8125,12,0,0,0,0
28,84.375,13,0,0,0,0
28,85.9375,14,0,0,0,0
28,87.5,15,0,0,0,0
28,89.0625,0,0,0,0,0
28,90.625,1,0,0,0,0
28,92.1875,2,0,0,0,0
28,93.75,3,0,0,0,0
28,95.3125,4,0,0,0,0
28,96.875,5,0,0,0,0
28,98.4375,6,0,0,0,0
28,100.0,7,0,0,0,0
28,101.5625,8,0,0,0,0
28,103.125,9,0,0,0,0
28,104.6875,10,0,0,0,0
28,106.25,11,0,0,0,0
28,107.8125,12,0,0,0,0
28,109.375,13,0,0,0,0
28,110.9375,14,0,0,0,0
28,112.5,15,0,0,0,0
28,114.0625,0,0,0,0,0
28,115.625,1,0,0,0,0
28,117.1875,2,0,0,0,0
28,118.75,3,0,0,0,0
28,120.3125,4,0,0,0,0
28,121.875,5,0,0,0,0
28,123.4375,6,0,0,0,0
28,125.0,7,0,0,0,0
28,126.5625,8,0,0,0,0
28,128.125,9,0,0,0,0
28,129.6875,10,0,0,0,0
28,131.25,11,0,0,0,0
28,132.8125,12,0,0,0,0
28,134.375,13,0,0,0,0
28,135.9375,14,0,0,0,0
28,137.5,15,0,0,0,0
28,139.0625,0,0,0,0,0
28,140.625,1,0,0,0,0
28,142.1875,2,0,0,0,0
28,143.75,3,0,0,0,0
28,145.3125,4,0,0,0,0
28,146.875,5,0,0,0,0
28,148.4375,6,0,0,0,0
28,150.0,7,0,0,0,0
28,151.5625,8,0,0,0,0
28,153.125,9,0,0,0,0
28,154.6875,10,0,0,0,0
28,156.25,11,0,0,0,0
28,157.8125,12,0,0,0,0
28,159.375,13,0,0,0,0
28,160.9375,14,0,0,0,0
28,162.5,15,0,0,0,0
28,164.0625,0,0,0,0,0
28,165.625,1,0,0,0,0
28,167.1875,2,0,0,0,0
28,168.75,3,0,0,0,0
28,170.3125,4,0,0,0,0
28,171.875,5,0,0,0,0
28,173.4375,6,0,0,0,0
28,175.0,7,0,0,0,0
28,176.5625,8,0,0,0,0
28,178.125,9,0,0,0,0
28,179.6875,10,0,0,0,0
28,181.25,11,0,0,0,0
28,182.8125,12,0,0,0,0
28,184.375,13,0,0,0,0
28,185.9375,14,0,0,0,0
28,187.5,15,0,0,0,0
28,189.0625,0,0,0,0,0
28,190.625,1,0,0,0,0
28,192.1875,2,0,0,0,0
28,193.75,3,0,0,0,0
28,195.3125,4,0,0,0,0
28,196.875,5,0,0,0,0
28,198.4375,6,0,0,0,0
28,200.0,7,0,0,0,0
28,201.5625,8,0,0,0,0
28,203.125,9,0,0,0,0
28,204.6875,10,0,0,0,0
28,206.25,11,0,0,0,0
28,207.8125,12,0,0,0,0
28,209.375,13,0,0,0,0
28,210.9375,14,0,0,0,0
28,212.5,15,0,0,0,0
28,214.0625,0,0,0,0,0
28,215.625,1,0,0,0,0
28,217.1875,2,0,0,0,0
28,218.75,3,0,0,0,0
28,220.3125,4,0,0,0,0
28,221.875,5,0,0,0,0
28,223.4375,6,0,0,0,0
28,225.0,7,0,0,0,0
28,226.5625,8,0,0,0,0
28,228.125,9,0,0,0,0
28,229.6875,10,0,0,0,0
28,231.25,11,0,0,0,0
28,232.8125,12,0,0,0,0
28,234.375,13,0,0,0,0
28,235.9375,14,0,0,0,0
28,237.5,15,0,0,0,0
28,239.0625,0,0,0,0,0
28,240.625,1,0,0,0,0
28,242.1875,2,0,0,0,0
28,243.75,3,0,0,0,0
28,245.3125,4,0,0,0,0
28,246.875,5,0,0,0,0
28,248.4375,6,0,0,0,0
28,250.0,7,0,0,0,0
28,251.5625,8,0,0,0,0
28,253.125,9,0,0,0,0
28,254.6875,10,0,0,0,0
28,256.25,11,0,0,0,0
28,257.8125,12,0,0,0,0
28,259.375,13,0,0,0,0
28,260.9375,14,0,0,0,0
28,262.5,15,0,0,0,0
28,264.0625,0,0,0,0,0
28,265.625,1,0,0,0,0
28,267.1875,2,0,0,0,0
28,268.75,3,0,0,0,0
28,270.3125,4,0,0,0,0
28,271.875,5,0,0,0,0
28,273.4375,6,0,0,0,0
29,0.0,7,0,0,0,0
29,1.5625,8,0,0,0,0
29,3.125,9,0,0,0,0
29,4.6875,10,0,0,0,0
29,6.25,11,0,0,0,0
29,7.8125,12,0,0,0,0
29,9.375,13,0,0,0,0
29,10.9375,14,0,0,0,0
29,12.5,15,0,0,0,0
29,14.0625,0,0,0,0,0
29,15.625,1,0,0,0,0
29,17.1875,2,0,0,0,0
29,18.75,3,0,0,0,0
29,20.3125,4,0,0,0,0
29,21.875,5,0,0,0,0
29,23.4375,6,0,0,0,0
29,25.0,7,0,0,0,0
29,26.5625,8,0,0,0,0
29,28.125,9,0,0,0,0
29,29.6875,10,0,0,0,0
29,31.25,11,0,0,0,0
29,32.8125,12,0,0,0,0
29,34.375,13,0,0,0,0
29,35.9375,14,0,0,0,0
29,37.5,15,0,0,0,0
29,39.0625,0,0,0,0,0
29,40.625,1,0,0,0,0
29,42.1875,2,0,0,0,0
29,43.75,3,0,0,0,0
29,45.3125,4,0,0,0,0
29,46.875,5,0,0,0,0
29,48.4375,6,0,0,0,0
29,50.0,7,0,0,0,0
29,51.5625,8,0,0,0,0
29,53.125,9,0,0,0,0
29,54.6875,10,0,0,0,0
29,56.25,11,0,0,0,0
29,57.8125,12,0,0,0,0
29,59.375,13,0,0,0,0
29,60.9375,14,0,0,0,0
29,62.5,15,0,0,0,0
29,64.0625,0,0,0,0,0
29,65.625,1,0,0,0,0
29,67.1875,2,0,0,0,0
29,68.75,3,0,0,0,0
29,70.3125,4,0,0,0,0
29,71.875,5,0,0,0,0
29,73.4375,6,0,0,0,0
29,75.0,7,0,0,0,0
29,76.5625,8,0,0,0,0
29,78.125,9,0,0,0,0
29,79.6875,10,0,0,0,0
29,81.25,11,0,0,0,0
29,82.8125,12,0,0,0,0
29,84.375,13,0,0,0,0
29,85.9375,14,0,0,0,0
29,87.5,15,0,0,0,0
29,89.0625,0,0,0,0,0
29,90.625,1,0,0,0,0
29,92.1875,2,0,0,0,0
29,93.75,3,0,0,0,0
29,95.3125,4,0,0,0,0
29,96.875,5,0,0,0,0
29,98.4375,6,0,0,0,0
29,100.0,7,0,0,0,0
29,101.5625,8,0,0,0,0
29,103.125,9,0,0,0,0
29,104.6875,10,0,0,0,0
29,106.25,11,0,0,0,0
29,107.8125,12,0,0,0,0
29,109.375,13,0,0,0,0
29,110.9375,14,0,0,0,0
29,112.5,15,0,0,0,0
29,114.0625,0,0,0,0,0
29,115.625,1,0,0,0,0
29,117.1875,2,0,0,0,0
29,118.75,3,0,0,0,0
29,120.3125,4,0,0,0,0
29,121.875,5,0,0,0,0
29,123.4375,6,0,0,0,0
29,125.0,7,0,0,0,0
29,126.5625,8,0,0,0,0
29,128.125,9,0,0,0,0
29,129.6875,10,0,0,0,0
29,131.25,11,0,0,0,0
29,132.8125,12,0,0,0,0
29,134.375,13,0,0,0,0
29,135.9375,14,0,0,0,0
29,137.5,15,0,0,0,0
29,139.0625,0,0,0,0,0
29,140.625,1,0,0,0,0
29,142.1875,2,0,0,0,0
29,143.75,3,0,0,0,0
29,145.3125,4,0,0,0,0
29,146.875,5,0,0,0,0
29,148.4375,6,0,0,0,0
29,150.0,7,0,0,0,0
29,151.5625,8,0,0,0,0
29,153.125,9,0,0,0,0
29,154.6875,10,0,0,0,0
29,156.25,11,0,0,0,0
29,157.8125,12,0,0,0,0
29,159.375,13,0,0,0,0
29,160.9375,14,0,0,0,0
29,162.5,15,0,0,0,0
29,164.0625,0,0,0,0,0
29,165.625,1,0,0,0,0
29,167.1875,2,0,0,0,0
29,168.75,3,0,0,0,0
29,170.3125,4,0,0,0,0
29,171.875,5,0,0,0,0
29,173.4375,6,0,0,0,0
29,175.0,7,0,0,0,0
29,176.5625,8,0,0,0,0
29,178.125,9,0,0,0,0
29,179.6875,10,0,0,0,0
29,181.25,11,0,0,0,0
29,182.8125,12,0,0,0,0
29,184.375,13,0,0,0,0
29,185.9375,14,0,0,0,0
29,187.5,15,0,0,0,0
29,189.0625,0,0,0,0,0
29,190.625,1,0,0,0,0
29,192.1875,2,0,0,0,0
29,193.75,3,0,0,0,0
29,195.3125,4,0,0,0,0
29,196.875,5,0,0,0,0
29,198.4375,6,0,0,0,0
29,200.0,7,0,0,0,0
29,201.5625,8,0,0,0,0
29,203.125,9,0,0,0,0
29,204.6875,10,0,0,0,0
29,206.25,11,0,0,0,0
29,207.8125,12,0,0,0,0
29,209.375,13,0,0,0,0
29,210.9375,14,0,0,0,0
29,212.5,15,0,0,0,0
29,214.0625,0,0,0,0,0
29,215.625,1,0,0,0,0
29,217.1875,2,0,0,0,0
29,218.75,3,0,0,0,0
29,220.3125,4,0,0,0,0
29,221.875,5,0,0,0,0
29,223.4375,6,0,0,0,0
29,225.0,7,0,0,0,0
29,226.5625,8,0,0,0,0
29,228.125,9,0,0,0,0
29,229.6875,10,0,0,0,0
29,231.25,11,0,0,0,0
29,232.8125,12,0,0,0,0
29,234.375,13,0,0,0,0
29,235.9375,14,0,0,0,0
29,237.5,15,0,0,0,0
29,239.0625,0,0,0,0,0
29,240.625,1,0,0,0,0
29,242.1875,2,0,0,0,0
29,243.75,3,0,0,0,0
29,245.3125,4,0,0,0,0
29,246.875,5,0,0,0,0
29,248.4375,6,0,0,0,0
29,250.0,7,0,0,0,0
29,251.5625,8,0,0,0,0
29,253.125,9,0,0,0,0
29,254.6875,10,0,0,0,0
29,256.25,11,0,0,0,0
29,257.8125,12,0,0,0,0
29,259.375,13,0,0,0,0
29,260.9375,14,0,0,0,0
29,262.5,15,0,0,0,0
29,264.0625,0,0,0,0,0
29,265.625,1,0,0,0,0
29,267.1875,2,0,0,0,0
29,268.75,3,0,0,0,0
29,270.3125,4,0,0,0,0
29,271.875,5,0,0,0,0
29,273.4375,6,0,0,0,0
30,0.0,7,0,0,0,0
30,1.5625,8,0,0,0,0
30,3.125,9,0,0,0,0
30,4.6875,10,0,0,0,0
30,6.25,11,0,0,0,0
30,7.8125,12,0,0,0,0
30,9.375,13,0,0,0,0
30,10.9375,14,0,0,0,0
30,12.5,15,0,0,0,0
30,14.0625,0,0,0,0,0
30,15.625,1,0,0,0,0
30,17.1875,2,0,0,0,0
30,18.75,3,0,0,0,0
30,20.3125,4,0,0,0,0
30,21.875,5,0,0,0,0
30,23.4375,6,0,0,0,0
30,25.0,7,0,0,0,0
30,26.5625,8,0,0,0,0
30,28.125,9,0,0,0,0
30,29.6875,10,0,0,0,0
30,31.25,11,0,0,0,0
30,32.8125,12,0,0,0,0
30,34.375,13,0,0,0,0
30,35.9375,14,0,0,0,0
30,37.5,15,0,0,0,0
30,39.0625,0,0,0,0,0
30,40.625,1,0,0,0,0
30,42.1875,2,0,0,0,0
30,43.75,3,0,0,0,0
30,45.3125,4,0,0,0,0
30,46.875,5,0,0,0,0
30,48.4375,6,0,0,0,0
30,50.0,7,0,0,0,0
30,51.5625,8,0,0,0,0
30,53.125,9,0,0,0,0
30,54.6875,10,0,0,0,0
30,56.25,11,0,0,0,0
30,57.8125,12,0,0,0,0
30,59.375,13,0,0,0,0
30,60.9375,14,0,0,0,0
30,62.5,15,0,0,0,0
30,64.0625,0,0,0,0,0
30,65.625,1,0,0,0,0
30,67.1875,2,0,0,0,0
30,68.75,3,0,0,0,0
30,70.3125,4,0,0,0,0
30,71.875,5,0,0,0,0
30,73.4375,6,0,0,0,0
30,75.0,7,0,0,0,0
30,76.5625,8,0,0,0,0
30,78.125,9,0,0,0,0
30,79.6875,10,0,0,0,0
30,81.25,11,0,0,0,0
30,82.8125,12,0,0,0,0
30,84.375,13,0,0,0,0
30,85.9375,14,0,0,0,0
30,87.5,15,0,0,0,0
30,89.0625,0,0,0,0,0
30,90.625,1,0,0,0,0
30,92.1875,2,0,0,0,0
30,93.75,3,0,0,0,0
30,95.3125,4,0,0,0,0
30,96.875,5,0,0,0,0
30,98.4375,6,0,0,0,0
30,100.0,7,0,0,0,0
30,101.5625,8,0,0,0,0
30,103.125,9,0,0,0,0
30,104.6875,10,0,0,0,0
30,106.25,11,0,0,0,0
30,107.8125,12,0,0,0,0
30,109.375,13,0,0,0,0
30,110.9375,14,0,0,0,0
30,112.5,15,0,0,0,0
30,114.0625,0,0,0,0,0
30,115.625,1,0,0,0,0
30,117.1875,2,0,0,0,0
30,118.75,3,0,0,0,0
30,120.3125,4,0,0,0,0
30,121.875,5,0,0,0,0
30,123.4375,6,0,0,0,0
30,125.0,7,0,0,0,0
30,126.5625,8,0,0,0,0
30,128.125,9,0,0,0,0
30,129.6875,10,0,0,0,0
30,131.25,11,0,0,0,0
30,132.8125,12,0,0,0,0
30,134.375,13,0,0,0,0
30,135.9375,14,0,0,0,0
30,137.5,15,0,0,0,0
30,139.0625,0,0,0,0,0
30,140.625,1,0,0,0,0
30,142.1875,2,0,0,0,0
30,143.75,3,0,0,0,0
30,145.3125,4,0,0,0,0
30,146.875,5,0,0,0,0
30,148.4375,6,0,0,0,0
30,150.0,7,0,0,0,0
30,151.5625,8,0,0,0,0
30,153.125,9,0,0,0,0
30,154.6875,10,0,0,0,0
30,156.25,11,0,0,0,0
30,157.8125,12,0,0,0,0
30,159.375,13,0,0,0,0
30,160.9375,14,0,0,0,0
30,162.5,15,0,0,0,0
30,164.0625,0,0,0,0,0
30,165.625,1,0,0,0,0
30,167.1875,2,0,0,0,0
30,168.75,3,0,0,0,0
30,170.3125,4,0,0,0,0
30,171.875,5,0,0,0,0
30,173.4375,6,0,0,0,0
30,175.0,7,0,0,0,0
30,176.5625,8,0,0,0,0
30,178.125,9,0,0,0,0
30,179.6875,10,0,0,0,0
30,181.25,11,0,0,0,0
30,182.8125,12,0,0,0,0
30,184.375,13,0,0,0,0
30,185.9375,14,0,0,0,0
30,187.5,15,0,0,0,0
30,189.0625,0,0,0,0,0
30,190.625,1,0,0,0,0
30,192.1875,2,0,0,0,0
30,193.75,3,0,0,0,0
30,195.3125,4,0,0,0,0
30,196.875,5,0,0,0,0
30,198.4375,6,0,0,0,0
30,200.0,7,0,0,0,0
30,201.5625,8,0,0,0,0
30,203.125,9,0,0,0,0
30,204.6875,10,0,0,0,0
30,206.25,11,0,0,0,0
30,207.8125,12,0,0,0,0
30,209.375,13,0,0,0,0
30,210.9375,14,0,0,0,0
30,212.5,15,0,0,0,0
30,214.0625,0,0,0,0,0
30,215.625,1,0,0,0,0
30,217.1875,2,0,0,0,0
30,218.75,3,0,0,0,0
30,220.3125,4,0,0,0,0
30,221.875,5,0,0,0,0
30,223.4375,6,0,0,0,0
30,225.0,7,0,0,0,0
30,226.5625,8,0,0,0,0
30,228.125,9,0,0,0,0
30,229.6875,10,0,0,0,0
30,231.25,11,0,0,0,0
30,232.8125,12,0,0,0,0
30,234.375,13,0,0,0,0
30,235.9375,14,0,0,0,0
30,237.5,15,0,0,0,0
30,239.0625,0,0,0,0,0
30,240.625,1,0,0,0,0
30,242.1875,2,0,0,0,0
30,243.75,3,0,0,0,0
30,245.3125,4,0,0,0,0
30,246.875,5,0,0,0,0
30,248.4375,6,0,0,0,0
30,250.0,7,0,0,0,0
30,251.5625,8,0,0,0,0
30,253.125,9,0,0,0,0
30,254.6875,10,0,0,0,0
30,256.25,11,0,0,0,0
30,257.8125,12,0,0,0,0
30,259.375,13,0,0,0,0
30,260.9375,14,0,0,0,0
30,262.5,15,0,0,0,0
30,264.0625,0,0,0,0,0
30,265.625,1,0,0,0,0
30,267.1875,2,0,0,0,0
30,268.75,3,0,0,0,0
30,270.3125,4,0,0,0,0
30,271.875,5,0,0,0,0
30,273.4375,6,0,0,0,0
31,0.0,7,0,0,0,0
31,1.5625,8,0,0,0,0
31,3.125,9,0,0,0,0
31,4.6875,10,0,0,0,0
31,6.25,11,0,0,0,0
31,7.8125,12,0,0,0,0
31,9.375,13,0,0,0,0
31,10.9375,14,0,0,0,0
31,12.5,15,0,0,0,0
31,14.0625,0,0,0,0,0
31,15.625,1,0,0,0,0
31,17.1875,2,0,0,0,0
31,18.75,3,0,0,0,0
31,20.3125,4,0,0,0,0
31,21.875,5,0,0,0,0
31,23.4375,6,0,0,0,0
31,25.0,7,0,0,0,0
31,26.5625,8,0,0,0,0
31,28.125,9,0,0,0,0
31,29.6875,10,0,0,0,0
31,31.25,11,0,0,0,0
31,32.8125,12,0,0,0,0
31,34.375,13,0,0,0,0
31,35.9375,14,0,0,0,0
31,37.5,15,0,0,0,0
31,39.0625,0,0,0,0,0
31,40.625,1,0,0,0,0
31,42.1875,2,0,0,0,0
31,43.75,3,0,0,0,0
31,45.3125,4,0,0,0,0
31,46.875,5,0,0,0,0
31,48.4375,6,0,0,0,0
31,50.0,7,0,0,0,0
31,51.5625,8,0,0,0,0
31,53.125,9,0,0,0,0
31,54.6875,10,0,0,0,0
31,56.25,11,0,0,0,0
31,57.8125,12,0,0,0,0
31,59.375,13,0,0,0,0
31,60.9375,14,0,0,0,0
31,62.5,15,0,0,0,0
31,64.0625,0,0,0,0,0
31,65.625,1,0,0,0,0
31,67.1875,2,0,0,0,0
31,68.75,3,0,0,0,0
31,70.3125,4,0,0,0,0
31,71.875,5,0,0,0,0
31,73.4375,6,0,0,0,0
31,75.0,7,0,0,0,0
31,76.5625,8,0,0,0,0
31,78.125,9,0,0,0,0
31,79.6875,10,0,0,0,0
31,81.25,11,0,0,0,0
31,82.8125,12,0,0,0,0
31,84.375,13,0,0,0,0
31,85.9375,14,0,0,0,0
31,87.5,15,0,0,0,0
31,89.0625,0,0,0,0,0
31,90.625,1,0,0,0,0
31,92.1875,2,0,0,0,0
31,93.75,3,0,0,0,0
31,95.3125,4,0,0,0,0
31,96.875,5,0,0,0,0
31,98.4375,6,0,0,0,0
31,100.0,7,0,0,0,0
31,101.5625,8,0,0,0,0
31,103.125,9,0,0,0,0
31,104.6875,10,0,0,0,0
31,106.25,11,0,0,0,0
31,107.8125,12,0,0,0,0
31,109.375,13,0,0,0,0
31,110.9375,14,0,0,0,0
31,112.5,15,0,0,0,0
31,114.0625,0,0,0,0,0
31,115.625,1,0,0,0,0
31,117.1875,2,0,0,0,0
31,118.75,3,0,0,0,0
31,120.3125,4,0,0,0,0
31,121.875,5,0,0,0,0
31,123.4375,6,0,0,0,0
31,125.0,7,0,0,0,0
31,126.5625,8,0,0,0,0
31,128.125,9,0,0,0,0
31,129.6875,10,0,0,0,0
31,131.25,11,0,0,0,0
31,132.8125,12,0,0,0,0
31,134.375,13,0,0,0,0
31,135.9375,14,0,0,0,0
31,137.5,15,0,0,0,0
31,139.0625,0,0,0,0,0
31,140.625,1,0,0,0,0
31,142.1875,2,0,0,0,0
31,143.75,3,0,0,0,0
31,145.3125,4,0,0,0,0
31,146.875,5,0,0,0,0
31,148.4375,6,0,0,0,0
31,150.0,7,0,0,0,0
31,151.5625,8,0,0,0,0
31,153.125,9,0,0,0,0
31,154.6875,10,0,0,0,0
31,156.25,11,0,0,0,0
31,157.8125,12,0,0,0,0
31,159.375,13,0,0,0,0
31,160.9375,14,0,0,0,0
31,162.5,15,0,0,0,0
31,164.0625,0,0,0,0,0
31,165.625,1,0,0,0,0
31,167.1875,2,0,0,0,0
31,168.75,3,0,0,0,0
31,170.3125,4,0,0,0,0
31,171.875,5,0,0,0,0
31,173.4375,6,0,0,0,0
31,175.0,7,0,0,0,0
31,176.5625,8,0,0,0,0
31,178.125,9,0,0,0,0
31,179.6875,10,0,0,0,0
31,181.25,11,0,0,0,0
31,182.8125,12,0,0,0,0
31,184.375,13,0,0,0,0
31,185.9375,14,0,0,0,0
31,187.5,15,0,0,0,0
31,189.0625,0,0,0,0,0
31,190.625,1,0,0,0,0
31,192.1875,2,0,0,0,0
31,193.75,3,0,0,0,0
31,195.3125,4,0,0,0,0
31,196.875,5,0,0,0,0
31,198.4375,6,0,0,0,0
31,200.0,7,0,0,0,0
31,201.5625,8,0,0,0,0
31,203.125,9,0,0,0,0
31,204.6875,10,0,0,0,0
31,206.25,11,0,0,0,0
31,207.8125,12,0,0,0,0
31,209.375,13,0,0,0,0
31,210.9375,14,0,0,0,0
31,212.5,15,0,0,0,0
31,214.0625,0,0,0,0,0
31,215.625,1,0,0,0,0
31,217.1875,2,0,0,0,0
31,218.75,3,0,0,0,0
31,220.3125,4,0,0,0,0
31,221.875,5,0,0,0,0
31,223.4375,6,0,0,0,0
31,225.0,7,0,0,0,0
31,226.5625,8,0,0,0,0
31,228.125,9,0,0,0,0
31,229.6875,10,0,0,0,0
31,231.25,11,0,0,0,0
31,232.8125,12,0,0,0,0
31,234.375,13,0,0,0,0
31,235.9375,14,0,0,0,0
31,237.5,15,0,0,0,0
31,239.0625,0,0,0,0,0
31,240.625,1,0,0,0,0
31,242.1875,2,0,0,0,0
31,243.75,3,0,0,0,0
31,245.3125,4,0,0,0,0
31,246.875,5,0,0,0,0
31,248.4375,6,0,0,0,0
31,250.0,7,0,0,0,0
31,251.5625,8,0,0,0,0
31,253.125,9,0,0,0,0
31,254.6875,10,0,0,0,0
31,256.25,11,0,0,0,0
31,257.8125,12,0,0,0,0
31,259.375,13,0,0,0,0
31,260.9375,14,0,0,0,0
31,262.5,15,0,0,0,0
31,264.0625,0,0,0,0,0
31,265.625,1,0,0,0,0
31,267.1875,2,0,0,0,0
31,268.75,3,0,0,0,0
31,270.3125,4,0,0,0,0
31,271.875,5,0,0,0,0
31,273.4375,6,0,0,0,0
32,0.0,7,0,0,0,0
32,1.5625,8,0,0,0,0
32,3.125,9,0,0,0,0
32,4.6875,10,0,0,0,0
32,6.25,11,0,0,0,0
32,7.8125,12,0,0,0,0
32,9.375,13,0,0,0,0
32,10.9375,14,0,0,0,0
32,12.5,15,0,0,0,0
32,14.0625,0,0,0,0,0
32,15.625,1,0,0,0,0
32,17.1875,2,0,0,0,0
32,18.75,3,0,0,0,0
32,20.3125,4,0,0,0,0
32,21.875,5,0,0,0,0
32,23.4375,6,0,0,0,0
32,25.0,7,0,0,0,0
32,26.5625,8,0,0,0,0
32,28.125,9,0,0,0,0
32,29.6875,10,0,0,0,0
32,31.25,11,0,0,0,0
32,32.8125,12,0,0,0,0
32,34.375,13,0,0,0,0
32,35.9375,14,0,0,0,0
32,37.5,15,0,0,0,0
32,39.0625,0,0,0,0,0
32,40.625,1,0,0,0,0
32,42.1875,2,0,0,0,0
32,43.75,3,0,0,0,0
32,45.3125,4,0,0,0,0
32,46.875,5,0,0,0,0
32,48.4375,6,0,0,0,0
32,50.0,7,0,0,0,0
32,51.5625,8,0,0,0,0
32,53.125,9,0,0,0,0
32,54.6875,10,0,0,0,0
32,56.25,11,0,0,0,0
32,57.8125,12,0,0,0,0
32,59.375,13,0,0,0,0
32,60.9375,14,0,0,0,0
32,62.5,15,0,0,0,0
32,64.0625,0,0,0,0,0
32,65.625,1,0,0,0,0
32,67.1875,2,0,0,0,0
32,68.75,3,0,0,0,0
32,70.3125,4,0,0,0,0
32,71.875,5,0,0,0,0
32,73.4375,6,0,0,0,0
32,75.0,7,0,0,0,0
32,76.5625,8,0,0,0,0
32,78.125,9,0,0,0,0
32,79.6875,10,0,0,0,0
32,81.25,11,0,0,0,0
32,82.8125,12,0,0,0,0
32,84.375,13,0,0,0,0
32,85.9375,14,0,0,0,0
32,87.5,15,0,0,0,0
32,89.0625,0,0,0,0,0
32,90.625,1,0,0,0,0
32,92.1875,2,0,0,0,0
32,93.75,3,0,0,0,0
32,95.3125,4,0,0,0,0
32,96.875,5,0,0,0,0
32,98.4375,6,0,0,0,0
32,100.0,7,0,0,0,0
32,101.5625,8,0,0,0,0
32,103.125,9,0,0,0,0
32,104.6875,10,0,0,0,0
32,106.25,11,0,0,0,0
32,107.8125,12,0,0,0,0
32,109.375,13,0,0,0,0
32,110.9375,14,0,0,0,0
32,112.5,15,0,0,0,0
32,114.0625,0,0,0,0,0
32,115.625,1,0,0,0,0
32,117.1875,2,0,0,0,0
32,118.75,3,0,0,0,0
32,120.3125,4,0,0,0,0
32,121.875,5,0,0,0,0
32,123.4375,6,0,0,0,0
32,125.0,7,0,0,0,0
32,126.5625,8,0,0,0,0
32,128.125,9,0,0,0,0
32,129.6875,10,0,0,0,0
32,131.25,11,0,0,0,0
32,132.8125,12,0,0,0,0
32,134.375,13,0,0,0,0
32,135.9375,14,0,0,0,0
32,137.5,15,0,0,0,0
32,139.0625,0,0,0,0,0
32,140.625,1,0,0,0,0
32,142.1875,2,0,0,0,0
32,143.75,3,0,0,0,0
32,145.3125,4,0,0,0,0
32,146.875,5,0,0,0,0
32,148.4375,6,0,0,0,0
32,150.0,7,0,0,0,0
32,151.5625,8,0,0,0,0
32,153.125,9,0,0,0,0
32,154.6875,10,0,0,0,0
32,156.25,11,0,0,0,0
32,157.8125,12,0,0,0,0
32,159.375,13,0,0,0,0
32,160.9375,14,0,0,0,0
32,162.5,15,0,0,0,0
32,164.0625,0,0,0,0,0
32,165.625,1,0,0,0,0
32,167.1875,2,0,0,0,0
32,168.75,3,0,0,0,0
32,170.3125,4,0,0,0,0
32,171.875,5,0,0,0,0
32,173.4375,6,0,0,0,0
32,175.0,7,0,0,0,0
32,176.5625,8,0,0,0,0
32,178.125,9,0,0,0,0
32,179.6875,10,0,0,0,0
32,181.25,11,0,0,0,0
32,182.8125,12,0,0,0,0
32,184.375,13,0,0,0,0
32,185.9375,14,0,0,0,0
32,187.5,15,0,0,0,0
32,189.0625,0,0,0,0,0
32,190.625,1,0,0,0,0
32,192.1875,2,0,0,0,0
32,193.75,3,0,0,0,0
32,195.3125,4,0,0,0,0
32,196.875,5,0,0,0,0
32,198.4375,6,0,0,0,0
32,200.0,7,0,0,0,0
32,201.5625,8,0,0,0,0
32,203.125,9,0,0,0,0
32,204.6875,10,0,0,0,0
32,206.25,11,0,0,0,0
32,207.8125,12,0,0,0,0
32,209.375,13,0,0,0,0
32,210.9375,14,0,0,0,0
32,212.5,15,0,0,0,0
32,214.0625,0,0,0,0,0
32,215.625,1,0,0,0,0
32,217.1875,2,0,0,0,0
32,218.75,3,0,0,0,0
32,220.3125,4,0,0,0,0
32,221.875,5,0,0,0,0
32,223.4375,6,0,0,0,0
32,225.0,7,0,0,0,0
32,226.5625,8,0,0,0,0
32,228.125,9,0,0,0,0
32,229.6875,10,0,0,0,0
32,231.25,11,0,0,0,0
32,232.8125,12,0,0,0,0
32,234.375,13,0,0,0,0
32,235.9375,14,0,0,0,0
32,237.5,15,0,0,0,0
32,239.0625,0,0,0,0,0
32,240.625,1,0,0,0,0
32,242.1875,2,0,0,0,0
32,243.75,3,0,0,0,0
32,245.3125,4,0,0,0,0
32,246.875,5,0,0,0,0
32,248.4375,6,0,0,0,0
32,250.0,7,0,0,0,0
32,251.5625,8,0,0,0,0
32,253.125,9,0,0,0,0
32,254.6875,10,0,0,0,0
32,256.25,11,0,0,0,0
32,257.8125,12,0,0,0,0
32,259.375,13,0,0,0,0
32,260.9375,14,0,0,0,0
32,262.5,15,0,0,0,0
32,264.0625,0,0,0,0,0
32,265.625,1,0,0,0,0
32,267.1875,2,0,0,0,0
32,268.75,3,0,0,0,0
32,270.3125,4,0,0,0,0
32,271.875,5,0,0,0,0
32,273.4375,6,0,0,0,0
33,0.0,7,0,0,0,0
33,1.5625,8,0,0,0,0
33,3.125,9,0,0,0,0
33,4.6875,10,0,0,0,0
33,6.25,11,0,0,0,0
33,7.8125,12,0,0,0,0
33,9.375,13,0,0,0,0
33,10.9375,14,0,0,0,0
33,12.5,15,0,0,0,0
33,14.0625,0,0,0,0,0
33,15.625,1,0,0,0,0
33,17.1875,2,0,0,0,0
33,18.75,3,0,0,0,0
33,20.3125,4,0,0,0,0
33,21.875,5,0,0,0,0
33,23.4375,6,0,0,0,0
33,25.0,7,0,0,0,0
33,26.5625,8,0,0,0,0
33,28.125,9,0,0,0,0
33,29.6875,10,0,0,0,0
33,31.25,11,0,0,0,0
33,32.8125,12,0,0,0,0
33,34.375,13,0,0,0,0
33,35.9375,14,0,0,0,0
33,37.5,15,0,0,0,0
33,39.0625,0,0,0,0,0
33,40.625,1,0,0,0,0
33,42.1875,2,0,0,0,0
33,43.75,3,0,0,0,0
33,45.3125,4,0,0,0,0
33,46.875,5,0,0,0,0
33,48.4375,6,0,0,0,0
33,50.0,7,0,0,0,0
33,51.5625,8,0,0,0,0
33,53.125,9,0,0,0,0
33,54.6875,10,0,0,0,0
33,56.25,11,0,0,0,0
33,57.8125,12,0,0,0,0
33,59.375,13,0,0,0,0
33,60.9375,14,0,0,0,0
33,62.5,15,0,0,0,0
33,64.0625,0,0,0,0,0
33,65.625,1,0,0,0,0
33,67.1875,2,0,0,0,0
33,68.75,3,0,0,0,0
33,70.3125,4,0,0,0,0
33,71.875,5,0,0,0,0
33,73.4375,6,0,0,0,0
33,75.0,7,0,0,0,0
33,76.5625,8,0,0,0,0
33,78.125,9,0,0,0,0
33,79.6875,10,0,0,0,0
33,81.25,11,0,0,0,0
33,82.8125,12,0,0,0,0
33,84.375,13,0,0,0,0
33,85.9375,14,0,0,0,0
33,87.5,15,0,0,0,0
33,89.0625,0,0,0,0,0
33,90.625,1,0,0,0,0
33,92.1875,2,0,0,0,0
33,93.75,3,0,0,0,0
33,95.3125,4,0,0,0,0
33,96.875,5,0,0,0,0
33,98.4375,6,0,0,0,0
33,100.0,7,0,0,0,0
33,101.5625,8,0,0,0,0
33,103.125,9,0,0,0,0
33,104.6875,10,0,0,0,0
33,106.25,11,0,0,0,0
33,107.8125,12,0,0,0,0
33,109.375,13,0,0,0,0
33,110.9375,14,0,0,0,0
33,112.5,15,0,0,0,0
33,114.0625,0,0,0,0,0
33,115.625,1,0,0,0,0
33,117.1875,2,0,0,0,0
33,118.75,3,0,0,0,0
33,120.3125,4,0,0,0,0
33,121.875,5,0,0,0,0
33,123.4375,6,0,0,0,0
33,125.0,7,0,0,0,0
33,126.5625,8,0,0,0,0
33,128.125,9,0,0,0,0
33,129.6875,10,0,0,0,0
33,131.25,11,0,0,0,0
33,132.8125,12,0,0,0,0
33,134.375,13,0,0,0,0
33,135.9375,14,0,0,0,0
33,137.5,15,0,0,0,0
33,139.0625,0,0,0,0,0
33,140.625,1,0,0,0,0
33,142.1875,2,0,0,0,0
33,143.75,3,0,0,0,0
33,145.3125,4,0,0,0,0
33,146.875,5,0,0,0,0
33,148.4375,6,0,0,0,0
33,150.0,7,0,0,0,0
33,151.5625,8,0,0,0,0
33,153.125,9,0,0,0,0
33,154.6875,10,0,0,0,0
33,156.25,11,0,0,0,0
33,157.8125,12,0,0,0,0
33,159.375,13,0,0,0,0
33,160.9375,14,0,0,0,0
33,162.5,15,0,0,0,0
33,164.0625,0,0,0,0,0
33,165.625,1,0,0,0,0
33,167.1875,2,0,0,0,0
33,168.75,3,0,0,0,0
33,170.3125,4,0,0,0,0
33,171.875,5,0,0,0,0
33,173.4375,6,0,0,0,0
33,175.0,7,0,0,0,0
33,176.5625,8,0,0,0,0
33,178.125,9,0,0,0,0
33,179.6875,10,0,0,0,0
33,181.25,11,0,0,0,0
33,182.8125,12,0,0,0,0
33,184.375,13,0,0,0,0
33,185.9375,14,0,0,0,0
33,187.5,15,0,0,0,0
33,189.0625,0,0,0,0,0
33,190.625,1,0,0,0,0
33,192.1875,2,0,0,0,0
33,193.75,3,0,0,0,0
33,195.3125,4,0,0,0,0
33,196.875,5,0,0,0,0
33,198.4375,6,0,0,0,0
33,200.0,7,0,0,0,0
33,201.5625,8,0,0,0,0
33,203.125,9,0,0,0,0
33,204.6875,10,0,0,0,0
33,206.25,11,0,0,0,0
33,207.8125,12,0,0,0,0
33,209.375,13,0,0,0,0
33,210.9375,14,0,0,0,0
33,212.5,15,0,0,0,0
33,214.0625,0,0,0,0,0
33,215.625,1,0,0,0,0
33,217.1875,2,0,0,0,0
33,218.75,3,0,0,0,0
33,220.3125,4,0,0,0,0
33,221.875,5,0,0,0,0
33,223.4375,6,0,0,0,0
33,225.0,7,0,0,0,0
33,226.5625,8,0,0,0,0
33,228.125,9,0,0,0,0
33,229.6875,10,0,0,0,0
33,231.25,11,0,0,0,0
33,232.8125,12,0,0,0,0
33,234.375,13,0,0,0,0
33,235.9375,14,0,0,0,0
33,237.5,15,0,0,0,0
33,239.0625,0,0,0,0,0
33,240.625,1,0,0,0,0
33,242.1875,2,0,0,0,0
33,243.75,3,0,0,0,0
33,245.3125,4,0,0,0,0
33,246.875,5,0,0,0,0
33,248.4375,6,0,0,0,0
33,250.0,7,0,0,0,0
33,251.5625,8,0,0,0,0
33,253.125,9,0,0,0,0
33,254.6875,10,0,0,0,0
33,256.25,11,0,0,0,0
33,257.8125,12,0,0,0,0
33,259.375,13,0,0,0,0
33,260.9375,14,0,0,0,0
33,262.5,15,0,0,0,0
33,264.0625,0,0,0,0,0
33,265.625,1,0,0,0,0
33,267.1875,2,0,0,0,0
33,268.75,3,0,0,0,0
33,270.3125,4,0,0,0,0
33,271.875,5,0,0,0,0
33,273.4375,6,0,0,0,0
34,0.0,7,0,0,0,0
34,1.5625,8,0,0,0,0
34,3.125,9,0,0,0,0
34,4.6875,10,0,0,0,0
34,6.25,11,0,0,0,0
34,7.8125,12,0,0,0,0
34,9.375,13,0,0,0,0
34,10.9375,14,0,0,0,0
34,12.5,15,0,0,0,0
34,14.0625,0,0,0,0,0
34,15.625,1,0,0,0,0
34,17.1875,2,0,0,0,0
34,18.75,3,0,0,0,0
34,20.3125,4,0,0,0,0
34,21.875,5,0,0,0,0
34,23.4375,6,0,0,0,0
34,25.0,7,0,0,0,0
34,26.5625,8,0,0,0,0
34,28.125,9,0,0,0,0
34,29.6875,10,0,0,0,0
34,31.25,11,0,0,0,0
34,32.8125,12,0,0,0,0
34,34.375,13,0,0,0,0
34,35.9375,14,0,0,0,0
34,37.5,15,0,0,0,0
34,39.0625,0,0,0,0,0
34,40.625,1,0,0,0,0
34,42.1875,2,0,0,0,0
34,43.75,3,0,0,0,0
34,45.3125,4,0,0,0,0
34,46.875,5,0,0,0,0
34,48.4375,6,0,0,0,0
34,50.0,7,0,0,0,0
34,51.5625,8,0,0,0,0
34,53.125,9,0,0,0,0
34,54.6875,10,0,0,0,0
34,56.25,11,0,0,0,0
34,57.8125,12,0,0,0,0
34,59.375,13,0,0,0,0
34,60.9375,14,0,0,0,0
34,62.5,15,0,0,0,0
34,64.0625,0,0,0,0,0
34,65.625,1,0,0,0,0
34,67.1875,2,0,0,0,0
34,68.75,3,0,0,0,0
34,70.3125,4,0,0,0,0
34,71.875,5,0,0,0,0
34,73.4375,6,0,0,0,0
34,75.0,7,0,0,0,0
34,76.5625,8,0,0,0,0
34,78.125,9,0,0,0,0
34,79.6875,10,0,0,0,0
34,81.25,11,0,0,0,0
34,82.8125,12,0,0,0,0
34,84.375,13,0,0,0,0
34,85.9375,14,0,0,0,0
34,87.5,15,0,0,0,0
34,89.0625,0,0,0,0,0
34,90.625,1,0,0,0,0
34,92.1875,2,0,0,0,0
34,93.75,3,0,0,0,0
34,95.3125,4,0,0,0,0
34,96.875,5,0,0,0,0
34,98.4375,6,0,0,0,0
34,100.0,7,0,0,0,0
34,101.5625,8,0,0,0,0
34,103.125,9,0,0,0,0
34,104.6875,10,0,0,0,0
34,106.25,11,0,0,0,0
34,107.8125,12,0,0,0,0
34,109.375,13,0,0,0,0
34,110.9375,14,0,0,0,0
34,112.5,15,0,0,0,0
34,114.0625,0,0,0,0,0
34,115.625,1,0,0,0,0
34,117.1875,2,0,0,0,0
34,118.75,3,0,0,0,0
34,120.3125,4,0,0,0,0
34,121.875,5,0,0,0,0
34,123.4375,6,0,0,0,0
34,125.0,7,0,0,0,0
34,126.5625,8,0,0,0,0
34,128.125,9,0,0,0,0
34,129.6875,10,0,0,0,0
34,131.25,11,0,0,0,0
34,132.8125,12,0,0,0,0
34,134.375,13,0,0,0,0
34,135.9375,14,0,0,0,0
34,137.5,15,0,0,0,0
34,139.0625,0,0,0,0,0
34,140.625,1,0,0,0,0
34,142.1875,2,0,0,0,0
34,143.75,3,0,0,0,0
34,145.3125,4,0,0,0,0
34,146.875,5,0,0,0,0
34,148.4375,6,0,0,0,0
34,150.0,7,0,0,0,0
34,151.5625,8,0,0,0,0
34,153.125,9,0,0,0,0
34,154.6875,10,0,0,0,0
34,156.25,11,0,0,0,0
34,157.8125,12,0,0,0,0
34,159.375,13,0,0,0,0
34,160.9375,14,0,0,0,0
34,162.5,15,0,0,0,0
34,164.0625,0,0,0,0,0
34,165.625,1,0,0,0,0
34,167.1875,2,0,0,0,0
34,168.75,3,0,0,0,0
34,170.3125,4,0,0,0,0
34,171.875,5,0,0,0,0
34,173.4375,6,0,0,0,0
34,175.0,7,0,0,0,0
34,176.5625,8,0,0,0,0
34,178.125,9,0,0,0,0
34,179.6875,10,0,0,0,0
34,181.25,11,0,0,0,0
34,182.8125,12,0,0,0,0
34,184.375,13,0,0,0,0
34,185.9375,14,0,0,0,0
34,187.5,15,0,0,0,0
34,189.0625,0,0,0,0,0
34,190.625,1,0,0,0,0
34,192.1875,2,0,0,0,0
34,193.75,3,0,0,0,0
34,195.3125,4,0,0,0,0
34,196.875,5,0,0,0,0
34,198.4375,6,0,0,0,0
34,200.0,7,0,0,0,0
34,201.5625,8,0,0,0,0
34,203.125,9,0,0,0,0
34,204.6875,10,0,0,0,0
34,206.25,11,0,0,0,0
34,207.8125,12,0,0,0,0
34,209.375,13,0,0,0,0
34,210.9375,14,0,0,0,0
34,212.5,15,0,0,0,0
34,214.0625,0,0,0,0,0
34,215.625,1,0,0,0,0
34,217.1875,2,0,0,0,0
34,218.75,3,0,0,0,0
34,220.3125,4,0,0,0,0
34,221.875,5,0,0,0,0
34,223.4375,6,0,0,0,0
34,225.0,7,0,0,0,0
34,226.5625,8,0,0,0,0
34,228.125,9,0,0,0,0
34,229.6875,10,0,0,0,0
34,231.25,11,0,0,0,0
34,232.8125,12,0,0,0,0
34,234.375,13,0,0,0,0
34,235.9375,14,0,0,0,0
34,237.5,15,0,0,0,0
34,239.0625,0,0,0,0,0
34,240.625,1,0,0,0,0
34,242.1875,2,0,0,0,0
34,243.75,3,0,0,0,0
34,245.3125,4,0,0,0,0
34,246.875,5,0,0,0,0
34,248.4375,6,0,0,0,0
34,250.0,7,0,0,0,0
34,251.5625,8,0,0,0,0
34,253.125,9,0,0,0,0
34,254.6875,10,0,0,0,0
34,256.25,11,0,0,0,0
34,257.8125,12,0,0,0,0
34,259.375,13,0,0,0,0
34,260.9375,14,0,0,0,0
34,262.5,15,0,0,0,0
34,264.0625,0,0,0,0,0
34,265.625,1,0,0,0,0
34,267.1875,2,0,0,0,0
34,268.75,3,0,0,0,0
34,270.3125,4,0,0,0,0
34,271.875,5,0,0,0,0
34,273.4375,6,0,0,0,0
35,0.0,7,0,0,0,0
35,1.5625,8,0,0,0,0
35,3.125,9,0,0,0,0
35,4.6875,10,0,0,0,0
35,6.25,11,0,0,0,0
35,7.8125,12,0,0,0,0
35,9.375,13,0,0,0,0
35,10.9375,14,0,0,0,0
35,12.5,15,0,0,0,0
35,14.0625,0,0,0,0,0
35,15.625,1,0,0,0,0
35,17.1875,2,0,0,0,0
35,18.75,3,0,0,0,0
35,20.3125,4,0,0,0,0
35,21.875,5,0,0,0,0
35,23.4375,6,0,0,0,0
35,25.0,7,0,0,0,0
35,26.5625,8,0,0,0,0
35,28.125,9,0,0,0,0
35,29.6875,10,0,0,0,0
35,31.25,11,0,0,0,0
35,32.8125,12,0,0,0,0
35,34.375,13,0,0,0,0
35,35.9375,14,0,0,0,0
35,37.5,15,0,0,0,0
35,39.0625,0,0,0,0,0
35,40.625,1,0,0,0,0
35,42.1875,2,0,0,0,0
35,43.75,3,0,0,0,0
35,45.3125,4,0,0,0,0
35,46.875,5,0,0,0,0
35,48.4375,6,0,0,0,0
35,50.0,7,0,0,0,0
35,51.5625,8,0,0,0,0
35,53.125,9,0,0,0,0
35,54.6875,10,0,0,0,0
35,56.25,11,0,0,0,0
35,57.8125,12,0,0,0,0
35,59.375,13,0,0,0,0
35,60.9375,14,0,0,0,0
35,62.5,15,0,0,0,0
35,64.0625,0,0,0,0,0
35,65.625,1,0,0,0,0
35,67.1875,2,0,0,0,0
35,68.75,3,0,0,0,0
35,70.3125,4,0,0,0,0
35,71.875,5,0,0,0,0
35,73.4375,6,0,0,0,0
35,75.0,7,0,0,0,0
35,76.5625,8,0,0,0,0
35,78.125,9,0,0,0,0
35,79.6875,10,0,0,0,0
35,81.25,11,0,0,0,0
35,82.8125,12,0,0,0,0
35,84.375,13,0,0,0,0
35,85.9375,14,0,0,0,0
35,87.5,15,0,0,0,0
35,89.0625,0,0,0,0,0
35,90.625,1,0,0,0,0
35,92.1875,2,0,0,0,0
35,93.75,3,0,0,0,0
35,95.3125,4,0,0,0,0
35,96.875,5,0,0,0,0
35,98.4375,6,0,0,0,0
35,100.0,7,0,0,0,0
35,101.5625,8,0,0,0,0
35,103.125,9,0,0,0,0
35,104.6875,10,0,0,0,0
35,106.25,11,0,0,0,0
35,107.8125,12,0,0,0,0
35,109.375,13,0,0,0,0
35,110.9375,14,0,0,0,0
35,112.5,15,0,0,0,0
35,114.0625,0,0,0,0,0
35,115.625,1,0,0,0,0
35,117.1875,2,0,0,0,0
35,118.75,3,0,0,0,0
35,120.3125,4,0,0,0,0
35,121.875,5,0,0,0,0
35,123.4375,6,0,0,0,0
35,125.0,7,0,0,0,0
35,126.5625,8,0,0,0,0
35,128.125,9,0,0,0,0
35,129.6875,10,0,0,0,0
35,131.25,11,0,0,0,0
35,132.8125,12,0,0,0,0
35,134.375,13,0,0,0,0
35,135.9375,14,0,0,0,0
35,137.5,15,0,0,0,0
35,139.0625,0,0,0,0,0
35,140.625,1,0,0,0,0
35,142.1875,2,0,0,0,0
35,143.75,3,0,0,0,0
35,145.3125,4,0,0,0,0
35,146.875,5,0,0,0,0
35,148.4375,6,0,0,0,0
35,150.0,7,0,0,0,0
35,151.5625,8,0,0,0,0
35,153.125,9,0,0,0,0
35,154.6875,10,0,0,0,0
35,156.25,11,0,0,0,0
35,157.8125,12,0,0,0,0
35,159.375,13,0,0,0,0
35,160.9375,14,0,0,0,0
35,162.5,15,0,0,0,0
35,164.0625,0,0,0,0,0
35,165.625,1,0,0,0,0
35,167.1875,2,0,0,0,0
35,168.75,3,0,0,0,0
35,170.3125,4,0,0,0,0
35,171.875,5,0,0,0,0
35,173.4375,6,0,0,0,0
35,175.0,7,0,0,0,0
35,176.5625,8,0,0,0,0
35,178.125,9,0,0,0,0
35,179.6875,10,0,0,0,0
35,181.25,11,0,0,0,0
35,182.8125,12,0,0,0,0
35,184.375,13,0,0,0,0
35,185.9375,14,0,0,0,0
35,187.5,15,0,0,0,0
35,189.0625,0,0,0,0,0
35,190.625,1,0,0,0,0
35,192.1875,2,0,0,0,0
35,193.75,3,0,0,0,0
35,195.3125,4,0,0,0,0
35,196.875,5,0,0,0,0
35,198.4375,6,0,0,0,0
35,200.0,7,0,0,0,0
35,201.5625,8,0,0,0,0
35,203.125,9,0,0,0,0
35,204.6875,10,0,0,0,0
35,206.25,11,0,0,0,0
35,207.8125,12,0,0,0,0
35,209.375,13,0,0,0,0
35,210.9375,14,0,0,0,0
35,212.5,15,0,0,0,0
35,214.0625,0,0,0,0,0
35,215.625,1,0,0,0,0
35,217.1875,2,0,0,0,0
35,218.75,3,0,0,0,0
35,220.3125,4,0,0,0,0
35,221.875,5,0,0,0,0
35,223.4375,6,0,0,0,0
35,225.0,7,0,0,0,0
35,226.5625,8,0,0,0,0
35,228.125,9,0,0,0,0
35,229.6875,10,0,0,0,0
35,231.25,11,0,0,0,0
35,232.8125,12,0,0,0,0
35,234.375,13,0,0,0,0
35,235.9375,14,0,0,0,0
35,237.5,15,0,0,0,0
35,239.0625,0,0,0,0,0
35,240.625,1,0,0,0,0
35,242.1875,2,0,0,0,0
35,243.75,3,0,0,0,0
35,245.3125,4,0,0,0,0
35,246.875,5,0,0,0,0
35,248.4375,6,0,0,0,0
35,250.0,7,0,0,0,0
35,251.5625,8,0,0,0,0
35,253.125,9,0,0,0,0
35,254.6875,10,0,0,0,0
35,256.25,11,0,0,0,0
35,257.8125,12,0,0,0,0
35,259.375,13,0,0,0,0
35,260.9375,14,0,0,0,0
35,262.5,15,0,0,0,0
35,264.0625,0,0,0,0,0
35,265.625,1,0,0,0,0
35,267.1875,2,0,0,0,0
35,268.75,3,0,0,0,0
35,270.3125,4,0,0,0,0
35,271.875,5,0,0,0,0
35,273.4375,6,0,0,0,0
36,0.0,7,0,0,0,0
36,1.5625,8,0,0,0,0
36,3.125,9,0,0,0,0
36,4.6875,10,0,0,0,0
36,6.25,11,0,0,0,0
36,7.8125,12,0,0,0,0
36,9.375,13,0,0,0,0
36,10.9375,14,0,0,0,0
36,12.5,15,0,0,0,0
36,14.0625,0,0,0,0,0
36,15.625,1,0,0,0,0
36,17.1875,2,0,0,0,0
36,18.75,3,0,0,0,0
36,20.3125,4,0,0,0,0
36,21.875,5,0,0,0,0
36,23.4375,6,0,0,0,0
36,25.0,7,0,0,0,0
36,26.5625,8,0,0,0,0
36,28.125,9,0,0,0,0
36,29.6875,10,0,0,0,0
36,31.25,11,0,0,0,0
36,32.8125,12,0,0,0,0
36,34.375,13,0,0,0,0
36,35.9375,14,0,0,0,0
36,37.5,15,0,0,0,0
36,39.0625,0,0,0,0,0
36,40.625,1,0,0,0,0
36,42.1875,2,0,0,0,0
36,43.75,3,0,0,0,0
36,45.3125,4,0,0,0,0
36,46.875,5,0,0,0,0
36,48.4375,6,0,0,0,0
36,50.0,7,0,0,0,0
36,51.5625,8,0,0,0,0
36,53.125,9,0,0,0,0
36,54.6875,10,0,0,0,0
36,56.25,11,0,0,0,0
36,57.8125,12,0,0,0,0
36,59.375,13,0,0,0,0
36,60.9375,14,0,0,0,0
36,62.5,15,0,0,0,0
36,64.0625,0,0,0,0,0
36,65.625,1,0,0,0,0
36,67.1875,2,0,0,0,0
36,68.75,3,0,0,0,0
36,70.3125,4,0,0,0,0
36,71.875,5,0,0,0,0
36,73.4375,6,0,0,0,0
36,75.0,7,0,0,0,0
36,76.5625,8,0,0,0,0
36,78.125,9,0,0,0,0
36,79.6875,10,0,0,0,0
36,81.25,11,0,0,0,0
36,82.8125,12,0,0,0,0
36,84.375,13,0,0,0,0
36,85.9375,14,0,0,0,0
36,87.5,15,0,0,0,0
36,89.0625,0,0,0,0,0
36,90.625,1,0,0,0,0
36,92.1875,2,0,0,0,0
36,93.75,3,0,0,0,0
36,95.3125,4,0,0,0,0
36,96.875,5,0,0,0,0
36,98.4375,6,0,0,0,0
36,100.0,7,0,0,0,0
36,101.5625,8,0,0,0,0
36,103.125,9,0,0,0,0
36,104.6875,10,0,0,0,0
36,106.25,11,0,0,0,0
36,107.8125,12,0,0,0,0
36,109.375,13,0,0,0,0
36,110.9375,14,0,0,0,0
36,112.5,15,0,0,0,0
36,114.0625,0,0,0,0,0
36,115.625,1,0,0,0,0
36,117.1875,2,0,0,0,0
36,118.75,3,0,0,0,0
36,120.3125,4,0,0,0,0
36,121.875,5,0,0,0,0
36,123.4375,6,0,0,0,0
36,125.0,7,0,0,0,0
36,126.5625,8,0,0,0,0
36,128.125,9,0,0,0,0
36,129.6875,10,0,0,0,0
36,131.25,11,0,0,0,0
36,132.8125,12,0,0,0,0
36,134.375,13,0,0,0,0
36,135.9375,14,0,0,0,0
36,137.5,15,0,0,0,0
36,139.0625,0,0,0,0,0
36,140.625,1,0,0,0,0
36,142.1875,2,0,0,0,0
36,143.75,3,0,0,0,0
36,145.3125,4,0,0,0,0
36,146.875,5,0,0,0,0
36,148.4375,6,0,0,0,0
36,150.0,7,0,0,0,0
36,151.5625,8,0,0,0,0
36,153.125,9,0,0,0,0
36,154.6875,10,0,0,0,0
36,156.25,11,0,0,0,0
36,157.8125,12,0,0,0,0
36,159.375,13,0,0,0,0
36,160.9375,14,0,0,0,0
36,162.5,15,0,0,0,0
36,164.0625,0,0,0,0,0
36,165.625,1,0,0,0,0
36,167.1875,2,0,0,0,0
36,168.75,3,0,0,0,0
36,170.3125,4,0,0,0,0
36,171.875,5,0,0,0,0
36,173.4375,6,0,0,0,0
36,175.0,7,0,0,0,0
36,176.5625,8,0,0,0,0
36,178.125,9,0,0,0,0
36,179.6875,10,0,0,0,0
36,181.25,11,0,0,0,0
36,182.8125,12,0,0,0,0
36,184.375,13,0,0,0,0
36,185.9375,14,0,0,0,0
36,187.5,15,0,0,0,0
36,189.0625,0,0,0,0,0
36,190.625,1,0,0,0,0
36,192.1875,2,0,0,0,0
36,193.75,3,0,0,0,0
36,195.3125,4,0,0,0,0
36,196.875,5,0,0,0,0
36,198.4375,6,0,0,0,0
36,200.0,7,0,0,0,0
36,201.5625,8,0,0,0,0
36,203.125,9,0,0,0,0
36,204.6875,10,0,0,0,0
36,206.25,11,0,0,0,0
36,207.8125,12,0,0,0,0
36,209.375,13,0,0,0,0
36,210.9375,14,0,0,0,0
36,212.5,15,0,0,0,0
36,214.0625,0,0,0,0,0
36,215.625,1,0,0,0,0
36,217.1875,2,0,0,0,0
36,218.75,3,0,0,0,0
36,220.3125,4,0,0,0,0
36,221.875,5,0,0,0,0
36,223.4375,6,0,0,0,0
36,225.0,7,0,0,0,0
36,226.5625,8,0,0,0,0
36,228.125,9,0,0,0,0
36,229.6875,10,0,0,0,0
36,231.25,11,0,0,0,0
36,232.8125,12,0,0,0,0
36,234.375,13,0,0,0,0
36,235.9375,14,0,0,0,0
36,237.5,15,0,0,0,0
36,239.0625,0,0,0,0,0
36,240.625,1,0,0,0,0
36,242.1875,2,0,0,0,0
36,243.75,3,0,0,0,0
36,245.3125,4,0,0,0,0
36,246.875,5,0,0,0,0
36,248.4375,6,0,0,0,0
36,250.0,7,0,0,0,0
36,251.5625,8,0,0,0,0
36,253.125,9,0,0,0,0
36,254.6875,10,0,0,0,0
36,256.25,11,0,0,0,0
36,257.8125,12,0,0,0,0
36,259.375,13,0,0,0,0
36,260.9375,14,0,0,0,0
36,262.5,15,0,0,0,0
36,264.0625,0,0,0,0,0
36,265.625,1,0,0,0,0
36,267.1875,2,0,0,0,0
36,268.75,3,0,0,0,0
36,270.3125,4,0,0,0,0
36,271.875,5,0,0,0,0
36,273.4375,6,0,0,0,0
37,0.0,7,0,0,0,0
37,1.5625,8,0,0,0,0
37,3.125,9,0,0,0,0
37,4.6875,10,0,0,0,0
37,6.25,11,0,0,0,0
37,7.8125,12,0,0,0,0
37,9.375,13,0,0,0,0
37,10.9375,14,0,0,0,0
37,12.5,15,0,0,0,0
37,14.0625,0,0,0,0,0
37,15.625,1,0,0,0,0
37,17.1875,2,0,0,0,0
37,18.75,3,0,0,0,0
37,20.3125,4,0,0,0,0
37,21.875,5,0,0,0,0
37,23.4375,6,0,0,0,0
37,25.0,7,0,0,0,0
37,26.5625,8,0,0,0,0
37,28.125,9,0,0,0,0
37,29.6875,10,0,0,0,0
37,31.25,11,0,0,0,0
37,32.8125,12,0,0,0,0
37,34.375,13,0,0,0,0
37,35.9375,14,0,0,0,0
37,37.5,15,0,0,0,0
37,39.0625,0,0,0,0,0
37,40.625,1,0,0,0,0
37,42.1875,2,0,0,0,0
37,43.75,3,0,0,0,0
37,45.3125,4,0,0,0,0
37,46.875,5,0,0,0,0
37,48.4375,6,0,0,0,0
37,50.0,7,0,0,0,0
37,51.5625,8,0,0,0,0
37,53.125,9,0,0,0,0
37,54.6875,10,0,0,0,0
37,56.25,11,0,0,0,0
37,57.8125,12,0,0,0,0
37,59.375,13,0,0,0,0
37,60.9375,14,0,0,0,0
37,62.5,15,0,0,0,0
37,64.0625,0,0,0,0,0
37,65.625,1,0,0,0,0
37,67.1875,2,0,0,0,0
37,68.75,3,0,0,0,0
37,70.3125,4,0,0,0,0
37,71.875,5,0,0,0,0
37,73.4375,6,0,0,0,0
37,75.0,7,0,0,0,0
37,76.5625,8,0,0,0,0
37,78.125,9,0,0,0,0
37,79.6875,10,0,0,0,0
37,81.25,11,0,0,0,0
37,82.8125,12,0,0,0,0
37,84.375,13,0,0,0,0
37,85.9375,14,0,0,0,0
37,87.5,15,0,0,0,0
37,89.0625,0,0,0,0,0
37,90.625,1,0,0,0,0
37,92.1875,2,0,0,0,0
37,93.75,3,0,0,0,0
37,95.3125,4,0,0,0,0
37,96.875,5,0,0,0,0
37,98.4375,6,0,0,0,0
37,100.0,7,0,0,0,0
37,101.5625,8,0,0,0,0
37,103.125,9,0,0,0,0
37,104.6875,10,0,0,0,0
37,106.25,11,0,0,0,0
37,107.8125,12,0,0,0,0
37,109.375,13,0,0,0,0
37,110.9375,14,0,0,0,0
37,112.5,15,0,0,0,0
37,114.0625,0,0,0,0,0
37,115.625,1,0,0,0,0
37,117.1875,2,0,0,0,0
37,118.75,3,0,0,0,0
37,120.3125,4,0,0,0,0
37,121.875,5,0,0,0,0
37,123.4375,6,0,0,0,0
37,125.0,7,0,0,0,0
37,126.5625,8,0,0,0,0
37,128.125,9,0,0,0,0
37,129.6875,10,0,0,0,0
37,131.25,11,0,0,0,0
37,132.8125,12,0,0,0,0
37,134.375,13,0,0,0,0
37,135.9375,14,0,0,0,0
37,137.5,15,0,0,0,0
37,139.0625,0,0,0,0,0
37,140.625,1,0,0,0,0
37,142.1875,2,0,0,0,0
37,143.75,3,0,0,0,0
37,145.3125,4,0,0,0,0
37,146.875,5,0,0,0,0
37,148.4375,6,0,0,0,0
37,150.0,7,0,0,0,0
37,151.5625,8,0,0,0,0
37,153.125,9,0,0,0,0
37,154.6875,10,0,0,0,0
37,156.25,11,0,0,0,0
37,157.8125,12,0,0,0,0
37,159.375,13,0,0,0,0
37,160.9375,14,0,0,0,0
37,162.5,15,0,0,0,0
37,164.0625,0,0,0,0,0
37,165.625,1,0,0,0,0
37,167.1875,2,0,0,0,0
37,168.75,3,0,0,0,0
37,170.3125,4,0,0,0,0
37,171.875,5,0,0,0,0
37,173.4375,6,0,0,0,0
37,175.0,7,0,0,0,0
37,176.5625,8,0,0,0,0
37,178.125,9,0,0,0,0
37,179.6875,10,0,0,0,0
37,181.25,11,0,0,0,0
37,182.8125,12,0,0,0,0
37,184.375,13,0,0,0,0
37,185.9375,14,0,0,0,0
37,187.5,15,0,0,0,0
37,189.0625,0,0,0,0,0
37,190.625,1,0,0,0,0
37,192.1875,2,0,0,0,0
37,193.75,3,0,0,0,0
37,195.3125,4,0,0,0,0
37,196.875,5,0,0,0,0
37,198.4375,6,0,0,0,0
37,200.0,7,0,0,0,0
37,201.5625,8,0,0,0,0
37,203.125,9,0,0,0,0
37,204.6875,10,0,0,0,0
37,206.25,11,0,0,0,0
37,207.8125,12,0,0,0,0
37,209.375,13,0,0,0,0
37,210.9375,14,0,0,0,0
37,212.5,15,0,0,0,0
37,214.0625,0,0,0,0,0
37,215.625,1,0,0,0,0
37,217.1875,2,0,0,0,0
37,218.75,3,0,0,0,0
37,220.3125,4,0,0,0,0
37,221.875,5,0,0,0,0
37,223.4375,6,0,0,0,0
37,225.0,7,0,0,0,0
37,226.5625,8,0,0,0,0
37,228.125,9,0,0,0,0
37,229.6875,10,0,0,0,0
37,231.25,11,0,0,0,0
37,232.8125,12,0,0,0,0
37,234.375,13,0,0,0,0
37,235.9375,14,0,0,0,0
37,237.5,15,0,0,0,0
37,239.0625,0,0,0,0,0
37,240.625,1,0,0,0,0
37,242.1875,2,0,0,0,0
37,243.75,3,0,0,0,0
37,245.3125,4,0,0,0,0
37,246.875,5,0,0,0,0
37,248.4375,6,0,0,0,0
37,250.0,7,0,0,0,0
37,251.5625,8,0,0,0,0
37,253.125,9,0,0,0,0
37,254.6875,10,0,0,0,0
37,256.25,11,0,0,0,0
37,257.8125,12,0,0,0,0
37,259.375,13,0,0,0,0
37,260.9375,14,0,0,0,0
37,262.5,15,0,0,0,0
37,264.0625,0,0,0,0,0
37,265.625,1,0,0,0,0
37,267.1875,2,0,0,0,0
37,268.75,3,0,0,0,0
37,270.3125,4,0,0,0,0
37,271.875,5,0,0,0,0
37,273.4375,6,0,0,0,0
38,0.0,7,0,83,83,0
38,1.5625,8,0,85,85,0
38,3.125,9,0,83,83,0
38,4.6875,10,0,85,85,0
38,6.25,11,0,82,82,0
38,7.8125,12,0,86,86,0
38,9.375,13,0,86,86,0
38,10.9375,14,0,85,85,0
38,12.5,15,0,0,0,0
38,14.0625,0,0,84,84,0
38,15.625,1,0,84,84,0
38,17.1875,2,0,83,83,0
38,18.75,3,0,85,85,0
38,20.3125,4,0,83,83,0
38,21.875,5,0,83,83,0
38,23.4375,6,0,82,82,0
38,25.0,7,0,84,84,0
38,26.5625,8,0,84,84,0
38,28.125,9,0,83,83,0
38,29.6875,10,0,81,81,0
38,31.25,11,0,82,82,0
38,32.8125,12,0,81,81,0
38,34.375,13,0,81,81,0
38,35.9375,14,0,80,80,0
38,37.5,15,0,0,0,0
38,39.0625,0,0,80,80,0
38,40.625,1,0,80,80,0
38,42.1875,2,0,80,80,0
38,43.75,3,0,81,81,0
38,45.3125,4,0,82,82,0
38,46.875,5,0,82,82,0
38,48.4375,6,0,82,82,0
38,50.0,7,0,81,81,0
38,51.5625,8,0,83,83,0
38,53.125,9,0,83,83,0
38,54.6875,10,0,82,82,0
38,56.25,11,0,84,84,0
38,57.8125,12,0,85,85,0
38,59.375,13,0,86,86,0
38,60.9375,14,0,84,84,0
38,62.5,15,0,0,0,0
38,64.0625,0,0,85,85,0
38,65.625,1,0,85,85,0
38,67.1875,2,0,85,85,0
38,68.75,3,0,86,86,0
38,70.3125,4,0,85,85,0
38,71.875,5,0,85,85,0
38,73.4375,6,0,84,84,0
38,75.0,7,0,86,86,0
38,76.5625,8,0,86,86,0
38,78.125,9,0,85,85,0
38,79.6875,10,0,85,85,0
38,81.25,11,0,86,86,0
38,82.8125,12,0,86,86,0
38,84.375,13,0,86,86,0
38,85.9375,14,0,87,87,0
38,87.5,15,0,0,0,0
38,89.0625,0,0,86,86,0
38,90.625,1,0,86,86,0
38,92.1875,2,0,85,85,0
38,93.75,3,0,85,85,0
38,95.3125,4,0,85,85,0
38,96.875,5,0,83,83,0
38,98.4375,6,0,86,86,0
38,100.0,7,0,84,84,0
38,101.5625,8,0,85,85,0
38,103.125,9,0,85,85,0
38,104.6875,10,0,84,84,0
38,106.25,11,0,85,85,0
38,107.8125,12,0,85,85,0
38,109.375,13,0,85,85,0
38,110.9375,14,0,85,85,0
38,112.5,15,0,0,0,0
38,114.0625,0,0,85,85,0
38,115.625,1,0,84,84,0
38,117.1875,2,0,83,83,0
38,118.75,3,0,88,88,0
38,120.3125,4,0,85,85,0
38,121.875,5,0,84,84,0
38,123.4375,6,0,83,83,0
38,125.0,7,0,83,83,0
38,126.5625,8,0,85,85,0
38,128.125,9,0,84,84,0
38,129.6875,10,0,83,83,0
38,131.25,11,0,85,85,0
38,132.8125,12,0,85,85,0
38,134.375,13,0,85,85,0
38,135.9375,14,0,84,84,0
38,137.5,15,0,0,0,0
38,139.0625,0,0,84,84,0
38,140.625,1,0,82,82,0
38,142.1875,2,0,84,84,0
38,143.75,3,0,84,84,0
38,145.3125,4,0,84,84,0
38,146.875,5,0,82,82,0
38,148.4375,6,0,84,84,0
38,150.0,7,0,82,82,0
38,151.5625,8,0,85,85,0
38,153.125,9,0,83,83,0
38,154.6875,10,0,84,84,0
38,156.25,11,0,83,83,0
38,157.8125,12,0,85,85,0
38,159.375,13,0,83,83,0
38,160.9375,14,0,85,85,0
38,162.5,15,0,0,0,0
38,164.0625,0,0,84,84,0
38,165.625,1,0,83,83,0
38,167.1875,2,0,83,83,0
38,168.75,3,0,84,84,0
38,170.3125,4,0,83,83,0
38,171.875,5,0,83,83,0
38,173.4375,6,0,83,83,0
38,175.0,7,0,84,84,0
38,176.5625,8,0,84,84,0
38,178.125,9,0,82,82,0
38,179.6875,10,0,84,84,0
38,181.25,11,0,83,83,0
38,182.8125,12,0,83,83,0
38,184.375,13,0,84,84,0
38,185.9375,14,0,83,83,0
38,187.5,15,0,0,0,0
38,189.0625,0,0,85,85,0
38,190.625,1,0,82,82,0
38,192.1875,2,0,83,83,0
38,193.75,3,0,84,84,0
38,195.3125,4,0,83,83,0
38,196.875,5,0,83,83,0
38,198.4375,6,0,82,82,0
38,200.0,7,0,82,82,0
38,201.5625,8,0,85,85,0
38,203.125,9,0,84,84,0
38,204.6875,10,0,84,84,0
38,206.25,11,0,85,85,0
38,207.8125,12,0,85,85,0
38,209.375,13,0,85,85,0
38,210.9375,14,0,84,84,0
38,212.5,15,0,0,0,0
38,214.0625,0,0,83,83,0
38,215.625,1,0,82,82,0
38,217.1875,2,0,84,84,0
38,218.75,3,0,84,84,0
38,220.3125,4,0,83,83,0
38,221.875,5,0,84,84,0
38,223.4375,6,0,83,83,0
38,225.0,7,0,83,83,0
38,226.5625,8,0,84,84,0
38,228.125,9,0,84,84,0
38,229.6875,10,0,84,84,0
38,231.25,11,0,84,84,0
38,232.8125,12,0,85,85,0
38,234.375,13,0,83,83,0
38,235.9375,14,0,84,84,0
38,237.5,15,0,0,0,0
38,239.0625,0,0,83,83,0
38,240.625,1,0,84,84,0
38,242.1875,2,0,84,84,0
38,243.75,3,0,84,84,0
38,245.3125,4,0,84,84,0
38,246.875,5,0,85,85,0
38,248.4375,6,0,85,85,0
38,250.0,7,0,0,0,0
38,251.5625,8,0,0,0,0
38,253.125,9,0,0,0,0
38,254.6875,10,0,0,0,0
38,256.25,11,0,0,0,0
38,257.8125,12,0,0,0,0
38,259.375,13,0,0,0,0
38,260.9375,14,0,0,0,0
38,262.5,15,0,0,0,0
38,264.0625,0,0,0,0,0
38,265.625,1,0,0,0,0
38,267.1875,2,0,0,0,0
38,268.75,3,0,0,0,0
38,270.3125,4,0,0,0,0
38,271.875,5,0,0,0,0
38,273.4375,6,0,0,0,0
39,0.0,7,98,0,0,0
39,1.5625,8,100,0,0,0
39,3.125,9,98,0,0,0
39,4.6875,10,99,0,0,0
39,6.25,11,98,0,0,0
39,7.8125,12,100,0,0,0
39,9.375,13,101,0,0,0
39,10.9375,14,100,0,0,0
39,12.5,15,0,0,0,0
39,14.0625,0,99,0,0,0
39,15.625,1,98,0,0,0
39,17.1875,2,101,0,0,0
39,18.75,3,100,0,0,0
39,20.3125,4,101,0,0,0
39,21.875,5,101,0,0,0
39,23.4375,6,98,0,0,0
39,25.0,7,123,0,0,0
39,26.5625,8,168,0,0,0
39,28.125,9,254,0,0,0
39,29.6875,10,370,0,0,0
39,31.25,11,499,0,0,0
39,32.8125,12,630,0,0,0
39,34.375,13,765,0,0,0
39,35.9375,14,889,0,0,0
39,37.5,15,0,0,0,0
39,39.0625,0,1023,0,0,0
39,40.625,1,1023,0,0,0
39,42.1875,2,1023,0,0,0
39,43.75,3,1023,0,0,0
39,45.3125,4,1023,0,0,0
39,46.875,5,1023,0,0,0
39,48.4375,6,491,0,0,0
39,50.0,7,1023,0,0,0
39,51.5625,8,1023,0,0,0
39,53.125,9,1023,0,0,0
39,54.6875,10,1023,0,0,0
39,56.25,11,1023,0,0,0
39,57.8125,12,1023,0,0,0
39,59.375,13,1023,0,0,0
39,60.9375,14,963,0,0,0
39,62.5,15,0,0,0,0
39,64.0625,0,812,0,0,0
39,65.625,1,709,0,0,0
39,67.1875,2,593,0,0,0
39,68.75,3,512,0,0,0
39,70.3125,4,456,0,0,0
39,71.875,5,429,0,0,0
39,73.4375,6,411,0,0,0
39,75.0,7,395,0,0,0
39,76.5625,8,383,0,0,0
39,78.125,9,365,0,0,0
39,79.6875,10,353,0,0,0
39,81.25,11,344,0,0,0
39,82.8125,12,329,0,0,0
39,84.375,13,319,0,0,0
39,85.9375,14,308,0,0,0
39,87.5,15,0,0,0,0
39,89.0625,0,285,0,0,0
39,90.625,1,274,0,0,0
39,92.1875,2,266,0,0,0
39,93.75,3,255,0,0,0
39,95.3125,4,251,0,0,0
39,96.875,5,241,0,0,0
39,98.4375,6,153,0,0,0
39,100.0,7,226,0,0,0
39,101.5625,8,223,0,0,0
39,103.125,9,218,0,0,0
39,104.6875,10,212,0,0,0
39,106.25,11,211,0,0,0
39,107.8125,12,205,0,0,0
39,109.375,13,204,0,0,0
39,110.9375,14,200,0,0,0
39,112.5,15,0,0,0,0
39,114.0625,0,194,0,0,0
39,115.625,1,191,0,0,0
39,117.1875,2,187,0,0,0
39,118.75,3,184,0,0,0
39,120.3125,4,181,0,0,0
39,121.875,5,178,0,0,0
39,123.4375,6,160,0,0,0
39,125.0,7,176,0,0,0
39,126.5625,8,173,0,0,0
39,128.125,9,169,0,0,0
39,129.6875,10,168,0,0,0
39,131.25,11,169,0,0,0
39,132.8125,12,166,0,0,0
39,134.375,13,165,0,0,0
39,135.9375,14,162,0,0,0
39,137.5,15,0,0,0,0
39,139.0625,0,161,0,0,0
39,140.625,1,161,0,0,0
39,142.1875,2,160,0,0,0
39,143.75,3,157,0,0,0
39,145.3125,4,156,0,0,0
39,146.875,5,154,0,0,0
39,148.4375,6,146,0,0,0
39,150.0,7,152,0,0,0
39,151.5625,8,153,0,0,0
39,153.125,9,148,0,0,0
39,154.6875,10,150,0,0,0
39,156.25,11,149,0,0,0
39,157.8125,12,149,0,0,0
39,159.375,13,148,0,0,0
39,160.9375,14,148,0,0,0
39,162.5,15,0,0,0,0
39,164.0625,0,144,0,0,0
39,165.625,1,144,0,0,0
39,167.1875,2,142,0,0,0
39,168.75,3,143,0,0,0
39,170.3125,4,141,0,0,0
39,171.875,5,138,0,0,0
39,173.4375,6,152,0,0,0
39,175.0,7,139,0,0,0
39,176.5625,8,138,0,0,0
39,178.125,9,136,0,0,0
39,179.6875,10,138,0,0,0
39,181.25,11,137,0,0,0
39,182.8125,12,136,0,0,0
39,184.375,13,136,0,0,0
39,185.9375,14,134,0,0,0
39,187.5,15,0,0,0,0
39,189.0625,0,133,0,0,0
39,190.625,1,132,0,0,0
39,192.1875,2,133,0,0,0
39,193.75,3,132,0,0,0
39,195.3125,4,132,0,0,0
39,196.875,5,131,0,0,0
39,198.4375,6,128,0,0,0
39,200.0,7,129,0,0,0
39,201.5625,8,129,0,0,0
39,203.125,9,128,0,0,0
39,204.6875,10,127,0,0,0
39,206.25,11,127,0,0,0
39,207.8125,12,127,0,0,0
39,209.375,13,129,0,0,0
39,210.9375,14,127,0,0,0
39,212.5,15,0,0,0,0
39,214.0625,0,126,0,0,0
39,215.625,1,124,0,0,0
39,217.1875,2,124,0,0,0
39,218.75,3,123,0,0,0
39,220.3125,4,124,0,0,0
39,221.875,5,123,0,0,0
39,223.4375,6,154,0,0,0
39,225.0,7,123,0,0,0
39,226.5625,8,121,0,0,0
39,228.125,9,121,0,0,0
39,229.6875,10,122,0,0,0
39,231.25,11,121,0,0,0
39,232.8125,12,122,0,0,0
39,234.375,13,122,0,0,0
39,235.9375,14,121,0,0,0
39,237.5,15,0,0,0,0
39,239.0625,0,121,0,0,0
39,240.625,1,118,0,0,0
39,242.1875,2,116,0,0,0
39,243.75,3,118,0,0,0
39,245.3125,4,120,0,0,0
39,246.875,5,117,0,0,0
39,248.4375,6,124,0,0,0
39,250.0,7,0,0,0,0
39,251.5625,8,0,0,0,0
39,253.125,9,0,0,0,0
39,254.6875,10,0,0,0,0
39,256.25,11,0,0,0,0
39,257.8125,12,0,0,0,0
39,259.375,13,0,0,0,0
39,260.9375,14,0,0,0,0
39,262.5,15,0,0,0,0
39,264.0625,0,0,0,0,0
39,265.625,1,0,0,0,0
39,267.1875,2,0,0,0,0
39,268.75,3,0,0,0,0
39,270.3125,4,0,0,0,0
39,271.875,5,0,0,0,0
39,273.4375,6,0,0,0,0
40,0.0,7,100,0,0,0
40,1.5625,8,100,0,0,0
40,3.125,9,99,0,0,0
40,4.6875,10,100,0,0,0
40,6.25,11,100,0,0,0
40,7.8125,12,99,0,0,0
40,9.375,13,98,0,0,0
40,10.9375,14,100,0,0,0
40,12.5,15,0,0,0,0
40,14.0625,0,99,0,0,0
40,15.625,1,101,0,0,0
40,17.1875,2,101,0,0,0
40,18.75,3,99,0,0,0
40,20.3125,4,100,0,0,0
40,21.875,5,101,0,0,0
40,23.4375,6,101,0,0,0
40,25.0,7,123,0,0,0
40,26.5625,8,167,0,0,0
40,28.125,9,250,0,0,0
40,29.6875,10,361,0,0,0
40,31.25,11,481,0,0,0
40,32.8125,12,609,0,0,0
40,34.375,13,736,0,0,0
40,35.9375,14,859,0,0,0
40,37.5,15,0,0,0,0
40,39.0625,0,1023,0,0,0
40,40.625,1,1023,0,0,0
40,42.1875,2,1023,0,0,0
40,43.75,3,1023,0,0,0
40,45.3125,4,1023,0,0,0
40,46.875,5,1023,0,0,0
40,48.4375,6,365,0,0,0
40,50.0,7,1023,0,0,0
40,51.5625,8,1023,0,0,0
40,53.125,9,1023,0,0,0
40,54.6875,10,1023,0,0,0
40,56.25,11,1023,0,0,0
40,57.8125,12,1023,0,0,0
40,59.375,13,971,0,0,0
40,60.9375,14,890,0,0,0
40,62.5,15,0,0,0,0
40,64.0625,0,685,0,0,0
40,65.625,1,586,0,0,0
40,67.1875,2,513,0,0,0
40,68.75,3,479,0,0,0
40,70.3125,4,453,0,0,0
40,71.875,5,433,0,0,0
40,73.4375,6,446,0,0,0
40,75.0,7,398,0,0,0
40,76.5625,8,380,0,0,0
40,78.125,9,367,0,0,0
40,79.6875,10,350,0,0,0
40,81.25,11,338,0,0,0
40,82.8125,12,325,0,0,0
40,84.375,13,314,0,0,0
40,85.9375,14,301,0,0,0
40,87.5,15,0,0,0,0
40,89.0625,0,281,0,0,0
40,90.625,1,271,0,0,0
40,92.1875,2,260,0,0,0
40,93.75,3,254,0,0,0
40,95.3125,4,247,0,0,0
40,96.875,5,238,0,0,0
40,98.4375,6,152,0,0,0
40,100.0,7,228,0,0,0
40,101.5625,8,221,0,0,0
40,103.125,9,215,0,0,0
40,104.6875,10,211,0,0,0
40,106.25,11,208,0,0,0
40,107.8125,12,205,0,0,0
40,109.375,13,200,0,0,0
40,110.9375,14,198,0,0,0
40,112.5,15,0,0,0,0
40,114.0625,0,191,0,0,0
40,115.625,1,190,0,0,0
40,117.1875,2,184,0,0,0
40,118.75,3,184,0,0,0
40,120.3125,4,180,0,0,0
40,121.875,5,178,0,0,0
40,123.4375,6,171,0,0,0
40,125.0,7,173,0,0,0
40,126.5625,8,172,0,0,0
40,128.125,9,170,0,0,0
40,129.6875,10,169,0,0,0
40,131.25,11,168,0,0,0
40,132.8125,12,168,0,0,0
40,134.375,13,166,0,0,0
40,135.9375,14,162,0,0,0
40,137.5,15,0,0,0,0
40,139.0625,0,161,0,0,0
40,140.625,1,158,0,0,0
40,142.1875,2,157,0,0,0
40,143.75,3,157,0,0,0
40,145.3125,4,154,0,0,0
40,146.875,5,155,0,0,0
40,148.4375,6,170,0,0,0
40,150.0,7,151,0,0,0
40,151.5625,8,153,0,0,0
40,153.125,9,151,0,0,0
40,154.6875,10,150,0,0,0
40,156.25,11,149,0,0,0
40,157.8125,12,149,0,0,0
40,159.375,13,148,0,0,0
40,160.9375,14,146,0,0,0
40,162.5,15,0,0,0,0
40,164.0625,0,145,0,0,0
40,165.625,1,144,0,0,0
40,167.1875,2,142,0,0,0
40,168.75,3,142,0,0,0
40,170.3125,4,141,0,0,0
40,171.875,5,142,0,0,0
40,173.4375,6,138,0,0,0
40,175.0,7,138,0,0,0
40,176.5625,8,140,0,0,0
40,178.125,9,138,0,0,0
40,179.6875,10,137,0,0,0
40,181.25,11,139,0,0,0
40,182.8125,12,136,0,0,0
40,184.375,13,133,0,0,0
40,185.9375,14,136,0,0,0
40,187.5,15,0,0,0,0
40,189.0625,0,136,0,0,0
40,190.625,1,134,0,0,0
40,192.1875,2,133,0,0,0
40,193.75,3,133,0,0,0
40,195.3125,4,132,0,0,0
40,196.875,5,131,0,0,0
40,198.4375,6,130,0,0,0
40,200.0,7,130,0,0,0
40,201.5625,8,129,0,0,0
40,203.125,9,129,0,0,0
40,204.6875,10,128,0,0,0
40,206.25,11,129,0,0,0
40,207.8125,12,129,0,0,0
40,209.375,13,127,0,0,0
40,210.9375,14,0,0,0,0
40,212.5,15,0,0,0,0
40,214.0625,0,127,0,0,0
40,215.625,1,125,0,0,0
40,217.1875,2,126,0,0,0
40,218.75,3,126,0,0,0
40,220.3125,4,124,0,0,0
40,221.875,5,125,0,0,0
40,223.4375,6,138,0,0,0
40,225.0,7,124,0,0,0
40,226.5625,8,123,0,0,0
40,228.125,9,122,0,0,0
40,229.6875,10,123,0,0,0
40,231.25,11,124,0,0,0
40,232.8125,12,122,0,0,0
40,234.375,13,122,0,0,0
40,235.9375,14,118,0,0,0
40,237.5,15,0,0,0,0
40,239.0625,0,121,0,0,0
40,240.625,1,120,0,0,0
40,242.1875,2,122,0,0,0
40,243.75,3,121,0,0,0
40,245.3125,4,118,0,0,0
40,246.875,5,120,0,0,0
40,248.4375,6,115,0,0,0
40,250.0,7,0,0,0,0
40,251.5625,8,0,0,0,0
40,253.125,9,0,0,0,0
40,254.6875,10,0,0,0,0
40,256.25,11,0,0,0,0
40,257.8125,12,0,0,0,0
40,259.375,13,0,0,0,0
40,260.9375,14,0,0,0,0
40,262.5,15,0,0,0,0
40,264.0625,0,0,0,0,0
40,265.625,1,0,0,0,0
40,267.1875,2,0,0,0,0
40,268.75,3,0,0,0,0
40,270.3125,4,0,0,0,0
40,271.875,5,0,0,0,0
40,273.4375,6,0,0,0,0
41,0.0,7,100,0,0,0
41,1.5625,8,99,0,0,0
41,3.125,9,101,0,0,0
41,4.6875,10,100,0,0,0
41,6.25,11,100,0,0,0
41,7.8125,12,98,0,0,0
41,9.375,13,102,0,0,0
41,10.9375,14,101,0,0,0
41,12.5,15,0,0,0,0
41,14.0625,0,102,0,0,0
41,15.625,1,101,0,0,0
41,17.1875,2,101,0,0,0
41,18.75,3,101,0,0,0
41,20.3125,4,101,0,0,0
41,21.875,5,103,0,0,0
41,23.4375,6,100,0,0,0
41,25.0,7,124,0,0,0
41,26.5625,8,165,0,0,0
41,28.125,9,253,0,0,0
41,29.6875,10,369,0,0,0
41,31.25,11,493,0,0,0
41,32.8125,12,629,0,0,0
41,34.375,13,762,0,0,0
41,35.9375,14,882,0,0,0
41,37.5,15,0,0,0,0
41,39.0625,0,1023,0,0,0
41,40.625,1,1023,0,0,0
41,42.1875,2,1023,0,0,0
41,43.75,3,1023,0,0,0
41,45.3125,4,1023,0,0,0
41,46.875,5,1023,0,0,0
41,48.4375,6,1006,0,0,0
41,50.0,7,1023,0,0,0
41,51.5625,8,1023,0,0,0
41,53.125,9,1023,0,0,0
41,54.6875,10,1023,0,0,0
41,56.25,11,1023,0,0,0
41,57.8125,12,1023,0,0,0
41,59.375,13,1023,0,0,0
41,60.9375,14,1023,0,0,0
41,62.5,15,0,0,0,0
41,64.0625,0,909,0,0,0
41,65.625,1,855,0,0,0
41,67.1875,2,814,0,0,0
41,68.75,3,759,0,0,0
41,70.3125,4,681,0,0,0
41,71.875,5,605,0,0,0
41,73.4375,6,532,0,0,0
41,75.0,7,458,0,0,0
41,76.5625,8,390,0,0,0
41,78.125,9,361,0,0,0
41,79.6875,10,350,0,0,0
41,81.25,11,342,0,0,0
41,82.8125,12,333,0,0,0
41,84.375,13,322,0,0,0
41,85.9375,14,314,0,0,0
41,87.5,15,0,0,0,0
41,89.0625,0,293,0,0,0
41,90.625,1,284,0,0,0
41,92.1875,2,275,0,0,0
41,93.75,3,268,0,0,0
41,95.3125,4,255,0,0,0
41,96.875,5,251,0,0,0
41,98.4375,6,244,0,0,0
41,100.0,7,235,0,0,0
41,101.5625,8,231,0,0,0
41,103.125,9,225,0,0,0
41,104.6875,10,222,0,0,0
41,106.25,11,214,0,0,0
41,107.8125,12,213,0,0,0
41,109.375,13,208,0,0,0
41,110.9375,14,204,0,0,0
41,112.5,15,0,0,0,0
41,114.0625,0,200,0,0,0
41,115.625,1,196,0,0,0
41,117.1875,2,193,0,0,0
41,118.75,3,190,0,0,0
41,120.3125,4,188,0,0,0
41,121.875,5,185,0,0,0
41,123.4375,6,182,0,0,0
41,125.0,7,180,0,0,0
41,126.5625,8,177,0,0,0
41,128.125,9,177,0,0,0
41,129.6875,10,174,0,0,0
41,131.25,11,174,0,0,0
41,132.8125,12,173,0,0,0
41,134.375,13,171,0,0,0
41,135.9375,14,169,0,0,0
41,137.5,15,0,0,0,0
41,139.0625,0,166,0,0,0
41,140.625,1,166,0,0,0
41,142.1875,2,162,0,0,0
41,143.75,3,164,0,0,0
41,145.3125,4,160,0,0,0
41,146.875,5,160,0,0,0
41,148.4375,6,160,0,0,0
41,150.0,7,154,0,0,0
41,151.5625,8,156,0,0,0
41,153.125,9,155,0,0,0
41,154.6875,10,154,0,0,0
41,156.25,11,154,0,0,0
41,157.8125,12,154,0,0,0
41,159.375,13,152,0,0,0
41,160.9375,14,150,0,0,0
41,162.5,15,0,0,0,0
41,164.0625,0,149,0,0,0
41,165.625,1,147,0,0,0
41,167.1875,2,147,0,0,0
41,168.75,3,146,0,0,0
41,170.3125,4,144,0,0,0
41,171.875,5,0,0,0,0
41,173.4375,6,160,0,0,0
41,175.0,7,141,0,0,0
41,176.5625,8,142,0,0,0
41,178.125,9,140,0,0,0
41,179.6875,10,140,0,0,0
41,181.25,11,141,0,0,0
41,182.8125,12,141,0,0,0
41,184.375,13,139,0,0,0
41,185.9375,14,137,0,0,0
41,187.5,15,0,0,0,0
41,189.0625,0,137,0,0,0
41,190.625,1,136,0,0,0
41,192.1875,2,136,0,0,0
41,193.75,3,136,0,0,0
41,195.3125,4,134,0,0,0
41,196.875,5,136,0,0,0
41,198.4375,6,128,0,0,0
41,200.0,7,130,0,0,0
41,201.5625,8,132,0,0,0
41,203.125,9,130,0,0,0
41,204.6875,10,132,0,0,0
41,206.25,11,129,0,0,0
41,207.8125,12,131,0,0,0
41,209.375,13,131,0,0,0
41,210.9375,14,129,0,0,0
41,212.5,15,0,0,0,0
41,214.0625,0,129,0,0,0
41,215.625,1,128,0,0,0
41,217.1875,2,125,0,0,0
41,218.75,3,127,0,0,0
41,220.3125,4,126,0,0,0
41,221.875,5,126,0,0,0
41,223.4375,6,188,0,0,0
41,225.0,7,124,0,0,0
41,226.5625,8,126,0,0,0
41,228.125,9,123,0,0,0
41,229.6875,10,124,0,0,0
41,231.25,11,123,0,0,0
41,232.8125,12,124,0,0,0
41,234.375,13,124,0,0,0
41,235.9375,14,122,0,0,0
41,237.5,15,0,0,0,0
41,239.0625,0,123,0,0,0
41,240.625,1,122,0,0,0
41,242.1875,2,120,0,0,0
41,243.75,3,121,0,0,0
41,245.3125,4,121,0,0,0
41,246.875,5,121,0,0,0
41,248.4375,6,120,0,0,0
41,250.0,7,0,0,0,0
41,251.5625,8,0,0,0,0
41,253.125,9,0,0,0,0
41,254.6875,10,0,0,0,0
41,256.25,11,0,0,0,0
41,257.8125,12,0,0,0,0
41,259.375,13,0,0,0,0
41,260.9375,14,0,0,0,0
41,262.5,15,0,0,0,0
41,264.0625,0,0,0,0,0
41,265.625,1,0,0,0,0
41,267.1875,2,0,0,0,0
41,268.75,3,0,0,0,0
41,270.3125,4,0,0,0,0
41,271.875,5,0,0,0,0
41,273.4375,6,0,0,0,0
42,0.0,7,100,0,0,0
42,1.5625,8,100,0,0,0
42,3.125,9,101,0,0,0
42,4.6875,10,101,0,0,0
42,6.25,11,101,0,0,0
42,7.8125,12,101,0,0,0
42,9.375,13,102,0,0,0
42,10.9375,14,100,0,0,0
42,12.5,15,0,0,0,0
42,14.0625,0,101,0,0,0
42,15.625,1,102,0,0,0
42,17.1875,2,100,0,0,0
42,18.75,3,102,0,0,0
42,20.3125,4,102,0,0,0
42,21.875,5,103,0,0,0
42,23.4375,6,100,0,0,0
42,25.0,7,122,0,0,0
42,26.5625,8,162,0,0,0
42,28.125,9,246,0,0,0
42,29.6875,10,356,0,0,0
42,31.25,11,478,0,0,0
42,32.8125,12,607,0,0,0
42,34.375,13,733,0,0,0
42,35.9375,14,858,0,0,0
42,37.5,15,0,0,0,0
42,39.0625,0,1023,0,0,0
42,40.625,1,1023,0,0,0
42,42.1875,2,1023,0,0,0
42,43.75,3,1023,0,0,0
42,45.3125,4,1023,0,0,0
42,46.875,5,1023,0,0,0
42,48.4375,6,495,0,0,0
42,50.0,7,1023,0,0,0
42,51.5625,8,1023,0,0,0
42,53.125,9,1023,0,0,0
42,54.6875,10,1023,0,0,0
42,56.25,11,1023,0,0,0
42,57.8125,12,1003,0,0,0
42,59.375,13,918,0,0,0
42,60.9375,14,812,0,0,0
42,62.5,15,0,0,0,0
42,64.0625,0,612,0,0,0
42,65.625,1,542,0,0,0
42,67.1875,2,510,0,0,0
42,68.75,3,483,0,0,0
42,70.3125,4,458,0,0,0
42,71.875,5,437,0,0,0
42,73.4375,6,416,0,0,0
42,75.0,7,396,0,0,0
42,76.5625,8,381,0,0,0
42,78.125,9,362,0,0,0
42,79.6875,10,349,0,0,0
42,81.25,11,334,0,0,0
42,82.8125,12,321,0,0,0
42,84.375,13,309,0,0,0
42,85.9375,14,296,0,0,0
42,87.5,15,0,0,0,0
42,89.0625,0,277,0,0,0
42,90.625,1,266,0,0,0
42,92.1875,2,261,0,0,0
42,93.75,3,251,0,0,0
42,95.3125,4,242,0,0,0
42,96.875,5,238,0,0,0
42,98.4375,6,160,0,0,0
42,100.0,7,225,0,0,0
42,101.5625,8,220,0,0,0
42,103.125,9,215,0,0,0
42,104.6875,10,211,0,0,0
42,106.25,11,207,0,0,0
42,107.8125,12,203,0,0,0
42,109.375,13,201,0,0,0
42,110.9375,14,196,0,0,0
42,112.5,15,0,0,0,0
42,114.0625,0,191,0,0,0
42,115.625,1,188,0,0,0
42,117.1875,2,187,0,0,0
42,118.75,3,184,0,0,0
42,120.3125,4,180,0,0,0
42,121.875,5,180,0,0,0
42,123.4375,6,165,0,0,0
42,125.0,7,174,0,0,0
42,126.5625,8,172,0,0,0
42,128.125,9,170,0,0,0
42,129.6875,10,170,0,0,0
42,131.25,11,169,0,0,0
42,132.8125,12,166,0,0,0
42,134.375,13,167,0,0,0
42,135.9375,14,162,0,0,0
42,137.5,15,0,0,0,0
42,139.0625,0,160,0,0,0
42,140.625,1,158,0,0,0
42,142.1875,2,160,0,0,0
42,143.75,3,155,0,0,0
42,145.3125,4,156,0,0,0
42,146.875,5,156,0,0,0
42,148.4375,6,137,0,0,0
42,150.0,7,152,0,0,0
42,151.5625,8,150,0,0,0
42,153.125,9,150,0,0,0
42,154.6875,10,152,0,0,0
42,156.25,11,149,0,0,0
42,157.8125,12,146,0,0,0
42,159.375,13,150,0,0,0
42,160.9375,14,146,0,0,0
42,162.5,15,0,0,0,0
42,164.0625,0,145,0,0,0
42,165.625,1,144,0,0,0
42,167.1875,2,144,0,0,0
42,168.75,3,142,0,0,0
42,170.3125,4,142,0,0,0
42,171.875,5,142,0,0,0
42,173.4375,6,137,0,0,0
42,175.0,7,139,0,0,0
42,176.5625,8,140,0,0,0
42,178.125,9,139,0,0,0
42,179.6875,10,138,0,0,0
42,181.25,11,138,0,0,0
42,182.8125,12,136,0,0,0
42,184.375,13,136,0,0,0
42,185.9375,14,136,0,0,0
42,187.5,15,0,0,0,0
42,189.0625,0,136,0,0,0
42,190.625,1,134,0,0,0
42,192.1875,2,133,0,0,0
42,193.75,3,134,0,0,0
42,195.3125,4,130,0,0,0
42,196.875,5,130,0,0,0
42,198.4375,6,129,0,0,0
42,200.0,7,130,0,0,0
42,201.5625,8,130,0,0,0
42,203.125,9,131,0,0,0
42,204.6875,10,129,0,0,0
42,206.25,11,129,0,0,0
42,207.8125,12,128,0,0,0
42,209.375,13,128,0,0,0
42,210.9375,14,127,0,0,0
42,212.5,15,0,0,0,0
42,214.0625,0,127,0,0,0
42,215.625,1,126,0,0,0
42,217.1875,2,128,0,0,0
42,218.75,3,125,0,0,0
42,220.3125,4,126,0,0,0
42,221.875,5,126,0,0,0
42,223.4375,6,184,0,0,0
42,225.0,7,123,0,0,0
42,226.5625,8,123,0,0,0
42,228.125,9,123,0,0,0
42,229.6875,10,123,0,0,0
42,231.25,11,122,0,0,0
42,232.8125,12,122,0,0,0
42,234.375,13,123,0,0,0
42,235.9375,14,122,0,0,0
42,237.5,15,0,0,0,0
42,239.0625,0,120,0,0,0
42,240.625,1,120,0,0,0
42,242.1875,2,122,0,0,0
42,243.75,3,122,0,0,0
42,245.3125,4,118,0,0,0
42,246.875,5,118,0,0,0
42,248.4375,6,116,0,0,0
42,250.0,7,0,0,0,0
42,251.5625,8,0,0,0,0
42,253.125,9,0,0,0,0
42,254.6875,10,0,0,0,0
42,256.25,11,0,0,0,0
42,257.8125,12,0,0,0,0
42,259.375,13,0,0,0,0
42,260.9375,14,0,0,0,0
42,262.5,15,0,0,0,0
42,264.0625,0,0,0,0,0
42,265.625,1,0,0,0,0
42,267.1875,2,0,0,0,0
42,268.75,3,0,0,0,0
42,270.3125,4,0,0,0,0
42,271.875,5,0,0,0,0
42,273.4375,6,0,0,0,0
43,0.0,7,0,0,0,0
43,1.5625,8,0,0,0,0
43,3.125,9,0,0,0,0
43,4.6875,10,0,0,0,0
43,6.25,11,0,0,0,0
43,7.8125,12,0,0,0,0
43,9.375,13,0,0,0,0
43,10.9375,14,0,0,0,0
43,12.5,15,0,0,0,0
43,14.0625,0,0,0,0,0
43,15.625,1,0,0,0,0
43,17.1875,2,0,0,0,0
43,18.75,3,0,0,0,0
43,20.3125,4,0,0,0,0
43,21.875,5,0,0,0,0
43,23.4375,6,0,0,0,0
43,25.0,7,0,0,0,0
43,26.5625,8,0,0,0,0
43,28.125,9,0,0,0,0
43,29.6875,10,0,0,0,0
43,31.25,11,0,0,0,0
43,32.8125,12,0,0,0,0
43,34.375,13,0,0,0,0
43,35.9375,14,0,0,0,0
43,37.5,15,0,0,0,0
43,39.0625,0,0,0,0,0
43,40.625,1,0,0,0,0
43,42.1875,2,0,0,0,0
43,43.75,3,0,0,0,0
43,45.3125,4,0,0,0,0
43,46.875,5,0,0,0,0
43,48.4375,6,0,0,0,0
43,50.0,7,0,0,0,0
43,51.5625,8,0,0,0,0
43,53.125,9,0,0,0,0
43,54.6875,10,0,0,0,0
43,56.25,11,0,0,0,0
43,57.8125,12,0,0,0,0
43,59.375,13,0,0,0,0
43,60.9375,14,0,0,0,0
43,62.5,15,0,0,0,0
43,64.0625,0,0,0,0,0
43,65.625,1,0,0,0,0
43,67.1875,2,0,0,0,0
43,68.75,3,0,0,0,0
43,70.3125,4,0,0,0,0
43,71.875,5,0,0,0,0
43,73.4375,6,0,0,0,0
43,75.0,7,0,0,0,0
43,76.5625,8,0,0,0,0
43,78.125,9,0,0,0,0
43,79.6875,10,0,0,0,0
43,81.25,11,0,0,0,0
43,82.8125,12,0,0,0,0
43,84.375,13,0,0,0,0
43,85.9375,14,0,0,0,0
43,87.5,15,0,0,0,0
43,89.0625,0,0,0,0,0
43,90.625,1,0,0,0,0
43,92.1875,2,0,0,0,0
43,93.75,3,0,0,0,0
43,95.3125,4,0,0,0,0
43,96.875,5,0,0,0,0
43,98.4375,6,0,0,0,0
43,100.0,7,0,0,0,0
43,101.5625,8,0,0,0,0
43,103.125,9,0,0,0,0
43,104.6875,10,0,0,0,0
43,106.25,11,0,0,0,0
43,107.8125,12,0,0,0,0
43,109.375,13,0,0,0,0
43,110.9375,14,0,0,0,0
43,112.5,15,0,0,0,0
43,114.0625,0,0,0,0,0
43,115.625,1,0,0,0,0
43,117.1875,2,0,0,0,0
43,118.75,3,0,0,0,0
43,120.3125,4,0,0,0,0
43,121.875,5,0,0,0,0
43,123.4375,6,0,0,0,0
43,125.0,7,0,0,0,0
43,126.5625,8,0,0,0,0
43,128.125,9,0,0,0,0
43,129.6875,10,0,0,0,0
43,131.25,11,0,0,0,0
43,132.8125,12,0,0,0,0
43,134.375,13,0,0,0,0
43,135.9375,14,0,0,0,0
43,137.5,15,0,0,0,0
43,139.0625,0,0,0,0,0
43,140.625,1,0,0,0,0
43,142.1875,2,0,0,0,0
43,143.75,3,0,0,0,0
43,145.3125,4,0,0,0,0
43,146.875,5,0,0,0,0
43,148.4375,6,0,0,0,0
43,150.0,7,0,0,0,0
43,151.5625,8,0,0,0,0
43,153.125,9,0,0,0,0
43,154.6875,10,0,0,0,0
43,156.25,11,0,0,0,0
43,157.8125,12,0,0,0,0
43,159.375,13,0,0,0,0
43,160.9375,14,0,0,0,0
43,162.5,15,0,0,0,0
43,164.0625,0,0,0,0,0
43,165.625,1,0,0,0,0
43,167.1875,2,0,0,0,0
43,168.75,3,0,0,0,0
43,170.3125,4,0,0,0,0
43,171.875,5,0,0,0,0
43,173.4375,6,0,0,0,0
43,175.0,7,0,0,0,0
43,176.5625,8,0,0,0,0
43,178.125,9,0,0,0,0
43,179.6875,10,0,0,0,0
43,181.25,11,0,0,0,0
43,182.8125,12,0,0,0,0
43,184.375,13,0,0,0,0
43,185.9375,14,0,0,0,0
43,187.5,15,0,0,0,0
43,189.0625,0,0,0,0,0
43,190.625,1,0,0,0,0
43,192.1875,2,0,0,0,0
43,193.75,3,0,0,0,0
43,195.3125,4,0,0,0,0
43,196.875,5,0,0,0,0
43,198.4375,6,0,0,0,0
43,200.0,7,0,0,0,0
43,201.5625,8,0,0,0,0
43,203.125,9,0,0,0,0
43,204.6875,10,0,0,0,0
43,206.25,11,0,0,0,0
43,207.8125,12,0,0,0,0
43,209.375,13,0,0,0,0
43,210.9375,14,0,0,0,0
43,212.5,15,0,0,0,0
43,214.0625,0,0,0,0,0
43,215.625,1,0,0,0,0
43,217.1875,2,0,0,0,0
43,218.75,3,0,0,0,0
43,220.3125,4,0,0,0,0
43,221.875,5,0,0,0,0
43,223.4375,6,0,0,0,0
43,225.0,7,0,0,0,0
43,226.5625,8,0,0,0,0
43,228.125,9,0,0,0,0
43,229.6875,10,0,0,0,0
43,231.25,11,0,0,0,0
43,232.8125,12,0,0,0,0
43,234.375,13,0,0,0,0
43,235.9375,14,0,0,0,0
43,237.5,15,0,0,0,0
43,239.0625,0,0,0,0,0
43,240.625,1,0,0,0,0
43,242.1875,2,0,0,0,0
43,243.75,3,0,0,0,0
43,245.3125,4,0,0,0,0
43,246.875,5,0,0,0,0
43,248.4375,6,0,0,0,0
43,250.0,7,0,0,0,0
43,251.5625,8,0,0,0,0
43,253.125,9,0,0,0,0
43,254.6875,10,0,0,0,0
43,256.25,11,0,0,0,0
43,257.8125,12,0,0,0,0
43,259.375,13,0,0,0,0
43,260.9375,14,0,0,0,0
43,262.5,15,0,0,0,0
43,264.0625,0,0,0,0,0
43,265.625,1,0,0,0,0
43,267.1875,2,0,0,0,0
43,268.75,3,0,0,0,0
43,270.3125,4,0,0,0,0
43,271.875,5,0,0,0,0
43,273.4375,6,0,0,0,0
44,0.0,7,0,0,0,0
44,1.5625,8,0,0,0,0
44,3.125,9,0,0,0,0
44,4.6875,10,0,0,0,0
44,6.25,11,0,0,0,0
44,7.8125,12,0,0,0,0
44,9.375,13,0,0,0,0
44,10.9375,14,0,0,0,0
44,12.5,15,0,0,0,0
44,14.0625,0,0,0,0,0
44,15.625,1,0,0,0,0
44,17.1875,2,0,0,0,0
44,18.75,3,0,0,0,0
44,20.3125,4,0,0,0,0
44,21.875,5,0,0,0,0
44,23.4375,6,0,0,0,0
44,25.0,7,0,0,0,0
44,26.5625,8,0,0,0,0
44,28.125,9,0,0,0,0
44,29.6875,10,0,0,0,0
44,31.25,11,0,0,0,0
44,32.8125,12,0,0,0,0
44,34.375,13,0,0,0,0
44,35.9375,14,0,0,0,0
44,37.5,15,0,0,0,0
44,39.0625,0,0,0,0,0
44,40.625,1,0,0,0,0
44,42.1875,2,0,0,0,0
44,43.75,3,0,0,0,0
44,45.3125,4,0,0,0,0
44,46.875,5,0,0,0,0
44,48.4375,6,0,0,0,0
44,50.0,7,0,0,0,0
44,51.5625,8,0,0,0,0
44,53.125,9,0,0,0,0
44,54.6875,10,0,0,0,0
44,56.25,11,0,0,0,0
44,57.8125,12,0,0,0,0
44,59.375,13,0,0,0,0
44,60.9375,14,0,0,0,0
44,62.5,15,0,0,0,0
44,64.0625,0,0,0,0,0
44,65.625,1,0,0,0,0
44,67.1875,2,0,0,0,0
44,68.75,3,0,0,0,0
44,70.3125,4,0,0,0,0
44,71.875,5,0,0,0,0
44,73.4375,6,0,0,0,0
44,75.0,7,0,0,0,0
44,76.5625,8,0,0,0,0
44,78.125,9,0,0,0,0
44,79.6875,10,0,0,0,0
44,81.25,11,0,0,0,0
44,82.8125,12,0,0,0,0
44,84.375,13,0,0,0,0
44,85.9375,14,0,0,0,0
44,87.5,15,0,0,0,0
44,89.0625,0,0,0,0,0
44,90.625,1,0,0,0,0
44,92.1875,2,0,0,0,0
44,93.75,3,0,0,0,0
44,95.3125,4,0,0,0,0
44,96.875,5,0,0,0,0
44,98.4375,6,0,0,0,0
44,100.0,7,0,0,0,0
44,101.5625,8,0,0,0,0
44,103.125,9,0,0,0,0
44,104.6875,10,0,0,0,0
44,106.25,11,0,0,0,0
44,107.8125,12,0,0,0,0
44,109.375,13,0,0,0,0
44,110.9375,14,0,0,0,0
44,112.5,15,0,0,0,0
44,114.0625,0,0,0,0,0
44,115.625,1,0,0,0,0
44,117.1875,2,0,0,0,0
44,118.75,3,0,0,0,0
44,120.3125,4,0,0,0,0
44,121.875,5,0,0,0,0
44,123.4375,6,0,0,0,0
44,125.0,7,0,0,0,0
44,126.5625,8,0,0,0,0
44,128.125,9,0,0,0,0
44,129.6875,10,0,0,0,0
44,131.25,11,0,0,0,0
44,132.8125,12,0,0,0,0
44,134.375,13,0,0,0,0
44,135.9375,14,0,0,0,0
44,137.5,15,0,0,0,0
44,139.0625,0,0,0,0,0
44,140.625,1,0,0,0,0
44,142.1875,2,0,0,0,0
44,143.75,3,0,0,0,0
44,145.3125,4,0,0,0,0
44,146.875,5,0,0,0,0
44,148.4375,6,0,0,0,0
44,150.0,7,0,0,0,0
44,151.5625,8,0,0,0,0
44,153.125,9,0,0,0,0
44,154.6875,10,0,0,0,0
44,156.25,11,0,0,0,0
44,157.8125,12,0,0,0,0
44,159.375,13,0,0,0,0
44,160.9375,14,0,0,0,0
44,162.5,15,0,0,0,0
44,164.0625,0,0,0,0,0
44,165.625,1,0,0,0,0
44,167.1875,2,0,0,0,0
44,168.75,3,0,0,0,0
44,170.3125,4,0,0,0,0
44,171.875,5,0,0,0,0
44,173.4375,6,0,0,0,0
44,175.0,7,0,0,0,0
44,176.5625,8,0,0,0,0
44,178.125,9,0,0,0,0
44,179.6875,10,0,0,0,0
44,181.25,11,0,0,0,0
44,182.8125,12,0,0,0,0
44,184.375,13,0,0,0,0
44,185.9375,14,0,0,0,0
44,187.5,15,0,0,0,0
44,189.0625,0,0,0,0,0
44,190.625,1,0,0,0,0
44,192.1875,2,0,0,0,0
44,193.75,3,0,0,0,0
44,195.3125,4,0,0,0,0
44,196.875,5,0,0,0,0
44,198.4375,6,0,0,0,0
44,200.0,7,0,0,0,0
44,201.5625,8,0,0,0,0
44,203.125,9,0,0,0,0
44,204.6875,10,0,0,0,0
44,206.25,11,0,0,0,0
44,207.8125,12,0,0,0,0
44,209.375,13,0,0,0,0
44,210.9375,14,0,0,0,0
44,212.5,15,0,0,0,0
44,214.0625,0,0,0,0,0
44,215.625,1,0,0,0,0
44,217.1875,2,0,0,0,0
44,218.75,3,0,0,0,0
44,220.3125,4,0,0,0,0
44,221.875,5,0,0,0,0
44,223.4375,6,0,0,0,0
44,225.0,7,0,0,0,0
44,226.5625,8,0,0,0,0
44,228.125,9,0,0,0,0
44,229.6875,10,0,0,0,0
44,231.25,11,0,0,0,0
44,232.8125,12,0,0,0,0
44,234.375,13,0,0,0,0
44,235.9375,14,0,0,0,0
44,237.5,15,0,0,0,0
44,239.0625,0,0,0,0,0
44,240.625,1,0,0,0,0
44,242.1875,2,0,0,0,0
44,243.75,3,0,0,0,0
44,245.3125,4,0,0,0,0
44,246.875,5,0,0,0,0
44,248.4375,6,0,0,0,0
44,250.0,7,0,0,0,0
44,251.5625,8,0,0,0,0
44,253.125,9,0,0,0,0
44,254.6875,10,0,0,0,0
44,256.25,11,0,0,0,0
44,257.8125,12,0,0,0,0
44,259.375,13,0,0,0,0
44,260.9375,14,0,0,0,0
44,262.5,15,0,0,0,0
44,264.0625,0,0,0,0,0
44,265.625,1,0,0,0,0
44,267.1875,2,0,0,0,0
44,268.75,3,0,0,0,0
44,270.3125,4,0,0,0,0
44,271.875,5,0,0,0,0
44,273.4375,6,0,0,0,0
45,0.0,7,0,0,0,0
45,1.5625,8,0,0,0,0
45,3.125,9,0,0,0,0
45,4.6875,10,0,0,0,0
45,6.25,11,0,0,0,0
45,7.8125,12,0,0,0,0
45,9.375,13,0,0,0,0
45,10.9375,14,0,0,0,0
45,12.5,15,0,0,0,0
45,14.0625,0,0,0,0,0
45,15.625,1,0,0,0,0
45,17.1875,2,0,0,0,0
45,18.75,3,0,0,0,0
45,20.3125,4,0,0,0,0
45,21.875,5,0,0,0,0
45,23.4375,6,0,0,0,0
45,25.0,7,0,0,0,0
45,26.5625,8,0,0,0,0
45,28.125,9,0,0,0,0
45,29.6875,10,0,0,0,0
45,31.25,11,0,0,0,0
45,32.8125,12,0,0,0,0
45,34.375,13,0,0,0,0
45,35.9375,14,0,0,0,0
45,37.5,15,0,0,0,0
45,39.0625,0,0,0,0,0
45,40.625,1,0,0,0,0
45,42.1875,2,0,0,0,0
45,43.75,3,0,0,0,0
45,45.3125,4,0,0,0,0
45,46.875,5,0,0,0,0
45,48.4375,6,0,0,0,0
45,50.0,7,0,0,0,0
45,51.5625,8,0,0,0,0
45,53.125,9,0,0,0,0
45,54.6875,10,0,0,0,0
45,56.25,11,0,0,0,0
45,57.8125,12,0,0,0,0
45,59.375,13,0,0,0,0
45,60.9375,14,0,0,0,0
45,62.5,15,0,0,0,0
45,64.0625,0,0,0,0,0
45,65.625,1,0,0,0,0
45,67.1875,2,0,0,0,0
45,68.75,3,0,0,0,0
45,70.3125,4,0,0,0,0
45,71.875,5,0,0,0,0
45,73.4375,6,0,0,0,0
45,75.0,7,0,0,0,0
45,76.5625,8,0,0,0,0
45,78.125,9,0,0,0,0
45,79.6875,10,0,0,0,0
45,81.25,11,0,0,0,0
45,82.8125,12,0,0,0,0
45,84.375,13,0,0,0,0
45,85.9375,14,0,0,0,0
45,87.5,15,0,0,0,0
45,89.0625,0,0,0,0,0
45,90.625,1,0,0,0,0
45,92.1875,2,0,0,0,0
45,93.75,3,0,0,0,0
45,95.3125,4,0,0,0,0
45,96.875,5,0,0,0,0
45,98.4375,6,0,0,0,0
45,100.0,7,0,0,0,0
45,101.5625,8,0,0,0,0
45,103.125,9,0,0,0,0
45,104.6875,10,0,0,0,0
45,106.25,11,0,0,0,0
45,107.8125,12,0,0,0,0
45,109.375,13,0,0,0,0
45,110.9375,14,0,0,0,0
45,112.5,15,0,0,0,0
45,114.0625,0,0,0,0,0
45,115.625,1,0,0,0,0
45,117.1875,2,0,0,0,0
45,118.75,3,0,0,0,0
45,120.3125,4,0,0,0,0
45,121.875,5,0,0,0,0
45,123.4375,6,0,0,0,0
45,125.0,7,0,0,0,0
45,126.5625,8,0,0,0,0
45,128.125,9,0,0,0,0
45,129.6875,10,0,0,0,0
45,131.25,11,0,0,0,0
45,132.8125,12,0,0,0,0
45,134.375,13,0,0,0,0
45,135.9375,14,0,0,0,0
45,137.5,15,0,0,0,0
45,139.0625,0,0,0,0,0
45,140.625,1,0,0,0,0
45,142.1875,2,0,0,0,0
45,143.75,3,0,0,0,0
45,145.3125,4,0,0,0,0
45,146.875,5,0,0,0,0
45,148.4375,6,0,0,0,0
45,150.0,7,0,0,0,0
45,151.5625,8,0,0,0,0
45,153.125,9,0,0,0,0
45,154.6875,10,0,0,0,0
45,156.25,11,0,0,0,0
45,157.8125,12,0,0,0,0
45,159.375,13,0,0,0,0
45,160.9375,14,0,0,0,0
45,162.5,15,0,0,0,0
45,164.0625,0,0,0,0,0
45,165.625,1,0,0,0,0
45,167.1875,2,0,0,0,0
45,168.75,3,0,0,0,0
45,170.3125,4,0,0,0,0
45,171.875,5,0,0,0,0
45,173.4375,6,0,0,0,0
45,175.0,7,0,0,0,0
45,176.5625,8,0,0,0,0
45,178.125,9,0,0,0,0
45,179.6875,10,0,0,0,0
45,181.25,11,0,0,0,0
45,182.8125,12,0,0,0,0
45,184.375,13,0,0,0,0
45,185.9375,14,0,0,0,0
45,187.5,15,0,0,0,0
45,189.0625,0,0,0,0,0
45,190.625,1,0,0,0,0
45,192.1875,2,0,0,0,0
45,193.75,3,0,0,0,0
45,195.3125,4,0,0,0,0
45,196.875,5,0,0,0,0
45,198.4375,6,0,0,0,0
45,200.0,7,0,0,0,0
45,201.5625,8,0,0,0,0
45,203.125,9,0,0,0,0
45,204.6875,10,0,0,0,0
45,206.25,11,0,0,0,0
45,207.8125,12,0,0,0,0
45,209.375,13,0,0,0,0
45,210.9375,14,0,0,0,0
45,212.5,15,0,0,0,0
45,214.0625,0,0,0,0,0
45,215.625,1,0,0,0,0
45,217.1875,2,0,0,0,0
45,218.75,3,0,0,0,0
45,220.3125,4,0,0,0,0
45,221.875,5,0,0,0,0
45,223.4375,6,0,0,0,0
45,225.0,7,0,0,0,0
45,226.5625,8,0,0,0,0
45,228.125,9,0,0,0,0
45,229.6875,10,0,0,0,0
45,231.25,11,0,0,0,0
45,232.8125,12,0,0,0,0
45,234.375,13,0,0,0,0
45,235.9375,14,0,0,0,0
45,237.5,15,0,0,0,0
45,239.0625,0,0,0,0,0
45,240.625,1,0,0,0,0
45,242.1875,2,0,0,0,0
45,243.75,3,0,0,0,0
45,245.3125,4,0,0,0,0
45,246.875,5,0,0,0,0
45,248.4375,6,0,0,0,0
45,250.0,7,0,0,0,0
45,251.5625,8,0,0,0,0
45,253.125,9,0,0,0,0
45,254.6875,10,0,0,0,0
45,256.25,11,0,0,0,0
45,257.8125,12,0,0,0,0
45,259.375,13,0,0,0,0
45,260.9375,14,0,0,0,0
45,262.5,15,0,0,0,0
45,264.0625,0,0,0,0,0
45,265.625,1,0,0,0,0
45,267.1875,2,0,0,0,0
45,268.75,3,0,0,0,0
45,270.3125,4,0,0,0,0
45,271.875,5,0,0,0,0
45,273.4375,6,0,0,0,0
46,0.0,7,0,0,0,0
46,1.5625,8,0,0,0,0
46,3.125,9,0,0,0,0
46,4.6875,10,0,0,0,0
46,6.25,11,0,0,0,0
46,7.8125,12,0,0,0,0
46,9.375,13,0,0,0,0
46,10.9375,14,0,0,0,0
46,12.5,15,0,0,0,0
46,14.0625,0,0,0,0,0
46,15.625,1,0,0,0,0
46,17.1875,2,0,0,0,0
46,18.75,3,0,0,0,0
46,20.3125,4,0,0,0,0
46,21.875,5,0,0,0,0
46,23.4375,6,0,0,0,0
46,25.0,7,0,0,0,0
46,26.5625,8,0,0,0,0
46,28.125,9,0,0,0,0
46,29.6875,10,0,0,0,0
46,31.25,11,0,0,0,0
46,32.8125,12,0,0,0,0
46,34.375,13,0,0,0,0
46,35.9375,14,0,0,0,0
46,37.5,15,0,0,0,0
46,39.0625,0,0,0,0,0
46,40.625,1,0,0,0,0
46,42.1875,2,0,0,0,0
46,43.75,3,0,0,0,0
46,45.3125,4,0,0,0,0
46,46.875,5,0,0,0,0
46,48.4375,6,0,0,0,0
46,50.0,7,0,0,0,0
46,51.5625,8,0,0,0,0
46,53.125,9,0,0,0,0
46,54.6875,10,0,0,0,0
46,56.25,11,0,0,0,0
46,57.8125,12,0,0,0,0
46,59.375,13,0,0,0,0
46,60.9375,14,0,0,0,0
46,62.5,15,0,0,0,0
46,64.0625,0,0,0,0,0
46,65.625,1,0,0,0,0
46,67.1875,2,0,0,0,0
46,68.75,3,0,0,0,0
46,70.3125,4,0,0,0,0
46,71.875,5,0,0,0,0
46,73.4375,6,0,0,0,0
46,75.0,7,0,0,0,0
46,76.5625,8,0,0,0,0
46,78.125,9,0,0,0,0
46,79.6875,10,0,0,0,0
46,81.25,11,0,0,0,0
46,82.8125,12,0,0,0,0
46,84.375,13,0,0,0,0
46,85.9375,14,0,0,0,0
46,87.5,15,0,0,0,0
46,89.0625,0,0,0,0,0
46,90.625,1,0,0,0,0
46,92.1875,2,0,0,0,0
46,93.75,3,0,0,0,0
46,95.3125,4,0,0,0,0
46,96.875,5,0,0,0,0
46,98.4375,6,0,0,0,0
46,100.0,7,0,0,0,0
46,101.5625,8,0,0,0,0
46,103.125,9,0,0,0,0
46,104.6875,10,0,0,0,0
46,106.25,11,0,0,0,0
46,107.8125,12,0,0,0,0
46,109.375,13,0,0,0,0
46,110.9375,14,0,0,0,0
46,112.5,15,0,0,0,0
46,114.0625,0,0,0,0,0
46,115.625,1,0,0,0,0
46,117.1875,2,0,0,0,0
46,118.75,3,0,0,0,0
46,120.3125,4,0,0,0,0
46,121.875,5,0,0,0,0
46,123.4375,6,0,0,0,0
46,125.0,7,0,0,0,0
46,126.5625,8,0,0,0,0
46,128.125,9,0,0,0,0
46,129.6875,10,0,0,0,0
46,131.25,11,0,0,0,0
46,132.8125,12,0,0,0,0
46,134.375,13,0,0,0,0
46,135.9375,14,0,0,0,0
46,137.5,15,0,0,0,0
46,139.0625,0,0,0,0,0
46,140.625,1,0,0,0,0
46,142.1875,2,0,0,0,0
46,143.75,3,0,0,0,0
46,145.3125,4,0,0,0,0
46,146.875,5,0,0,0,0
46,148.4375,6,0,0,0,0
46,150.0,7,0,0,0,0
46,151.5625,8,0,0,0,0
46,153.125,9,0,0,0,0
46,154.6875,10,0,0,0,0
46,156.25,11,0,0,0,0
46,157.8125,12,0,0,0,0
46,159.375,13,0,0,0,0
46,160.9375,14,0,0,0,0
46,162.5,15,0,0,0,0
46,164.0625,0,0,0,0,0
46,165.625,1,0,0,0,0
46,167.1875,2,0,0,0,0
46,168.75,3,0,0,0,0
46,170.3125,4,0,0,0,0
46,171.875,5,0,0,0,0
46,173.4375,6,0,0,0,0
46,175.0,7,0,0,0,0
46,176.5625,8,0,0,0,0
46,178.125,9,0,0,0,0
46,179.6875,10,0,0,0,0
46,181.25,11,0,0,0,0
46,182.8125,12,0,0,0,0
46,184.375,13,0,0,0,0
46,185.9375,14,0,0,0,0
46,187.5,15,0,0,0,0
46,189.0625,0,0,0,0,0
46,190.625,1,0,0,0,0
46,192.1875,2,0,0,0,0
46,193.75,3,0,0,0,0
46,195.3125,4,0,0,0,0
46,196.875,5,0,0,0,0
46,198.4375,6,0,0,0,0
46,200.0,7,0,0,0,0
46,201.5625,8,0,0,0,0
46,203.125,9,0,0,0,0
46,204.6875,10,0,0,0,0
46,206.25,11,0,0,0,0
46,207.8125,12,0,0,0,0
46,209.375,13,0,0,0,0
46,210.9375,14,0,0,0,0
46,212.5,15,0,0,0,0
46,214.0625,0,0,0,0,0
46,215.625,1,0,0,0,0
46,217.1875,2,0,0,0,0
46,218.75,3,0,0,0,0
46,220.3125,4,0,0,0,0
46,221.875,5,0,0,0,0
46,223.4375,6,0,0,0,0
46,225.0,7,0,0,0,0
46,226.5625,8,0,0,0,0
46,228.125,9,0,0,0,0
46,229.6875,10,0,0,0,0
46,231.25,11,0,0,0,0
46,232.8125,12,0,0,0,0
46,234.375,13,0,0,0,0
46,235.9375,14,0,0,0,0
46,237.5,15,0,0,0,0
46,239.0625,0,0,0,0,0
46,240.625,1,0,0,0,0
46,242.1875,2,0,0,0,0
46,243.75,3,0,0,0,0
46,245.3125,4,0,0,0,0
46,246.875,5,0,0,0,0
46,248.4375,6,0,0,0,0
46,250.0,7,0,0,0,0
46,251.5625,8,0,0,0,0
46,253.125,9,0,0,0,0
46,254.6875,10,0,0,0,0
46,256.25,11,0,0,0,0
46,257.8125,12,0,0,0,0
46,259.375,13,0,0,0,0
46,260.9375,14,0,0,0,0
46,262.5,15,0,0,0,0
46,264.0625,0,0,0,0,0
46,265.625,1,0,0,0,0
46,267.1875,2,0,0,0,0
46,268.75,3,0,0,0,0
46,270.3125,4,0,0,0,0
46,271.875,5,0,0,0,0
46,273.4375,6,0,0,0,0
47,0.0,7,0,0,0,0
47,1.5625,8,0,0,0,0
47,3.125,9,0,0,0,0
47,4.6875,10,0,0,0,0
47,6.25,11,0,0,0,0
47,7.8125,12,0,0,0,0
47,9.375,13,0,0,0,0
47,10.9375,14,0,0,0,0
47,12.5,15,0,0,0,0
47,14.0625,0,0,0,0,0
47,15.625,1,0,0,0,0
47,17.1875,2,0,0,0,0
47,18.75,3,0,0,0,0
47,20.3125,4,0,0,0,0
47,21.875,5,0,0,0,0
47,23.4375,6,0,0,0,0
47,25.0,7,0,0,0,0
47,26.5625,8,0,0,0,0
47,28.125,9,0,0,0,0
47,29.6875,10,0,0,0,0
47,31.25,11,0,0,0,0
47,32.8125,12,0,0,0,0
47,34.375,13,0,0,0,0
47,35.9375,14,0,0,0,0
47,37.5,15,0,0,0,0
47,39.0625,0,0,0,0,0
47,40.625,1,0,0,0,0
47,42.1875,2,0,0,0,0
47,43.75,3,0,0,0,0
47,45.3125,4,0,0,0,0
47,46.875,5,0,0,0,0
47,48.4375,6,0,0,0,0
47,50.0,7,0,0,0,0
47,51.5625,8,0,0,0,0
47,53.125,9,0,0,0,0
47,54.6875,10,0,0,0,0
47,56.25,11,0,0,0,0
47,57.8125,12,0,0,0,0
47,59.375,13,0,0,0,0
47,60.9375,14,0,0,0,0
47,62.5,15,0,0,0,0
47,64.0625,0,0,0,0,0
47,65.625,1,0,0,0,0
47,67.1875,2,0,0,0,0
47,68.75,3,0,0,0,0
47,70.3125,4,0,0,0,0
47,71.875,5,0,0,0,0
47,73.4375,6,0,0,0,0
47,75.0,7,0,0,0,0
47,76.5625,8,0,0,0,0
47,78.125,9,0,0,0,0
47,79.6875,10,0,0,0,0
47,81.25,11,0,0,0,0
47,82.8125,12,0,0,0,0
47,84.375,13,0,0,0,0
47,85.9375,14,0,0,0,0
47,87.5,15,0,0,0,0
47,89.0625,0,0,0,0,0
47,90.625,1,0,0,0,0
47,92.1875,2,0,0,0,0
47,93.75,3,0,0,0,0
47,95.3125,4,0,0,0,0
47,96.875,5,0,0,0,0
47,98.4375,6,0,0,0,0
47,100.0,7,0,0,0,0
47,101.5625,8,0,0,0,0
47,103.125,9,0,0,0,0
47,104.6875,10,0,0,0,0
47,106.25,11,0,0,0,0
47,107.8125,12,0,0,0,0
47,109.375,13,0,0,0,0
47,110.9375,14,0,0,0,0
47,112.5,15,0,0,0,0
47,114.0625,0,0,0,0,0
47,115.625,1,0,0,0,0
47,117.1875,2,0,0,0,0
47,118.75,3,0,0,0,0
47,120.3125,4,0,0,0,0
47,121.875,5,0,0,0,0
47,123.4375,6,0,0,0,0
47,125.0,7,0,0,0,0
47,126.5625,8,0,0,0,0
47,128.125,9,0,0,0,0
47,129.6875,10,0,0,0,0
47,131.25,11,0,0,0,0
47,132.8125,12,0,0,0,0
47,134.375,13,0,0,0,0
47,135.9375,14,0,0,0,0
47,137.5,15,0,0,0,0
47,139.0625,0,0,0,0,0
47,140.625,1,0,0,0,0
47,142.1875,2,0,0,0,0
47,143.75,3,0,0,0,0
47,145.3125,4,0,0,0,0
47,146.875,5,0,0,0,0
47,148.4375,6,0,0,0,0
47,150.0,7,0,0,0,0
47,151.5625,8,0,0,0,0
47,153.125,9,0,0,0,0
47,154.6875,10,0,0,0,0
47,156.25,11,0,0,0,0
47,157.8125,12,0,0,0,0
47,159.375,13,0,0,0,0
47,160.9375,14,0,0,0,0
47,162.5,15,0,0,0,0
47,164.0625,0,0,0,0,0
47,165.625,1,0,0,0,0
47,167.1875,2,0,0,0,0
47,168.75,3,0,0,0,0
47,170.3125,4,0,0,0,0
47,171.875,5,0,0,0,0
47,173.4375,6,0,0,0,0
47,175.0,7,0,0,0,0
47,176.5625,8,0,0,0,0
47,178.125,9,0,0,0,0
47,179.6875,10,0,0,0,0
47,181.25,11,0,0,0,0
47,182.8125,12,0,0,0,0
47,184.375,13,0,0,0,0
47,185.9375,14,0,0,0,0
47,187.5,15,0,0,0,0
47,189.0625,0,0,0,0,0
47,190.625,1,0,0,0,0
47,192.1875,2,0,0,0,0
47,193.75,3,0,0,0,0
47,195.3125,4,0,0,0,0
47,196.875,5,0,0,0,0
47,198.4375,6,0,0,0,0
47,200.0,7,0,0,0,0
47,201.5625,8,0,0,0,0
47,203.125,9,0,0,0,0
47,204.6875,10,0,0,0,0
47,206.25,11,0,0,0,0
47,207.8125,12,0,0,0,0
47,209.375,13,0,0,0,0
47,210.9375,14,0,0,0,0
47,212.5,15,0,0,0,0
47,214.0625,0,0,0,0,0
47,215.625,1,0,0,0,0
47,217.1875,2,0,0,0,0
47,218.75,3,0,0,0,0
47,220.3125,4,0,0,0,0
47,221.875,5,0,0,0,0
47,223.4375,6,0,0,0,0
47,225.0,7,0,0,0,0
47,226.5625,8,0,0,0,0
47,228.125,9,0,0,0,0
47,229.6875,10,0,0,0,0
47,231.25,11,0,0,0,0
47,232.8125,12,0,0,0,0
47,234.375,13,0,0,0,0
47,235.9375,14,0,0,0,0
47,237.5,15,0,0,0,0
47,239.0625,0,0,0,0,0
47,240.625,1,0,0,0,0
47,242.1875,2,0,0,0,0
47,243.75,3,0,0,0,0
47,245.3125,4,0,0,0,0
47,246.875,5,0,0,0,0
47,248.4375,6,0,0,0,0
47,250.0,7,0,0,0,0
47,251.5625,8,0,0,0,0
47,253.125,9,0,0,0,0
47,254.6875,10,0,0,0,0
47,256.25,11,0,0,0,0
47,257.8125,12,0,0,0,0
47,259.375,13,0,0,0,0
47,260.9375,14,0,0,0,0
47,262.5,15,0,0,0,0
47,264.0625,0,0,0,0,0
47,265.625,1,0,0,0,0
47,267.1875,2,0,0,0,0
47,268.75,3,0,0,0,0
47,270.3125,4,0,0,0,0
47,271.875,5,0,0,0,0
47,273.4375,6,0,0,0,0
48,0.0,7,0,0,0,0
48,1.5625,8,0,0,0,0
48,3.125,9,0,0,0,0
48,4.6875,10,0,0,0,0
48,6.25,11,0,0,0,0
48,7.8125,12,0,0,0,0
48,9.375,13,0,0,0,0
48,10.9375,14,0,0,0,0
48,12.5,15,0,0,0,0
48,14.0625,0,0,0,0,0
48,15.625,1,0,0,0,0
48,17.1875,2,0,0,0,0
48,18.75,3,0,0,0,0
48,20.3125,4,0,0,0,0
48,21.875,5,0,0,0,0
48,23.4375,6,0,0,0,0
48,25.0,7,0,0,0,0
48,26.5625,8,0,0,0,0
48,28.125,9,0,0,0,0
48,29.6875,10,0,0,0,0
48,31.25,11,0,0,0,0
48,32.8125,12,0,0,0,0
48,34.375,13,0,0,0,0
48,35.9375,14,0,0,0,0
48,37.5,15,0,0,0,0
48,39.0625,0,0,0,0,0
48,40.625,1,0,0,0,0
48,42.1875,2,0,0,0,0
48,43.75,3,0,0,0,0
48,45.3125,4,0,0,0,0
48,46.875,5,0,0,0,0
48,48.4375,6,0,0,0,0
48,50.0,7,0,0,0,0
48,51.5625,8,0,0,0,0
48,53.125,9,0,0,0,0
48,54.6875,10,0,0,0,0
48,56.25,11,0,0,0,0
48,57.8125,12,0,0,0,0
48,59.375,13,0,0,0,0
48,60.9375,14,0,0,0,0
48,62.5,15,0,0,0,0
48,64.0625,0,0,0,0,0
48,65.625,1,0,0,0,0
48,67.1875,2,0,0,0,0
48,68.75,3,0,0,0,0
48,70.3125,4,0,0,0,0
48,71.875,5,0,0,0,0
48,73.4375,6,0,0,0,0
48,75.0,7,0,0,0,0
48,76.5625,8,0,0,0,0
48,78.125,9,0,0,0,0
48,79.6875,10,0,0,0,0
48,81.25,11,0,0,0,0
48,82.8125,12,0,0,0,0
48,84.375,13,0,0,0,0
48,85.9375,14,0,0,0,0
48,87.5,15,0,0,0,0
48,89.0625,0,0,0,0,0
48,90.625,1,0,0,0,0
48,92.1875,2,0,0,0,0
48,93.75,3,0,0,0,0
48,95.3125,4,0,0,0,0
48,96.875,5,0,0,0,0
48,98.4375,6,0,0,0,0
48,100.0,7,0,0,0,0
48,101.5625,8,0,0,0,0
48,103.125,9,0,0,0,0
48,104.6875,10,0,0,0,0
48,106.25,11,0,0,0,0
48,107.8125,12,0,0,0,0
48,109.375,13,0,0,0,0
48,110.9375,14,0,0,0,0
48,112.5,15,0,0,0,0
48,114.0625,0,0,0,0,0
48,115.625,1,0,0,0,0
48,117.1875,2,0,0,0,0
48,118.75,3,0,0,0,0
48,120.3125,4,0,0,0,0
48,121.875,5,0,0,0,0
48,123.4375,6,0,0,0,0
48,125.0,7,0,0,0,0
48,126.5625,8,0,0,0,0
48,128.125,9,0,0,0,0
48,129.6875,10,0,0,0,0
48,131.25,11,0,0,0,0
48,132.8125,12,0,0,0,0
48,134.375,13,0,0,0,0
48,135.9375,14,0,0,0,0
48,137.5,15,0,0,0,0
48,139.0625,0,0,0,0,0
48,140.625,1,0,0,0,0
48,142.1875,2,0,0,0,0
48,143.75,3,0,0,0,0
48,145.3125,4,0,0,0,0
48,146.875,5,0,0,0,0
48,148.4375,6,0,0,0,0
48,150.0,7,0,0,0,0
48,151.5625,8,0,0,0,0
48,153.125,9,0,0,0,0
48,154.6875,10,0,0,0,0
48,156.25,11,0,0,0,0
48,157.8125,12,0,0,0,0
48,159.375,13,0,0,0,0
48,160.9375,14,0,0,0,0
48,162.5,15,0,0,0,0
48,164.0625,0,0,0,0,0
48,165.625,1,0,0,0,0
48,167.1875,2,0,0,0,0
48,168.75,3,0,0,0,0
48,170.3125,4,0,0,0,0
48,171.875,5,0,0,0,0
48,173.4375,6,0,0,0,0
48,175.0,7,0,0,0,0
48,176.5625,8,0,0,0,0
48,178.125,9,0,0,0,0
48,179.6875,10,0,0,0,0
48,181.25,11,0,0,0,0
48,182.8125,12,0,0,0,0
48,184.375,13,0,0,0,0
48,185.9375,14,0,0,0,0
48,187.5,15,0,0,0,0
48,189.0625,0,0,0,0,0
48,190.625,1,0,0,0,0
48,192.1875,2,0,0,0,0
48,193.75,3,0,0,0,0
48,195.3125,4,0,0,0,0
48,196.875,5,0,0,0,0
48,198.4375,6,0,0,0,0
48,200.0,7,0,0,0,0
48,201.5625,8,0,0,0,0
48,203.125,9,0,0,0,0
48,204.6875,10,0,0,0,0
48,206.25,11,0,0,0,0
48,207.8125,12,0,0,0,0
48,209.375,13,0,0,0,0
48,210.9375,14,0,0,0,0
48,212.5,15,0,0,0,0
48,214.0625,0,0,0,0,0
48,215.625,1,0,0,0,0
48,217.1875,2,0,0,0,0
48,218.75,3,0,0,0,0
48,220.3125,4,0,0,0,0
48,221.875,5,0,0,0,0
48,223.4375,6,0,0,0,0
48,225.0,7,0,0,0,0
48,226.5625,8,0,0,0,0
48,228.125,9,0,0,0,0
48,229.6875,10,0,0,0,0
48,231.25,11,0,0,0,0
48,232.8125,12,0,0,0,0
48,234.375,13,0,0,0,0
48,235.9375,14,0,0,0,0
48,237.5,15,0,0,0,0
48,239.0625,0,0,0,0,0
48,240.625,1,0,0,0,0
48,242.1875,2,0,0,0,0
48,243.75,3,0,0,0,0
48,245.3125,4,0,0,0,0
48,246.875,5,0,0,0,0
48,248.4375,6,0,0,0,0
48,250.0,7,0,0,0,0
48,251.5625,8,0,0,0,0
48,253.125,9,0,0,0,0
48,254.6875,10,0,0,0,0
48,256.25,11,0,0,0,0
48,257.8125,12,0,0,0,0
48,259.375,13,0,0,0,0
48,260.9375,14,0,0,0,0
48,262.5,15,0,0,0,0
48,264.0625,0,0,0,0,0
48,265.625,1,0,0,0,0
48,267.1875,2,0,0,0,0
48,268.75,3,0,0,0,0
48,270.3125,4,0,0,0,0
48,271.875,5,0,0,0,0
48,273.4375,6,0,0,0,0
49,0.0,7,0,0,0,0
49,1.5625,8,0,0,0,0
49,3.125,9,0,0,0,0
49,4.6875,10,0,0,0,0
49,6.25,11,0,0,0,0
49,7.8125,12,0,0,0,0
49,9.375,13,0,0,0,0
49,10.9375,14,0,0,0,0
49,12.5,15,0,0,0,0
49,14.0625,0,0,0,0,0
49,15.625,1,0,0,0,0
49,17.1875,2,0,0,0,0
49,18.75,3,0,0,0,0
49,20.3125,4,0,0,0,0
49,21.875,5,0,0,0,0
49,23.4375,6,0,0,0,0
49,25.0,7,0,0,0,0
49,26.5625,8,0,0,0,0
49,28.125,9,0,0,0,0
49,29.6875,10,0,0,0,0
49,31.25,11,0,0,0,0
49,32.8125,12,0,0,0,0
49,34.375,13,0,0,0,0
49,35.9375,14,0,0,0,0
49,37.5,15,0,0,0,0
49,39.0625,0,0,0,0,0
49,40.625,1,0,0,0,0
49,42.1875,2,0,0,0,0
49,43.75,3,0,0,0,0
49,45.3125,4,0,0,0,0
49,46.875,5,0,0,0,0
49,48.4375,6,0,0,0,0
49,50.0,7,0,0,0,0
49,51.5625,8,0,0,0,0
49,53.125,9,0,0,0,0
49,54.6875,10,0,0,0,0
49,56.25,11,0,0,0,0
49,57.8125,12,0,0,0,0
49,59.375,13,0,0,0,0
49,60.9375,14,0,0,0,0
49,62.5,15,0,0,0,0
49,64.0625,0,0,0,0,0
49,65.625,1,0,0,0,0
49,67.1875,2,0,0,0,0
49,68.75,3,0,0,0,0
49,70.3125,4,0,0,0,0
49,71.875,5,0,0,0,0
49,73.4375,6,0,0,0,0
49,75.0,7,0,0,0,0
49,76.5625,8,0,0,0,0
49,78.125,9,0,0,0,0
49,79.6875,10,0,0,0,0
49,81.25,11,0,0,0,0
49,82.8125,12,0,0,0,0
49,84.375,13,0,0,0,0
49,85.9375,14,0,0,0,0
49,87.5,15,0,0,0,0
49,89.0625,0,0,0,0,0
49,90.625,1,0,0,0,0
49,92.1875,2,0,0,0,0
49,93.75,3,0,0,0,0
49,95.3125,4,0,0,0,0
49,96.875,5,0,0,0,0
49,98.4375,6,0,0,0,0
49,100.0,7,0,0,0,0
49,101.5625,8,0,0,0,0
49,103.125,9,0,0,0,0
49,104.6875,10,0,0,0,0
49,106.25,11,0,0,0,0
49,107.8125,12,0,0,0,0
49,109.375,13,0,0,0,0
49,110.9375,14,0,0,0,0
49,112.5,15,0,0,0,0
49,114.0625,0,0,0,0,0
49,115.625,1,0,0,0,0
49,117.1875,2,0,0,0,0
49,118.75,3,0,0,0,0
49,120.3125,4,0,0,0,0
49,121.875,5,0,0,0,0
49,123.4375,6,0,0,0,0
49,125.0,7,0,0,0,0
49,126.5625,8,0,0,0,0
49,128.125,9,0,0,0,0
49,129.6875,10,0,0,0,0
49,131.25,11,0,0,0,0
49,132.8125,12,0,0,0,0
49,134.375,13,0,0,0,0
49,135.9375,14,0,0,0,0
49,137.5,15,0,0,0,0
49,139.0625,0,0,0,0,0
49,140.625,1,0,0,0,0
49,142.1875,2,0,0,0,0
49,143.75,3,0,0,0,0
49,145.3125,4,0,0,0,0
49,146.875,5,0,0,0,0
49,148.4375,6,0,0,0,0
49,150.0,7,0,0,0,0
49,151.5625,8,0,0,0,0
49,153.125,9,0,0,0,0
49,154.6875,10,0,0,0,0
49,156.25,11,0,0,0,0
49,157.8125,12,0,0,0,0
49,159.375,13,0,0,0,0
49,160.9375,14,0,0,0,0
49,162.5,15,0,0,0,0
49,164.0625,0,0,0,0,0
49,165.625,1,0,0,0,0
49,167.1875,2,0,0,0,0
49,168.75,3,0,0,0,0
49,170.3125,4,0,0,0,0
49,171.875,5,0,0,0,0
49,173.4375,6,0,0,0,0
49,175.0,7,0,0,0,0
49,176.5625,8,0,0,0,0
49,178.125,9,0,0,0,0
49,179.6875,10,0,0,0,0
49,181.25,11,0,0,0,0
49,182.8125,12,0,0,0,0
49,184.375,13,0,0,0,0
49,185.9375,14,0,0,0,0
49,187.5,15,0,0,0,0
49,189.0625,0,0,0,0,0
49,190.625,1,0,0,0,0
49,192.1875,2,0,0,0,0
49,193.75,3,0,0,0,0
49,195.3125,4,0,0,0,0
49,196.875,5,0,0,0,0
49,198.4375,6,0,0,0,0
49,200.0,7,0,0,0,0
49,201.5625,8,0,0,0,0
49,203.125,9,0,0,0,0
49,204.6875,10,0,0,0,0
49,206.25,11,0,0,0,0
49,207.8125,12,0,0,0,0
49,209.375,13,0,0,0,0
49,210.9375,14,0,0,0,0
49,212.5,15,0,0,0,0
49,214.0625,0,0,0,0,0
49,215.625,1,0,0,0,0
49,217.1875,2,0,0,0,0
49,218.75,3,0,0,0,0
49,220.3125,4,0,0,0,0
49,221.875,5,0,0,0,0
49,223.4375,6,0,0,0,0
49,225.0,7,0,0,0,0
49,226.5625,8,0,0,0,0
49,228.125,9,0,0,0,0
49,229.6875,10,0,0,0,0
49,231.25,11,0,0,0,0
49,232.8125,12,0,0,0,0
49,234.375,13,0,0,0,0
49,235.9375,14,0,0,0,0
49,237.5,15,0,0,0,0
49,239.0625,0,0,0,0,0
49,240.625,1,0,0,0,0
49,242.1875,2,0,0,0,0
49,243.75,3,0,0,0,0
49,245.3125,4,0,0,0,0
49,246.875,5,0,0,0,0
49,248.4375,6,0,0,0,0
49,250.0,7,0,0,0,0
49,251.5625,8,0,0,0,0
49,253.125,9,0,0,0,0
49,254.6875,10,0,0,0,0
49,256.25,11,0,0,0,0
49,257.8125,12,0,0,0,0
49,259.375,13,0,0,0,0
49,260.9375,14,0,0,0,0
49,262.5,15,0,0,0,0
49,264.0625,0,0,0,0,0
49,265.625,1,0,0,0,0
49,267.1875,2,0,0,0,0
49,268.75,3,0,0,0,0
49,270.3125,4,0,0,0,0
49,271.875,5,0,0,0,0
49,273.4375,6,0,0,0,0
50,0.0,7,0,0,0,0
50,1.5625,8,0,0,0,0
50,3.125,9,0,0,0,0
50,4.6875,10,0,0,0,0
50,6.25,11,0,0,0,0
50,7.8125,12,0,0,0,0
50,9.375,13,0,0,0,0
50,10.9375,14,0,0,0,0
50,12.5,15,0,0,0,0
50,14.0625,0,0,0,0,0
50,15.625,1,0,0,0,0
50,17.1875,2,0,0,0,0
50,18.75,3,0,0,0,0
50,20.3125,4,0,0,0,0
50,21.875,5,0,0,0,0
50,23.4375,6,0,0,0,0
50,25.0,7,0,0,0,0
50,26.5625,8,0,0,0,0
50,28.125,9,0,0,0,0
50,29.6875,10,0,0,0,0
50,31.25,11,0,0,0,0
50,32.8125,12,0,0,0,0
50,34.375,13,0,0,0,0
50,35.9375,14,0,0,0,0
50,37.5,15,0,0,0,0
50,39.0625,0,0,0,0,0
50,40.625,1,0,0,0,0
50,42.1875,2,0,0,0,0
50,43.75,3,0,0,0,0
50,45.3125,4,0,0,0,0
50,46.875,5,0,0,0,0
50,48.4375,6,0,0,0,0
50,50.0,7,0,0,0,0
50,51.5625,8,0,0,0,0
50,53.125,9,0,0,0,0
50,54.6875,10,0,0,0,0
50,56.25,11,0,0,0,0
50,57.8125,12,0,0,0,0
50,59.375,13,0,0,0,0
50,60.9375,14,0,0,0,0
50,62.5,15,0,0,0,0
50,64.0625,0,0,0,0,0
50,65.625,1,0,0,0,0
50,67.1875,2,0,0,0,0
50,68.75,3,0,0,0,0
50,70.3125,4,0,0,0,0
50,71.875,5,0,0,0,0
50,73.4375,6,0,0,0,0
50,75.0,7,0,0,0,0
50,76.5625,8,0,0,0,0
50,78.125,9,0,0,0,0
50,79.6875,10,0,0,0,0
50,81.25,11,0,0,0,0
50,82.8125,12,0,0,0,0
50,84.375,13,0,0,0,0
50,85.9375,14,0,0,0,0
50,87.5,15,0,0,0,0
50,89.0625,0,0,0,0,0
50,90.625,1,0,0,0,0
50,92.1875,2,0,0,0,0
50,93.75,3,0,0,0,0
50,95.3125,4,0,0,0,0
50,96.875,5,0,0,0,0
50,98.4375,6,0,0,0,0
50,100.0,7,0,0,0,0
50,101.5625,8,0,0,0,0
50,103.125,9,0,0,0,0
50,104.6875,10,0,0,0,0
50,106.25,11,0,0,0,0
50,107.8125,12,0,0,0,0
50,109.375,13,0,0,0,0
50,110.9375,14,0,0,0,0
50,112.5,15,0,0,0,0
50,114.0625,0,0,0,0,0
50,115.625,1,0,0,0,0
50,117.1875,2,0,0,0,0
50,118.75,3,0,0,0,0
50,120.3125,4,0,0,0,0
50,121.875,5,0,0,0,0
50,123.4375,6,0,0,0,0
50,125.0,7,0,0,0,0
50,126.5625,8,0,0,0,0
50,128.125,9,0,0,0,0
50,129.6875,10,0,0,0,0
50,131.25,11,0,0,0,0
50,132.8125,12,0,0,0,0
50,134.375,13,0,0,0,0
50,135.9375,14,0,0,0,0
50,137.5,15,0,0,0,0
50,139.0625,0,0,0,0,0
50,140.625,1,0,0,0,0
50,142.1875,2,0,0,0,0
50,143.75,3,0,0,0,0
50,145.3125,4,0,0,0,0
50,146.875,5,0,0,0,0
50,148.4375,6,0,0,0,0
50,150.0,7,0,0,0,0
50,151.5625,8,0,0,0,0
50,153.125,9,0,0,0,0
50,154.6875,10,0,0,0,0
50,156.25,11,0,0,0,0
50,157.8125,12,0,0,0,0
50,159.375,13,0,0,0,0
50,160.9375,14,0,0,0,0
50,162.5,15,0,0,0,0
50,164.0625,0,0,0,0,0
50,165.625,1,0,0,0,0
50,167.1875,2,0,0,0,0
50,168.75,3,0,0,0,0
50,170.3125,4,0,0,0,0
50,171.875,5,0,0,0,0
50,173.4375,6,0,0,0,0
50,175.0,7,0,0,0,0
50,176.5625,8,0,0,0,0
50,178.125,9,0,0,0,0
50,179.6875,10,0,0,0,0
50,181.25,11,0,0,0,0
50,182.8125,12,0,0,0,0
50,184.375,13,0,0,0,0
50,185.9375,14,0,0,0,0
50,187.5,15,0,0,0,0
50,189.0625,0,0,0,0,0
50,190.625,1,0,0,0,0
50,192.1875,2,0,0,0,0
50,193.75,3,0,0,0,0
50,195.3125,4,0,0,0,0
50,196.875,5,0,0,0,0
50,198.4375,6,0,0,0,0
50,200.0,7,0,0,0,0
50,201.5625,8,0,0,0,0
50,203.125,9,0,0,0,0
50,204.6875,10,0,0,0,0
50,206.25,11,0,0,0,0
50,207.8125,12,0,0,0,0
50,209.375,13,0,0,0,0
50,210.9375,14,0,0,0,0
50,212.5,15,0,0,0,0
50,214.0625,0,0,0,0,0
50,215.625,1,0,0,0,0
50,217.1875,2,0,0,0,0
50,218.75,3,0,0,0,0
50,220.3125,4,0,0,0,0
50,221.875,5,0,0,0,0
50,223.4375,6,0,0,0,0
50,225.0,7,0,0,0,0
50,226.5625,8,0,0,0,0
50,228.125,9,0,0,0,0
50,229.6875,10,0,0,0,0
50,231.25,11,0,0,0,0
50,232.8125,12,0,0,0,0
50,234.375,13,0,0,0,0
50,235.9375,14,0,0,0,0
50,237.5,15,0,0,0,0
50,239.0625,0,0,0,0,0
50,240.625,1,0,0,0,0
50,242.1875,2,0,0,0,0
50,243.75,3,0,0,0,0
50,245.3125,4,0,0,0,0
50,246.875,5,0,0,0,0
50,248.4375,6,0,0,0,0
50,250.0,7,0,0,0,0
50,251.5625,8,0,0,0,0
50,253.125,9,0,0,0,0
50,254.6875,10,0,0,0,0
50,256.25,11,0,0,0,0
50,257.8125,12,0,0,0,0
50,259.375,13,0,0,0,0
50,260.9375,14,0,0,0,0
50,262.5,15,0,0,0,0
50,264.0625,0,0,0,0,0
50,265.625,1,0,0,0,0
50,267.1875,2,0,0,0,0
50,268.75,3,0,0,0,0
50,270.3125,4,0,0,0,0
50,271.875,5,0,0,0,0
50,273.4375,6,0,0,0,0
51,0.0,7,0,0,0,0
51,1.5625,8,0,0,0,0
51,3.125,9,0,0,0,0
51,4.6875,10,0,0,0,0
51,6.25,11,0,0,0,0
51,7.8125,12,0,0,0,0
51,9.375,13,0,0,0,0
51,10.9375,14,0,0,0,0
51,12.5,15,0,0,0,0
51,14.0625,0,0,0,0,0
51,15.625,1,0,0,0,0
51,17.1875,2,0,0,0,0
51,18.75,3,0,0,0,0
51,20.3125,4,0,0,0,0
51,21.875,5,0,0,0,0
51,23.4375,6,0,0,0,0
51,25.0,7,0,0,0,0
51,26.5625,8,0,0,0,0
51,28.125,9,0,0,0,0
51,29.6875,10,0,0,0,0
51,31.25,11,0,0,0,0
51,32.8125,12,0,0,0,0
51,34.375,13,0,0,0,0
51,35.9375,14,0,0,0,0
51,37.5,15,0,0,0,0
51,39.0625,0,0,0,0,0
51,40.625,1,0,0,0,0
51,42.1875,2,0,0,0,0
51,43.75,3,0,0,0,0
51,45.3125,4,0,0,0,0
51,46.875,5,0,0,0,0
51,48.4375,6,0,0,0,0
51,50.0,7,0,0,0,0
51,51.5625,8,0,0,0,0
51,53.125,9,0,0,0,0
51,54.6875,10,0,0,0,0
51,56.25,11,0,0,0,0
51,57.8125,12,0,0,0,0
51,59.375,13,0,0,0,0
51,60.9375,14,0,0,0,0
51,62.5,15,0,0,0,0
51,64.0625,0,0,0,0,0
51,65.625,1,0,0,0,0
51,67.1875,2,0,0,0,0
51,68.75,3,0,0,0,0
51,70.3125,4,0,0,0,0
51,71.875,5,0,0,0,0
51,73.4375,6,0,0,0,0
51,75.0,7,0,0,0,0
51,76.5625,8,0,0,0,0
51,78.125,9,0,0,0,0
51,79.6875,10,0,0,0,0
51,81.25,11,0,0,0,0
51,82.8125,12,0,0,0,0
51,84.375,13,0,0,0,0
51,85.9375,14,0,0,0,0
51,87.5,15,0,0,0,0
51,89.0625,0,0,0,0,0
51,90.625,1,0,0,0,0
51,92.1875,2,0,0,0,0
51,93.75,3,0,0,0,0
51,95.3125,4,0,0,0,0
51,96.875,5,0,0,0,0
51,98.4375,6,0,0,0,0
51,100.0,7,0,0,0,0
51,101.5625,8,0,0,0,0
51,103.125,9,0,0,0,0
51,104.6875,10,0,0,0,0
51,106.25,11,0,0,0,0
51,107.8125,12,0,0,0,0
51,109.375,13,0,0,0,0
51,110.9375,14,0,0,0,0
51,112.5,15,0,0,0,0
51,114.0625,0,0,0,0,0
51,115.625,1,0,0,0,0
51,117.1875,2,0,0,0,0
51,118.75,3,0,0,0,0
51,120.3125,4,0,0,0,0
51,121.875,5,0,0,0,0
51,123.4375,6,0,0,0,0
51,125.0,7,0,0,0,0
51,126.5625,8,0,0,0,0
51,128.125,9,0,0,0,0
51,129.6875,10,0,0,0,0
51,131.25,11,0,0,0,0
51,132.8125,12,0,0,0,0
51,134.375,13,0,0,0,0
51,135.9375,14,0,0,0,0
51,137.5,15,0,0,0,0
51,139.0625,0,0,0,0,0
51,140.625,1,0,0,0,0
51,142.1875,2,0,0,0,0
51,143.75,3,0,0,0,0
51,145.3125,4,0,0,0,0
51,146.875,5,0,0,0,0
51,148.4375,6,0,0,0,0
51,150.0,7,0,0,0,0
51,151.5625,8,0,0,0,0
51,153.125,9,0,0,0,0
51,154.6875,10,0,0,0,0
51,156.25,11,0,0,0,0
51,157.8125,12,0,0,0,0
51,159.375,13,0,0,0,0
51,160.9375,14,0,0,0,0
51,162.5,15,0,0,0,0
51,164.0625,0,0,0,0,0
51,165.625,1,0,0,0,0
51,167.1875,2,0,0,0,0
51,168.75,3,0,0,0,0
51,170.3125,4,0,0,0,0
51,171.875,5,0,0,0,0
51,173.4375,6,0,0,0,0
51,175.0,7,0,0,0,0
51,176.5625,8,0,0,0,0
51,178.125,9,0,0,0,0
51,179.6875,10,0,0,0,0
51,181.25,11,0,0,0,0
51,182.8125,12,0,0,0,0
51,184.375,13,0,0,0,0
51,185.9375,14,0,0,0,0
51,187.5,15,0,0,0,0
51,189.0625,0,0,0,0,0
51,190.625,1,0,0,0,0
51,192.1875,2,0,0,0,0
51,193.75,3,0,0,0,0
51,195.3125,4,0,0,0,0
51,196.875,5,0,0,0,0
51,198.4375,6,0,0,0,0
51,200.0,7,0,0,0,0
51,201.5625,8,0,0,0,0
51,203.125,9,0,0,0,0
51,204.6875,10,0,0,0,0
51,206.25,11,0,0,0,0
51,207.8125,12,0,0,0,0
51,209.375,13,0,0,0,0
51,210.9375,14,0,0,0,0
51,212.5,15,0,0,0,0
51,214.0625,0,0,0,0,0
51,215.625,1,0,0,0,0
51,217.1875,2,0,0,0,0
51,218.75,3,0,0,0,0
51,220.3125,4,0,0,0,0
51,221.875,5,0,0,0,0
51,223.4375,6,0,0,0,0
51,225.0,7,0,0,0,0
51,226.5625,8,0,0,0,0
51,228.125,9,0,0,0,0
51,229.6875,10,0,0,0,0
51,231.25,11,0,0,0,0
51,232.8125,12,0,0,0,0
51,234.375,13,0,0,0,0
51,235.9375,14,0,0,0,0
51,237.5,15,0,0,0,0
51,239.0625,0,0,0,0,0
51,240.625,1,0,0,0,0
51,242.1875,2,0,0,0,0
51,243.75,3,0,0,0,0
51,245.3125,4,0,0,0,0
51,246.875,5,0,0,0,0
51,248.4375,6,0,0,0,0
51,250.0,7,0,0,0,0
51,251.5625,8,0,0,0,0
51,253.125,9,0,0,0,0
51,254.6875,10,0,0,0,0
51,256.25,11,0,0,0,0
51,257.8125,12,0,0,0,0
51,259.375,13,0,0,0,0
51,260.9375,14,0,0,0,0
51,262.5,15,0,0,0,0
51,264.0625,0,0,0,0,0
51,265.625,1,0,0,0,0
51,267.1875,2,0,0,0,0
51,268.75,3,0,0,0,0
51,270.3125,4,0,0,0,0
51,271.875,5,0,0,0,0
51,273.4375,6,0,0,0,0
52,0.0,7,0,0,0,0
52,1.5625,8,0,0,0,0
52,3.125,9,0,0,0,0
52,4.6875,10,0,0,0,0
52,6.25,11,0,0,0,0
52,7.8125,12,0,0,0,0
52,9.375,13,0,0,0,0
52,10.9375,14,0,0,0,0
52,12.5,15,0,0,0,0
52,14.0625,0,0,0,0,0
52,15.625,1,0,0,0,0
52,17.1875,2,0,0,0,0
52,18.75,3,0,0,0,0
52,20.3125,4,0,0,0,0
52,21.875,5,0,0,0,0
52,23.4375,6,0,0,0,0
52,25.0,7,0,0,0,0
52,26.5625,8,0,0,0,0
52,28.125,9,0,0,0,0
52,29.6875,10,0,0,0,0
52,31.25,11,0,0,0,0
52,32.8125,12,0,0,0,0
52,34.375,13,0,0,0,0
52,35.9375,14,0,0,0,0
52,37.5,15,0,0,0,0
52,39.0625,0,0,0,0,0
52,40.625,1,0,0,0,0
52,42.1875,2,0,0,0,0
52,43.75,3,0,0,0,0
52,45.3125,4,0,0,0,0
52,46.875,5,0,0,0,0
52,48.4375,6,0,0,0,0
52,50.0,7,0,0,0,0
52,51.5625,8,0,0,0,0
52,53.125,9,0,0,0,0
52,54.6875,10,0,0,0,0
52,56.25,11,0,0,0,0
52,57.8125,12,0,0,0,0
52,59.375,13,0,0,0,0
52,60.9375,14,0,0,0,0
52,62.5,15,0,0,0,0
52,64.0625,0,0,0,0,0
52,65.625,1,0,0,0,0
52,67.1875,2,0,0,0,0
52,68.75,3,0,0,0,0
52,70.3125,4,0,0,0,0
52,71.875,5,0,0,0,0
52,73.4375,6,0,0,0,0
52,75.0,7,0,0,0,0
52,76.5625,8,0,0,0,0
52,78.125,9,0,0,0,0
52,79.6875,10,0,0,0,0
52,81.25,11,0,0,0,0
52,82.8125,12,0,0,0,0
52,84.375,13,0,0,0,0
52,85.9375,14,0,0,0,0
52,87.5,15,0,0,0,0
52,89.0625,0,0,0,0,0
52,90.625,1,0,0,0,0
52,92.1875,2,0,0,0,0
52,93.75,3,0,0,0,0
52,95.3125,4,0,0,0,0
52,96.875,5,0,0,0,0
52,98.4375,6,0,0,0,0
52,100.0,7,0,0,0,0
52,101.5625,8,0,0,0,0
52,103.125,9,0,0,0,0
52,104.6875,10,0,0,0,0
52,106.25,11,0,0,0,0
52,107.8125,12,0,0,0,0
52,109.375,13,0,0,0,0
52,110.9375,14,0,0,0,0
52,112.5,15,0,0,0,0
52,114.0625,0,0,0,0,0
52,115.625,1,0,0,0,0
52,117.1875,2,0,0,0,0
52,118.75,3,0,0,0,0
52,120.3125,4,0,0,0,0
52,121.875,5,0,0,0,0
52,123.4375,6,0,0,0,0
52,125.0,7,0,0,0,0
52,126.5625,8,0,0,0,0
52,128.125,9,0,0,0,0
52,129.6875,10,0,0,0,0
52,131.25,11,0,0,0,0
52,132.8125,12,0,0,0,0
52,134.375,13,0,0,0,0
52,135.9375,14,0,0,0,0
52,137.5,15,0,0,0,0
52,139.0625,0,0,0,0,0
52,140.625,1,0,0,0,0
52,142.1875,2,0,0,0,0
52,143.75,3,0,0,0,0
52,145.3125,4,0,0,0,0
52,146.875,5,0,0,0,0
52,148.4375,6,0,0,0,0
52,150.0,7,0,0,0,0
52,151.5625,8,0,0,0,0
52,153.125,9,0,0,0,0
52,154.6875,10,0,0,0,0
52,156.25,11,0,0,0,0
52,157.8125,12,0,0,0,0
52,159.375,13,0,0,0,0
52,160.9375,14,0,0,0,0
52,162.5,15,0,0,0,0
52,164.0625,0,0,0,0,0
52,165.625,1,0,0,0,0
52,167.1875,2,0,0,0,0
52,168.75,3,0,0,0,0
52,170.3125,4,0,0,0,0
52,171.875,5,0,0,0,0
52,173.4375,6,0,0,0,0
52,175.0,7,0,0,0,0
52,176.5625,8,0,0,0,0
52,178.125,9,0,0,0,0
52,179.6875,10,0,0,0,0
52,181.25,11,0,0,0,0
52,182.8125,12,0,0,0,0
52,184.375,13,0,0,0,0
52,185.9375,14,0,0,0,0
52,187.5,15,0,0,0,0
52,189.0625,0,0,0,0,0
52,190.625,1,0,0,0,0
52,192.1875,2,0,0,0,0
52,193.75,3,0,0,0,0
52,195.3125,4,0,0,0,0
52,196.875,5,0,0,0,0
52,198.4375,6,0,0,0,0
52,200.0,7,0,0,0,0
52,201.5625,8,0,0,0,0
52,203.125,9,0,0,0,0
52,204.6875,10,0,0,0,0
52,206.25,11,0,0,0,0
52,207.8125,12,0,0,0,0
52,209.375,13,0,0,0,0
52,210.9375,14,0,0,0,0
52,212.5,15,0,0,0,0
52,214.0625,0,0,0,0,0
52,215.625,1,0,0,0,0
52,217.1875,2,0,0,0,0
52,218.75,3,0,0,0,0
52,220.3125,4,0,0,0,0
52,221.875,5,0,0,0,0
52,223.4375,6,0,0,0,0
52,225.0,7,0,0,0,0
52,226.5625,8,0,0,0,0
52,228.125,9,0,0,0,0
52,229.6875,10,0,0,0,0
52,231.25,11,0,0,0,0
52,232.8125,12,0,0,0,0
52,234.375,13,0,0,0,0
52,235.9375,14,0,0,0,0
52,237.5,15,0,0,0,0
52,239.0625,0,0,0,0,0
52,240.625,1,0,0,0,0
52,242.1875,2,0,0,0,0
52,243.75,3,0,0,0,0
52,245.3125,4,0,0,0,0
52,246.875,5,0,0,0,0
52,248.4375,6,0,0,0,0
52,250.0,7,0,0,0,0
52,251.5625,8,0,0,0,0
52,253.125,9,0,0,0,0
52,254.6875,10,0,0,0,0
52,256.25,11,0,0,0,0
52,257.8125,12,0,0,0,0
52,259.375,13,0,0,0,0
52,260.9375,14,0,0,0,0
52,262.5,15,0,0,0,0
52,264.0625,0,0,0,0,0
52,265.625,1,0,0,0,0
52,267.1875,2,0,0,0,0
52,268.75,3,0,0,0,0
52,270.3125,4,0,0,0,0
52,271.875,5,0,0,0,0
52,273.4375,6,0,0,0,0
53,0.0,7,0,0,0,0
53,1.5625,8,0,0,0,0
53,3.125,9,0,0,0,0
53,4.6875,10,0,0,0,0
53,6.25,11,0,0,0,0
53,7.8125,12,0,0,0,0
53,9.375,13,0,0,0,0
53,10.9375,14,0,0,0,0
53,12.5,15,0,0,0,0
53,14.0625,0,0,0,0,0
53,15.625,1,0,0,0,0
53,17.1875,2,0,0,0,0
53,18.75,3,0,0,0,0
53,20.3125,4,0,0,0,0
53,21.875,5,0,0,0,0
53,23.4375,6,0,0,0,0
53,25.0,7,0,0,0,0
53,26.5625,8,0,0,0,0
53,28.125,9,0,0,0,0
53,29.6875,10,0,0,0,0
53,31.25,11,0,0,0,0
53,32.8125,12,0,0,0,0
53,34.375,13,0,0,0,0
53,35.9375,14,0,0,0,0
53,37.5,15,0,0,0,0
53,39.0625,0,0,0,0,0
53,40.625,1,0,0,0,0
53,42.1875,2,0,0,0,0
53,43.75,3,0,0,0,0
53,45.3125,4,0,0,0,0
53,46.875,5,0,0,0,0
53,48.4375,6,0,0,0,0
53,50.0,7,0,0,0,0
53,51.5625,8,0,0,0,0
53,53.125,9,0,0,0,0
53,54.6875,10,0,0,0,0
53,56.25,11,0,0,0,0
53,57.8125,12,0,0,0,0
53,59.375,13,0,0,0,0
53,60.9375,14,0,0,0,0
53,62.5,15,0,0,0,0
53,64.0625,0,0,0,0,0
53,65.625,1,0,0,0,0
53,67.1875,2,0,0,0,0
53,68.75,3,0,0,0,0
53,70.3125,4,0,0,0,0
53,71.875,5,0,0,0,0
53,73.4375,6,0,0,0,0
53,75.0,7,0,0,0,0
53,76.5625,8,0,0,0,0
53,78.125,9,0,0,0,0
53,79.6875,10,0,0,0,0
53,81.25,11,0,0,0,0
53,82.8125,12,0,0,0,0
53,84.375,13,0,0,0,0
53,85.9375,14,0,0,0,0
53,87.5,15,0,0,0,0
53,89.0625,0,0,0,0,0
53,90.625,1,0,0,0,0
53,92.1875,2,0,0,0,0
53,93.75,3,0,0,0,0
53,95.3125,4,0,0,0,0
53,96.875,5,0,0,0,0
53,98.4375,6,0,0,0,0
53,100.0,7,0,0,0,0
53,101.5625,8,0,0,0,0
53,103.125,9,0,0,0,0
53,104.6875,10,0,0,0,0
53,106.25,11,0,0,0,0
53,107.8125,12,0,0,0,0
53,109.375,13,0,0,0,0
53,110.9375,14,0,0,0,0
53,112.5,15,0,0,0,0
53,114.0625,0,0,0,0,0
53,115.625,1,0,0,0,0
53,117.1875,2,0,0,0,0
53,118.75,3,0,0,0,0
53,120.3125,4,0,0,0,0
53,121.875,5,0,0,0,0
53,123.4375,6,0,0,0,0
53,125.0,7,0,0,0,0
53,126.5625,8,0,0,0,0
53,128.125,9,0,0,0,0
53,129.6875,10,0,0,0,0
53,131.25,11,0,0,0,0
53,132.8125,12,0,0,0,0
53,134.375,13,0,0,0,0
53,135.9375,14,0,0,0,0
53,137.5,15,0,0,0,0
53,139.0625,0,0,0,0,0
53,140.625,1,0,0,0,0
53,142.1875,2,0,0,0,0
53,143.75,3,0,0,0,0
53,145.3125,4,0,0,0,0
53,146.875,5,0,0,0,0
53,148.4375,6,0,0,0,0
53,150.0,7,0,0,0,0
53,151.5625,8,0,0,0,0
53,153.125,9,0,0,0,0
53,154.6875,10,0,0,0,0
53,156.25,11,0,0,0,0
53,157.8125,12,0,0,0,0
53,159.375,13,0,0,0,0
53,160.9375,14,0,0,0,0
53,162.5,15,0,0,0,0
53,164.0625,0,0,0,0,0
53,165.625,1,0,0,0,0
53,167.1875,2,0,0,0,0
53,168.75,3,0,0,0,0
53,170.3125,4,0,0,0,0
53,171.875,5,0,0,0,0
53,173.4375,6,0,0,0,0
53,175.0,7,0,0,0,0
53,176.5625,8,0,0,0,0
53,178.125,9,0,0,0,0
53,179.6875,10,0,0,0,0
53,181.25,11,0,0,0,0
53,182.8125,12,0,0,0,0
53,184.375,13,0,0,0,0
53,185.9375,14,0,0,0,0
53,187.5,15,0,0,0,0
53,189.0625,0,0,0,0,0
53,190.625,1,0,0,0,0
53,192.1875,2,0,0,0,0
53,193.75,3,0,0,0,0
53,195.3125,4,0,0,0,0
53,196.875,5,0,0,0,0
53,198.4375,6,0,0,0,0
53,200.0,7,0,0,0,0
53,201.5625,8,0,0,0,0
53,203.125,9,0,0,0,0
53,204.6875,10,0,0,0,0
53,206.25,11,0,0,0,0
53,207.8125,12,0,0,0,0
53,209.375,13,0,0,0,0
53,210.9375,14,0,0,0,0
53,212.5,15,0,0,0,0
53,214.0625,0,0,0,0,0
53,215.625,1,0,0,0,0
53,217.1875,2,0,0,0,0
53,218.75,3,0,0,0,0
53,220.3125,4,0,0,0,0
53,221.875,5,0,0,0,0
53,223.4375,6,0,0,0,0
53,225.0,7,0,0,0,0
53,226.5625,8,0,0,0,0
53,228.125,9,0,0,0,0
53,229.6875,10,0,0,0,0
53,231.25,11,0,0,0,0
53,232.8125,12,0,0,0,0
53,234.375,13,0,0,0,0
53,235.9375,14,0,0,0,0
53,237.5,15,0,0,0,0
53,239.0625,0,0,0,0,0
53,240.625,1,0,0,0,0
53,242.1875,2,0,0,0,0
53,243.75,3,0,0,0,0
53,245.3125,4,0,0,0,0
53,246.875,5,0,0,0,0
53,248.4375,6,0,0,0,0
53,250.0,7,0,0,0,0
53,251.5625,8,0,0,0,0
53,253.125,9,0,0,0,0
53,254.6875,10,0,0,0,0
53,256.25,11,0,0,0,0
53,257.8125,12,0,0,0,0
53,259.375,13,0,0,0,0
53,260.9375,14,0,0,0,0
53,262.5,15,0,0,0,0
53,264.0625,0,0,0,0,0
53,265.625,1,0,0,0,0
53,267.1875,2,0,0,0,0
53,268.75,3,0,0,0,0
53,270.3125,4,0,0,0,0
53,271.875,5,0,0,0,0
53,273.4375,6,0,0,0,0
54,0.0,7,0,0,0,0
54,1.5625,8,0,0,0,0
54,3.125,9,0,0,0,0
54,4.6875,10,0,0,0,0
54,6.25,11,0,0,0,0
54,7.8125,12,0,0,0,0
54,9.375,13,0,0,0,0
54,10.9375,14,0,0,0,0
54,12.5,15,0,0,0,0
54,14.0625,0,0,0,0,0
54,15.625,1,0,0,0,0
54,17.1875,2,0,0,0,0
54,18.75,3,0,0,0,0
54,20.3125,4,0,0,0,0
54,21.875,5,0,0,0,0
54,23.4375,6,0,0,0,0
54,25.0,7,0,0,0,0
54,26.5625,8,0,0,0,0
54,28.125,9,0,0,0,0
54,29.6875,10,0,0,0,0
54,31.25,11,0,0,0,0
54,32.8125,12,0,0,0,0
54,34.375,13,0,0,0,0
54,35.9375,14,0,0,0,0
54,37.5,15,0,0,0,0
54,39.0625,0,0,0,0,0
54,40.625,1,0,0,0,0
54,42.1875,2,0,0,0,0
54,43.75,3,0,0,0,0
54,45.3125,4,0,0,0,0
54,46.875,5,0,0,0,0
54,48.4375,6,0,0,0,0
54,50.0,7,0,0,0,0
54,51.5625,8,0,0,0,0
54,53.125,9,0,0,0,0
54,54.6875,10,0,0,0,0
54,56.25,11,0,0,0,0
54,57.8125,12,0,0,0,0
54,59.375,13,0,0,0,0
54,60.9375,14,0,0,0,0
54,62.5,15,0,0,0,0
54,64.0625,0,0,0,0,0
54,65.625,1,0,0,0,0
54,67.1875,2,0,0,0,0
54,68.75,3,0,0,0,0
54,70.3125,4,0,0,0,0
54,71.875,5,0,0,0,0
54,73.4375,6,0,0,0,0
54,75.0,7,0,0,0,0
54,76.5625,8,0,0,0,0
54,78.125,9,0,0,0,0
54,79.6875,10,0,0,0,0
54,81.25,11,0,0,0,0
54,82.8125,12,0,0,0,0
54,84.375,13,0,0,0,0
54,85.9375,14,0,0,0,0
54,87.5,15,0,0,0,0
54,89.0625,0,0,0,0,0
54,90.625,1,0,0,0,0
54,92.1875,2,0,0,0,0
54,93.75,3,0,0,0,0
54,95.3125,4,0,0,0,0
54,96.875,5,0,0,0,0
54,98.4375,6,0,0,0,0
54,100.0,7,0,0,0,0
54,101.5625,8,0,0,0,0
54,103.125,9,0,0,0,0
54,104.6875,10,0,0,0,0
54,106.25,11,0,0,0,0
54,107.8125,12,0,0,0,0
54,109.375,13,0,0,0,0
54,110.9375,14,0,0,0,0
54,112.5,15,0,0,0,0
54,114.0625,0,0,0,0,0
54,115.625,1,0,0,0,0
54,117.1875,2,0,0,0,0
54,118.75,3,0,0,0,0
54,120.3125,4,0,0,0,0
54,121.875,5,0,0,0,0
54,123.4375,6,0,0,0,0
54,125.0,7,0,0,0,0
54,126.5625,8,0,0,0,0
54,128.125,9,0,0,0,0
54,129.6875,10,0,0,0,0
54,131.25,11,0,0,0,0
54,132.8125,12,0,0,0,0
54,134.375,13,0,0,0,0
54,135.9375,14,0,0,0,0
54,137.5,15,0,0,0,0
54,139.0625,0,0,0,0,0
54,140.625,1,0,0,0,0
54,142.1875,2,0,0,0,0
54,143.75,3,0,0,0,0
54,145.3125,4,0,0,0,0
54,146.875,5,0,0,0,0
54,148.4375,6,0,0,0,0
54,150.0,7,0,0,0,0
54,151.5625,8,0,0,0,0
54,153.125,9,0,0,0,0
54,154.6875,10,0,0,0,0
54,156.25,11,0,0,0,0
54,157.8125,12,0,0,0,0
54,159.375,13,0,0,0,0
54,160.9375,14,0,0,0,0
54,162.5,15,0,0,0,0
54,164.0625,0,0,0,0,0
54,165.625,1,0,0,0,0
54,167.1875,2,0,0,0,0
54,168.75,3,0,0,0,0
54,170.3125,4,0,0,0,0
54,171.875,5,0,0,0,0
54,173.4375,6,0,0,0,0
54,175.0,7,0,0,0,0
54,176.5625,8,0,0,0,0
54,178.125,9,0,0,0,0
54,179.6875,10,0,0,0,0
54,181.25,11,0,0,0,0
54,182.8125,12,0,0,0,0
54,184.375,13,0,0,0,0
54,185.9375,14,0,0,0,0
54,187.5,15,0,0,0,0
54,189.0625,0,0,0,0,0
54,190.625,1,0,0,0,0
54,192.1875,2,0,0,0,0
54,193.75,3,0,0,0,0
54,195.3125,4,0,0,0,0
54,196.875,5,0,0,0,0
54,198.4375,6,0,0,0,0
54,200.0,7,0,0,0,0
54,201.5625,8,0,0,0,0
54,203.125,9,0,0,0,0
54,204.6875,10,0,0,0,0
54,206.25,11,0,0,0,0
54,207.8125,12,0,0,0,0
54,209.375,13,0,0,0,0
54,210.9375,14,0,0,0,0
54,212.5,15,0,0,0,0
54,214.0625,0,0,0,0,0
54,215.625,1,0,0,0,0
54,217.1875,2,0,0,0,0
54,218.75,3,0,0,0,0
54,220.3125,4,0,0,0,0
54,221.875,5,0,0,0,0
54,223.4375,6,0,0,0,0
54,225.0,7,0,0,0,0
54,226.5625,8,0,0,0,0
54,228.125,9,0,0,0,0
54,229.6875,10,0,0,0,0
54,231.25,11,0,0,0,0
54,232.8125,12,0,0,0,0
54,234.375,13,0,0,0,0
54,235.9375,14,0,0,0,0
54,237.5,15,0,0,0,0
54,239.0625,0,0,0,0,0
54,240.625,1,0,0,0,0
54,242.1875,2,0,0,0,0
54,243.75,3,0,0,0,0
54,245.3125,4,0,0,0,0
54,246.875,5,0,0,0,0
54,248.4375,6,0,0,0,0
54,250.0,7,0,0,0,0
54,251.5625,8,0,0,0,0
54,253.125,9,0,0,0,0
54,254.6875,10,0,0,0,0
54,256.25,11,0,0,0,0
54,257.8125,12,0,0,0,0
54,259.375,13,0,0,0,0
54,260.9375,14,0,0,0,0
54,262.5,15,0,0,0,0
54,264.0625,0,0,0,0,0
54,265.625,1,0,0,0,0
54,267.1875,2,0,0,0,0
54,268.75,3,0,0,0,0
54,270.3125,4,0,0,0,0
54,271.875,5,0,0,0,0
54,273.4375,6,0,0,0,0
55,0.0,7,0,0,0,0
55,1.5625,8,0,0,0,0
55,3.125,9,0,0,0,0
55,4.6875,10,0,0,0,0
55,6.25,11,0,0,0,0
55,7.8125,12,0,0,0,0
55,9.375,13,0,0,0,0
55,10.9375,14,0,0,0,0
55,12.5,15,0,0,0,0
55,14.0625,0,0,0,0,0
55,15.625,1,0,0,0,0
55,17.1875,2,0,0,0,0
55,18.75,3,0,0,0,0
55,20.3125,4,0,0,0,0
55,21.875,5,0,0,0,0
55,23.4375,6,0,0,0,0
55,25.0,7,0,0,0,0
55,26.5625,8,0,0,0,0
55,28.125,9,0,0,0,0
55,29.6875,10,0,0,0,0
55,31.25,11,0,0,0,0
55,32.8125,12,0,0,0,0
55,34.375,13,0,0,0,0
55,35.9375,14,0,0,0,0
55,37.5,15,0,0,0,0
55,39.0625,0,0,0,0,0
55,40.625,1,0,0,0,0
55,42.1875,2,0,0,0,0
55,43.75,3,0,0,0,0
55,45.3125,4,0,0,0,0
55,46.875,5,0,0,0,0
55,48.4375,6,0,0,0,0
55,50.0,7,0,0,0,0
55,51.5625,8,0,0,0,0
55,53.125,9,0,0,0,0
55,54.6875,10,0,0,0,0
55,56.25,11,0,0,0,0
55,57.8125,12,0,0,0,0
55,59.375,13,0,0,0,0
55,60.9375,14,0,0,0,0
55,62.5,15,0,0,0,0
55,64.0625,0,0,0,0,0
55,65.625,1,0,0,0,0
55,67.1875,2,0,0,0,0
55,68.75,3,0,0,0,0
55,70.3125,4,0,0,0,0
55,71.875,5,0,0,0,0
55,73.4375,6,0,0,0,0
55,75.0,7,0,0,0,0
55,76.5625,8,0,0,0,0
55,78.125,9,0,0,0,0
55,79.6875,10,0,0,0,0
55,81.25,11,0,0,0,0
55,82.8125,12,0,0,0,0
55,84.375,13,0,0,0,0
55,85.9375,14,0,0,0,0
55,87.5,15,0,0,0,0
55,89.0625,0,0,0,0,0
55,90.625,1,0,0,0,0
55,92.1875,2,0,0,0,0
55,93.75,3,0,0,0,0
55,95.3125,4,0,0,0,0
55,96.875,5,0,0,0,0
55,98.4375,6,0,0,0,0
55,100.0,7,0,0,0,0
55,101.5625,8,0,0,0,0
55,103.125,9,0,0,0,0
55,104.6875,10,0,0,0,0
55,106.25,11,0,0,0,0
55,107.8125,12,0,0,0,0
55,109.375,13,0,0,0,0
55,110.9375,14,0,0,0,0
55,112.5,15,0,0,0,0
55,114.0625,0,0,0,0,0
55,115.625,1,0,0,0,0
55,117.1875,2,0,0,0,0
55,118.75,3,0,0,0,0
55,120.3125,4,0,0,0,0
55,121.875,5,0,0,0,0
55,123.4375,6,0,0,0,0
55,125.0,7,0,0,0,0
55,126.5625,8,0,0,0,0
55,128.125,9,0,0,0,0
55,129.6875,10,0,0,0,0
55,131.25,11,0,0,0,0
55,132.8125,12,0,0,0,0
55,134.375,13,0,0,0,0
55,135.9375,14,0,0,0,0
55,137.5,15,0,0,0,0
55,139.0625,0,0,0,0,0
55,140.625,1,0,0,0,0
55,142.1875,2,0,0,0,0
55,143.75,3,0,0,0,0
55,145.3125,4,0,0,0,0
55,146.875,5,0,0,0,0
55,148.4375,6,0,0,0,0
55,150.0,7,0,0,0,0
55,151.5625,8,0,0,0,0
55,153.125,9,0,0,0,0
55,154.6875,10,0,0,0,0
55,156.25,11,0,0,0,0
55,157.8125,12,0,0,0,0
55,159.375,13,0,0,0,0
55,160.9375,14,0,0,0,0
55,162.5,15,0,0,0,0
55,164.0625,0,0,0,0,0
55,165.625,1,0,0,0,0
55,167.1875,2,0,0,0,0
55,168.75,3,0,0,0,0
55,170.3125,4,0,0,0,0
55,171.875,5,0,0,0,0
55,173.4375,6,0,0,0,0
55,175.0,7,0,0,0,0
55,176.5625,8,0,0,0,0
55,178.125,9,0,0,0,0
55,179.6875,10,0,0,0,0
55,181.25,11,0,0,0,0
55,182.8125,12,0,0,0,0
55,184.375,13,0,0,0,0
55,185.9375,14,0,0,0,0
55,187.5,15,0,0,0,0
55,189.0625,0,0,0,0,0
55,190.625,1,0,0,0,0
55,192.1875,2,0,0,0,0
55,193.75,3,0,0,0,0
55,195.3125,4,0,0,0,0
55,196.875,5,0,0,0,0
55,198.4375,6,0,0,0,0
55,200.0,7,0,0,0,0
55,201.5625,8,0,0,0,0
55,203.125,9,0,0,0,0
55,204.6875,10,0,0,0,0
55,206.25,11,0,0,0,0
55,207.8125,12,0,0,0,0
55,209.375,13,0,0,0,0
55,210.9375,14,0,0,0,0
55,212.5,15,0,0,0,0
55,214.0625,0,0,0,0,0
55,215.625,1,0,0,0,0
55,217.1875,2,0,0,0,0
55,218.75,3,0,0,0,0
55,220.3125,4,0,0,0,0
55,221.875,5,0,0,0,0
55,223.4375,6,0,0,0,0
55,225.0,7,0,0,0,0
55,226.5625,8,0,0,0,0
55,228.125,9,0,0,0,0
55,229.6875,10,0,0,0,0
55,231.25,11,0,0,0,0
55,232.8125,12,0,0,0,0
55,234.375,13,0,0,0,0
55,235.9375,14,0,0,0,0
55,237.5,15,0,0,0,0
55,239.0625,0,0,0,0,0
55,240.625,1,0,0,0,0
55,242.1875,2,0,0,0,0
55,243.75,3,0,0,0,0
55,245.3125,4,0,0,0,0
55,246.875,5,0,0,0,0
55,248.4375,6,0,0,0,0
55,250.0,7,0,0,0,0
55,251.5625,8,0,0,0,0
55,253.125,9,0,0,0,0
55,254.6875,10,0,0,0,0
55,256.25,11,0,0,0,0
55,257.8125,12,0,0,0,0
55,259.375,13,0,0,0,0
55,260.9375,14,0,0,0,0
55,262.5,15,0,0,0,0
55,264.0625,0,0,0,0,0
55,265.625,1,0,0,0,0
55,267.1875,2,0,0,0,0
55,268.75,3,0,0,0,0
55,270.3125,4,0,0,0,0
55,271.875,5,0,0,0,0
55,273.4375,6,0,0,0,0
56,0.0,7,0,0,0,0
56,1.5625,8,0,0,0,0
56,3.125,9,0,0,0,0
56,4.6875,10,0,0,0,0
56,6.25,11,0,0,0,0
56,7.8125,12,0,0,0,0
56,9.375,13,0,0,0,0
56,10.9375,14,0,0,0,0
56,12.5,15,0,0,0,0
56,14.0625,0,0,0,0,0
56,15.625,1,0,0,0,0
56,17.1875,2,0,0,0,0
56,18.75,3,0,0,0,0
56,20.3125,4,0,0,0,0
56,21.875,5,0,0,0,0
56,23.4375,6,0,0,0,0
56,25.0,7,0,0,0,0
56,26.5625,8,0,0,0,0
56,28.125,9,0,0,0,0
56,29.6875,10,0,0,0,0
56,31.25,11,0,0,0,0
56,32.8125,12,0,0,0,0
56,34.375,13,0,0,0,0
56,35.9375,14,0,0,0,0
56,37.5,15,0,0,0,0
56,39.0625,0,0,0,0,0
56,40.625,1,0,0,0,0
56,42.1875,2,0,0,0,0
56,43.75,3,0,0,0,0
56,45.3125,4,0,0,0,0
56,46.875,5,0,0,0,0
56,48.4375,6,0,0,0,0
56,50.0,7,0,0,0,0
56,51.5625,8,0,0,0,0
56,53.125,9,0,0,0,0
56,54.6875,10,0,0,0,0
56,56.25,11,0,0,0,0
56,57.8125,12,0,0,0,0
56,59.375,13,0,0,0,0
56,60.9375,14,0,0,0,0
56,62.5,15,0,0,0,0
56,64.0625,0,0,0,0,0
56,65.625,1,0,0,0,0
56,67.1875,2,0,0,0,0
56,68.75,3,0,0,0,0
56,70.3125,4,0,0,0,0
56,71.875,5,0,0,0,0
56,73.4375,6,0,0,0,0
56,75.0,7,0,0,0,0
56,76.5625,8,0,0,0,0
56,78.125,9,0,0,0,0
56,79.6875,10,0,0,0,0
56,81.25,11,0,0,0,0
56,82.8125,12,0,0,0,0
56,84.375,13,0,0,0,0
56,85.9375,14,0,0,0,0
56,87.5,15,0,0,0,0
56,89.0625,0,0,0,0,0
56,90.625,1,0,0,0,0
56,92.1875,2,0,0,0,0
56,93.75,3,0,0,0,0
56,95.3125,4,0,0,0,0
56,96.875,5,0,0,0,0
56,98.4375,6,0,0,0,0
56,100.0,7,0,0,0,0
56,101.5625,8,0,0,0,0
56,103.125,9,0,0,0,0
56,104.6875,10,0,0,0,0
56,106.25,11,0,0,0,0
56,107.8125,12,0,0,0,0
56,109.375,13,0,0,0,0
56,110.9375,14,0,0,0,0
56,112.5,15,0,0,0,0
56,114.0625,0,0,0,0,0
56,115.625,1,0,0,0,0
56,117.1875,2,0,0,0,0
56,118.75,3,0,0,0,0
56,120.3125,4,0,0,0,0
56,121.875,5,0,0,0,0
56,123.4375,6,0,0,0,0
56,125.0,7,0,0,0,0
56,126.5625,8,0,0,0,0
56,128.125,9,0,0,0,0
56,129.6875,10,0,0,0,0
56,131.25,11,0,0,0,0
56,132.8125,12,0,0,0,0
56,134.375,13,0,0,0,0
56,135.9375,14,0,0,0,0
56,137.5,15,0,0,0,0
56,139.0625,0,0,0,0,0
56,140.625,1,0,0,0,0
56,142.1875,2,0,0,0,0
56,143.75,3,0,0,0,0
56,145.3125,4,0,0,0,0
56,146.875,5,0,0,0,0
56,148.4375,6,0,0,0,0
56,150.0,7,0,0,0,0
56,151.5625,8,0,0,0,0
56,153.125,9,0,0,0,0
56,154.6875,10,0,0,0,0
56,156.25,11,0,0,0,0
56,157.8125,12,0,0,0,0
56,159.375,13,0,0,0,0
56,160.9375,14,0,0,0,0
56,162.5,15,0,0,0,0
56,164.0625,0,0,0,0,0
56,165.625,1,0,0,0,0
56,167.1875,2,0,0,0,0
56,168.75,3,0,0,0,0
56,170.3125,4,0,0,0,0
56,171.875,5,0,0,0,0
56,173.4375,6,0,0,0,0
56,175.0,7,0,0,0,0
56,176.5625,8,0,0,0,0
56,178.125,9,0,0,0,0
56,179.6875,10,0,0,0,0
56,181.25,11,0,0,0,0
56,182.8125,12,0,0,0,0
56,184.375,13,0,0,0,0
56,185.9375,14,0,0,0,0
56,187.5,15,0,0,0,0
56,189.0625,0,0,0,0,0
56,190.625,1,0,0,0,0
56,192.1875,2,0,0,0,0
56,193.75,3,0,0,0,0
56,195.3125,4,0,0,0,0
56,196.875,5,0,0,0,0
56,198.4375,6,0,0,0,0
56,200.0,7,0,0,0,0
56,201.5625,8,0,0,0,0
56,203.125,9,0,0,0,0
56,204.6875,10,0,0,0,0
56,206.25,11,0,0,0,0
56,207.8125,12,0,0,0,0
56,209.375,13,0,0,0,0
56,210.9375,14,0,0,0,0
56,212.5,15,0,0,0,0
56,214.0625,0,0,0,0,0
56,215.625,1,0,0,0,0
56,217.1875,2,0,0,0,0
56,218.75,3,0,0,0,0
56,220.3125,4,0,0,0,0
56,221.875,5,0,0,0,0
56,223.4375,6,0,0,0,0
56,225.0,7,0,0,0,0
56,226.5625,8,0,0,0,0
56,228.125,9,0,0,0,0
56,229.6875,10,0,0,0,0
56,231.25,11,0,0,0,0
56,232.8125,12,0,0,0,0
56,234.375,13,0,0,0,0
56,235.9375,14,0,0,0,0
56,237.5,15,0,0,0,0
56,239.0625,0,0,0,0,0
56,240.625,1,0,0,0,0
56,242.1875,2,0,0,0,0
56,243.75,3,0,0,0,0
56,245.3125,4,0,0,0,0
56,246.875,5,0,0,0,0
56,248.4375,6,0,0,0,0
56,250.0,7,0,0,0,0
56,251.5625,8,0,0,0,0
56,253.125,9,0,0,0,0
56,254.6875,10,0,0,0,0
56,256.25,11,0,0,0,0
56,257.8125,12,0,0,0,0
56,259.375,13,0,0,0,0
56,260.9375,14,0,0,0,0
56,262.5,15,0,0,0,0
56,264.0625,0,0,0,0,0
56,265.625,1,0,0,0,0
56,267.1875,2,0,0,0,0
56,268.75,3,0,0,0,0
56,270.3125,4,0,0,0,0
56,271.875,5,0,0,0,0
56,273.4375,6,0,0,0,0
57,0.0,7,0,0,0,0
57,1.5625,8,0,0,0,0
57,3.125,9,0,0,0,0
57,4.6875,10,0,0,0,0
57,6.25,11,0,0,0,0
57,7.8125,12,0,0,0,0
57,9.375,13,0,0,0,0
57,10.9375,14,0,0,0,0
57,12.5,15,0,0,0,0
57,14.0625,0,0,0,0,0
57,15.625,1,0,0,0,0
57,17.1875,2,0,0,0,0
57,18.75,3,0,0,0,0
57,20.3125,4,0,0,0,0
57,21.875,5,0,0,0,0
57,23.4375,6,0,0,0,0
57,25.0,7,0,0,0,0
57,26.5625,8,0,0,0,0
57,28.125,9,0,0,0,0
57,29.6875,10,0,0,0,0
57,31.25,11,0,0,0,0
57,32.8125,12,0,0,0,0
57,34.375,13,0,0,0,0
57,35.9375,14,0,0,0,0
57,37.5,15,0,0,0,0
57,39.0625,0,0,0,0,0
57,40.625,1,0,0,0,0
57,42.1875,2,0,0,0,0
57,43.75,3,0,0,0,0
57,45.3125,4,0,0,0,0
57,46.875,5,0,0,0,0
57,48.4375,6,0,0,0,0
57,50.0,7,0,0,0,0
57,51.5625,8,0,0,0,0
57,53.125,9,0,0,0,0
57,54.6875,10,0,0,0,0
57,56.25,11,0,0,0,0
57,57.8125,12,0,0,0,0
57,59.375,13,0,0,0,0
57,60.9375,14,0,0,0,0
57,62.5,15,0,0,0,0
57,64.0625,0,0,0,0,0
57,65.625,1,0,0,0,0
57,67.1875,2,0,0,0,0
57,68.75,3,0,0,0,0
57,70.3125,4,0,0,0,0
57,71.875,5,0,0,0,0
57,73.4375,6,0,0,0,0
57,75.0,7,0,0,0,0
57,76.5625,8,0,0,0,0
57,78.125,9,0,0,0,0
57,79.6875,10,0,0,0,0
57,81.25,11,0,0,0,0
57,82.8125,12,0,0,0,0
57,84.375,13,0,0,0,0
57,85.9375,14,0,0,0,0
57,87.5,15,0,0,0,0
57,89.0625,0,0,0,0,0
57,90.625,1,0,0,0,0
57,92.1875,2,0,0,0,0
57,93.75,3,0,0,0,0
57,95.3125,4,0,0,0,0
57,96.875,5,0,0,0,0
57,98.4375,6,0,0,0,0
57,100.0,7,0,0,0,0
57,101.5625,8,0,0,0,0
57,103.125,9,0,0,0,0
57,104.6875,10,0,0,0,0
57,106.25,11,0,0,0,0
57,107.8125,12,0,0,0,0
57,109.375,13,0,0,0,0
57,110.9375,14,0,0,0,0
57,112.5,15,0,0,0,0
57,114.0625,0,0,0,0,0
57,115.625,1,0,0,0,0
57,117.1875,2,0,0,0,0
57,118.75,3,0,0,0,0
57,120.3125,4,0,0,0,0
57,121.875,5,0,0,0,0
57,123.4375,6,0,0,0,0
57,125.0,7,0,0,0,0
57,126.5625,8,0,0,0,0
57,128.125,9,0,0,0,0
57,129.6875,10,0,0,0,0
57,131.25,11,0,0,0,0
57,132.8125,12,0,0,0,0
57,134.375,13,0,0,0,0
57,135.9375,14,0,0,0,0
57,137.5,15,0,0,0,0
57,139.0625,0,0,0,0,0
57,140.625,1,0,0,0,0
57,142.1875,2,0,0,0,0
57,143.75,3,0,0,0,0
57,145.3125,4,0,0,0,0
57,146.875,5,0,0,0,0
57,148.4375,6,0,0,0,0
57,150.0,7,0,0,0,0
57,151.5625,8,0,0,0,0
57,153.125,9,0,0,0,0
57,154.6875,10,0,0,0,0
57,156.25,11,0,0,0,0
57,157.8125,12,0,0,0,0
57,159.375,13,0,0,0,0
57,160.9375,14,0,0,0,0
57,162.5,15,0,0,0,0
57,164.0625,0,0,0,0,0
57,165.625,1,0,0,0,0
57,167.1875,2,0,0,0,0
57,168.75,3,0,0,0,0
57,170.3125,4,0,0,0,0
57,171.875,5,0,0,0,0
57,173.4375,6,0,0,0,0
57,175.0,7,0,0,0,0
57,176.5625,8,0,0,0,0
57,178.125,9,0,0,0,0
57,179.6875,10,0,0,0,0
57,181.25,11,0,0,0,0
57,182.8125,12,0,0,0,0
57,184.375,13,0,0,0,0
57,185.9375,14,0,0,0,0
57,187.5,15,0,0,0,0
57,189.0625,0,0,0,0,0
57,190.625,1,0,0,0,0
57,192.1875,2,0,0,0,0
57,193.75,3,0,0,0,0
57,195.3125,4,0,0,0,0
57,196.875,5,0,0,0,0
57,198.4375,6,0,0,0,0
57,200.0,7,0,0,0,0
57,201.5625,8,0,0,0,0
57,203.125,9,0,0,0,0
57,204.6875,10,0,0,0,0
57,206.25,11,0,0,0,0
57,207.8125,12,0,0,0,0
57,209.375,13,0,0,0,0
57,210.9375,14,0,0,0,0
57,212.5,15,0,0,0,0
57,214.0625,0,0,0,0,0
57,215.625,1,0,0,0,0
57,217.1875,2,0,0,0,0
57,218.75,3,0,0,0,0
57,220.3125,4,0,0,0,0
57,221.875,5,0,0,0,0
57,223.4375,6,0,0,0,0
57,225.0,7,0,0,0,0
57,226.5625,8,0,0,0,0
57,228.125,9,0,0,0,0
57,229.6875,10,0,0,0,0
57,231.25,11,0,0,0,0
57,232.8125,12,0,0,0,0
57,234.375,13,0,0,0,0
57,235.9375,14,0,0,0,0
57,237.5,15,0,0,0,0
57,239.0625,0,0,0,0,0
57,240.625,1,0,0,0,0
57,242.1875,2,0,0,0,0
57,243.75,3,0,0,0,0
57,245.3125,4,0,0,0,0
57,246.875,5,0,0,0,0
57,248.4375,6,0,0,0,0
57,250.0,7,0,0,0,0
57,251.5625,8,0,0,0,0
57,253.125,9,0,0,0,0
57,254.6875,10,0,0,0,0
57,256.25,11,0,0,0,0
57,257.8125,12,0,0,0,0
57,259.375,13,0,0,0,0
57,260.9375,14,0,0,0,0
57,262.5,15,0,0,0,0
57,264.0625,0,0,0,0,0
57,265.625,1,0,0,0,0
57,267.1875,2,0,0,0,0
57,268.75,3,0,0,0,0
57,270.3125,4,0,0,0,0
57,271.875,5,0,0,0,0
57,273.4375,6,0,0,0,0
58,0.0,7,0,0,0,0
58,1.5625,8,0,0,0,0
58,3.125,9,0,0,0,0
58,4.6875,10,0,0,0,0
58,6.25,11,0,0,0,0
58,7.8125,12,0,0,0,0
58,9.375,13,0,0,0,0
58,10.9375,14,0,0,0,0
58,12.5,15,0,0,0,0
58,14.0625,0,0,0,0,0
58,15.625,1,0,0,0,0
58,17.1875,2,0,0,0,0
58,18.75,3,0,0,0,0
58,20.3125,4,0,0,0,0
58,21.875,5,0,0,0,0
58,23.4375,6,0,0,0,0
58,25.0,7,0,0,0,0
58,26.5625,8,0,0,0,0
58,28.125,9,0,0,0,0
58,29.6875,10,0,0,0,0
58,31.25,11,0,0,0,0
58,32.8125,12,0,0,0,0
58,34.375,13,0,0,0,0
58,35.9375,14,0,0,0,0
58,37.5,15,0,0,0,0
58,39.0625,0,0,0,0,0
58,40.625,1,0,0,0,0
58,42.1875,2,0,0,0,0
58,43.75,3,0,0,0,0
58,45.3125,4,0,0,0,0
58,46.875,5,0,0,0,0
58,48.4375,6,0,0,0,0
58,50.0,7,0,0,0,0
58,51.5625,8,0,0,0,0
58,53.125,9,0,0,0,0
58,54.6875,10,0,0,0,0
58,56.25,11,0,0,0,0
58,57.8125,12,0,0,0,0
58,59.375,13,0,0,0,0
58,60.9375,14,0,0,0,0
58,62.5,15,0,0,0,0
58,64.0625,0,0,0,0,0
58,65.625,1,0,0,0,0
58,67.1875,2,0,0,0,0
58,68.75,3,0,0,0,0
58,70.3125,4,0,0,0,0
58,71.875,5,0,0,0,0
58,73.4375,6,0,0,0,0
58,75.0,7,0,0,0,0
58,76.5625,8,0,0,0,0
58,78.125,9,0,0,0,0
58,79.6875,10,0,0,0,0
58,81.25,11,0,0,0,0
58,82.8125,12,0,0,0,0
58,84.375,13,0,0,0,0
58,85.9375,14,0,0,0,0
58,87.5,15,0,0,0,0
58,89.0625,0,0,0,0,0
58,90.625,1,0,0,0,0
58,92.1875,2,0,0,0,0
58,93.75,3,0,0,0,0
58,95.3125,4,0,0,0,0
58,96.875,5,0,0,0,0
58,98.4375,6,0,0,0,0
58,100.0,7,0,0,0,0
58,101.5625,8,0,0,0,0
58,103.125,9,0,0,0,0
58,104.6875,10,0,0,0,0
58,106.25,11,0,0,0,0
58,107.8125,12,0,0,0,0
58,109.375,13,0,0,0,0
58,110.9375,14,0,0,0,0
58,112.5,15,0,0,0,0
58,114.0625,0,0,0,0,0
58,115.625,1,0,0,0,0
58,117.1875,2,0,0,0,0
58,118.75,3,0,0,0,0
58,120.3125,4,0,0,0,0
58,121.875,5,0,0,0,0
58,123.4375,6,0,0,0,0
58,125.0,7,0,0,0,0
58,126.5625,8,0,0,0,0
58,128.125,9,0,0,0,0
58,129.6875,10,0,0,0,0
58,131.25,11,0,0,0,0
58,132.8125,12,0,0,0,0
58,134.375,13,0,0,0,0
58,135.9375,14,0,0,0,0
58,137.5,15,0,0,0,0
58,139.0625,0,0,0,0,0
58,140.625,1,0,0,0,0
58,142.1875,2,0,0,0,0
58,143.75,3,0,0,0,0
58,145.3125,4,0,0,0,0
58,146.875,5,0,0,0,0
58,148.4375,6,0,0,0,0
58,150.0,7,0,0,0,0
58,151.5625,8,0,0,0,0
58,153.125,9,0,0,0,0
58,154.6875,10,0,0,0,0
58,156.25,11,0,0,0,0
58,157.8125,12,0,0,0,0
58,159.375,13,0,0,0,0
58,160.9375,14,0,0,0,0
58,162.5,15,0,0,0,0
58,164.0625,0,0,0,0,0
58,165.625,1,0,0,0,0
58,167.1875,2,0,0,0,0
58,168.75,3,0,0,0,0
58,170.3125,4,0,0,0,0
58,171.875,5,0,0,0,0
58,173.4375,6,0,0,0,0
58,175.0,7,0,0,0,0
58,176.5625,8,0,0,0,0
58,178.125,9,0,0,0,0
58,179.6875,10,0,0,0,0
58,181.25,11,0,0,0,0
58,182.8125,12,0,0,0,0
58,184.375,13,0,0,0,0
58,185.9375,14,0,0,0,0
58,187.5,15,0,0,0,0
58,189.0625,0,0,0,0,0
58,190.625,1,0,0,0,0
58,192.1875,2,0,0,0,0
58,193.75,3,0,0,0,0
58,195.3125,4,0,0,0,0
58,196.875,5,0,0,0,0
58,198.4375,6,0,0,0,0
58,200.0,7,0,0,0,0
58,201.5625,8,0,0,0,0
58,203.125,9,0,0,0,0
58,204.6875,10,0,0,0,0
58,206.25,11,0,0,0,0
58,207.8125,12,0,0,0,0
58,209.375,13,0,0,0,0
58,210.9375,14,0,0,0,0
58,212.5,15,0,0,0,0
58,214.0625,0,0,0,0,0
58,215.625,1,0,0,0,0
58,217.1875,2,0,0,0,0
58,218.75,3,0,0,0,0
58,220.3125,4,0,0,0,0
58,221.875,5,0,0,0,0
58,223.4375,6,0,0,0,0
58,225.0,7,0,0,0,0
58,226.5625,8,0,0,0,0
58,228.125,9,0,0,0,0
58,229.6875,10,0,0,0,0
58,231.25,11,0,0,0,0
58,232.8125,12,0,0,0,0
58,234.375,13,0,0,0,0
58,235.9375,14,0,0,0,0
58,237.5,15,0,0,0,0
58,239.0625,0,0,0,0,0
58,240.625,1,0,0,0,0
58,242.1875,2,0,0,0,0
58,243.75,3,0,0,0,0
58,245.3125,4,0,0,0,0
58,246.875,5,0,0,0,0
58,248.4375,6,0,0,0,0
58,250.0,7,0,0,0,0
58,251.5625,8,0,0,0,0
58,253.125,9,0,0,0,0
58,254.6875,10,0,0,0,0
58,256.25,11,0,0,0,0
58,257.8125,12,0,0,0,0
58,259.375,13,0,0,0,0
58,260.9375,14,0,0,0,0
58,262.5,15,0,0,0,0
58,264.0625,0,0,0,0,0
58,265.625,1,0,0,0,0
58,267.1875,2,0,0,0,0
58,268.75,3,0,0,0,0
58,270.3125,4,0,0,0,0
58,271.875,5,0,0,0,0
58,273.4375,6,0,0,0,0
59,0.0,7,0,0,0,0
59,1.5625,8,0,0,0,0
59,3.125,9,0,0,0,0
59,4.6875,10,0,0,0,0
59,6.25,11,0,0,0,0
59,7.8125,12,0,0,0,0
59,9.375,13,0,0,0,0
59,10.9375,14,0,0,0,0
59,12.5,15,0,0,0,0
59,14.0625,0,0,0,0,0
59,15.625,1,0,0,0,0
59,17.1875,2,0,0,0,0
59,18.75,3,0,0,0,0
59,20.3125,4,0,0,0,0
59,21.875,5,0,0,0,0
59,23.4375,6,0,0,0,0
59,25.0,7,0,0,0,0
59,26.5625,8,0,0,0,0
59,28.125,9,0,0,0,0
59,29.6875,10,0,0,0,0
59,31.25,11,0,0,0,0
59,32.8125,12,0,0,0,0
59,34.375,13,0,0,0,0
59,35.9375,14,0,0,0,0
59,37.5,15,0,0,0,0
59,39.0625,0,0,0,0,0
59,40.625,1,0,0,0,0
59,42.1875,2,0,0,0,0
59,43.75,3,0,0,0,0
59,45.3125,4,0,0,0,0
59,46.875,5,0,0,0,0
59,48.4375,6,0,0,0,0
59,50.0,7,0,0,0,0
59,51.5625,8,0,0,0,0
59,53.125,9,0,0,0,0
59,54.6875,10,0,0,0,0
59,56.25,11,0,0,0,0
59,57.8125,12,0,0,0,0
59,59.375,13,0,0,0,0
59,60.9375,14,0,0,0,0
59,62.5,15,0,0,0,0
59,64.0625,0,0,0,0,0
59,65.625,1,0,0,0,0
59,67.1875,2,0,0,0,0
59,68.75,3,0,0,0,0
59,70.3125,4,0,0,0,0
59,71.875,5,0,0,0,0
59,73.4375,6,0,0,0,0
59,75.0,7,0,0,0,0
59,76.5625,8,0,0,0,0
59,78.125,9,0,0,0,0
59,79.6875,10,0,0,0,0
59,81.25,11,0,0,0,0
59,82.8125,12,0,0,0,0
59,84.375,13,0,0,0,0
59,85.9375,14,0,0,0,0
59,87.5,15,0,0,0,0
59,89.0625,0,0,0,0,0
59,90.625,1,0,0,0,0
59,92.1875,2,0,0,0,0
59,93.75,3,0,0,0,0
59,95.3125,4,0,0,0,0
59,96.875,5,0,0,0,0
59,98.4375,6,0,0,0,0
59,100.0,7,0,0,0,0
59,101.5625,8,0,0,0,0
59,103.125,9,0,0,0,0
59,104.6875,10,0,0,0,0
59,106.25,11,0,0,0,0
59,107.8125,12,0,0,0,0
59,109.375,13,0,0,0,0
59,110.9375,14,0,0,0,0
59,112.5,15,0,0,0,0
59,114.0625,0,0,0,0,0
59,115.625,1,0,0,0,0
59,117.1875,2,0,0,0,0
59,118.75,3,0,0,0,0
59,120.3125,4,0,0,0,0
59,121.875,5,0,0,0,0
59,123.4375,6,0,0,0,0
59,125.0,7,0,0,0,0
59,126.5625,8,0,0,0,0
59,128.125,9,0,0,0,0
59,129.6875,10,0,0,0,0
59,131.25,11,0,0,0,0
59,132.8125,12,0,0,0,0
59,134.375,13,0,0,0,0
59,135.9375,14,0,0,0,0
59,137.5,15,0,0,0,0
59,139.0625,0,0,0,0,0
59,140.625,1,0,0,0,0
59,142.1875,2,0,0,0,0
59,143.75,3,0,0,0,0
59,145.3125,4,0,0,0,0
59,146.875,5,0,0,0,0
59,148.4375,6,0,0,0,0
59,150.0,7,0,0,0,0
59,151.5625,8,0,0,0,0
59,153.125,9,0,0,0,0
59,154.6875,10,0,0,0,0
59,156.25,11,0,0,0,0
59,157.8125,12,0,0,0,0
59,159.375,13,0,0,0,0
59,160.9375,14,0,0,0,0
59,162.5,15,0,0,0,0
59,164.0625,0,0,0,0,0
59,165.625,1,0,0,0,0
59,167.1875,2,0,0,0,0
59,168.75,3,0,0,0,0
59,170.3125,4,0,0,0,0
59,171.875,5,0,0,0,0
59,173.4375,6,0,0,0,0
59,175.0,7,0,0,0,0
59,176.5625,8,0,0,0,0
59,178.125,9,0,0,0,0
59,179.6875,10,0,0,0,0
59,181.25,11,0,0,0,0
59,182.8125,12,0,0,0,0
59,184.375,13,0,0,0,0
59,185.9375,14,0,0,0,0
59,187.5,15,0,0,0,0
59,189.0625,0,0,0,0,0
59,190.625,1,0,0,0,0
59,192.1875,2,0,0,0,0
59,193.75,3,0,0,0,0
59,195.3125,4,0,0,0,0
59,196.875,5,0,0,0,0
59,198.4375,6,0,0,0,0
59,200.0,7,0,0,0,0
59,201.5625,8,0,0,0,0
59,203.125,9,0,0,0,0
59,204.6875,10,0,0,0,0
59,206.25,11,0,0,0,0
59,207.8125,12,0,0,0,0
59,209.375,13,0,0,0,0
59,210.9375,14,0,0,0,0
59,212.5,15,0,0,0,0
59,214.0625,0,0,0,0,0
59,215.625,1,0,0,0,0
59,217.1875,2,0,0,0,0
59,218.75,3,0,0,0,0
59,220.3125,4,0,0,0,0
59,221.875,5,0,0,0,0
59,223.4375,6,0,0,0,0
59,225.0,7,0,0,0,0
59,226.5625,8,0,0,0,0
59,228.125,9,0,0,0,0
59,229.6875,10,0,0,0,0
59,231.25,11,0,0,0,0
59,232.8125,12,0,0,0,0
59,234.375,13,0,0,0,0
59,235.9375,14,0,0,0,0
59,237.5,15,0,0,0,0
59,239.0625,0,0,0,0,0
59,240.625,1,0,0,0,0
59,242.1875,2,0,0,0,0
59,243.75,3,0,0,0,0
59,245.3125,4,0,0,0,0
59,246.875,5,0,0,0,0
59,248.4375,6,0,0,0,0
59,250.0,7,0,0,0,0
59,251.5625,8,0,0,0,0
59,253.125,9,0,0,0,0
59,254.6875,10,0,0,0,0
59,256.25,11,0,0,0,0
59,257.8125,12,0,0,0,0
59,259.375,13,0,0,0,0
59,260.9375,14,0,0,0,0
59,262.5,15,0,0,0,0
59,264.0625,0,0,0,0,0
59,265.625,1,0,0,0,0
59,267.1875,2,0,0,0,0
59,268.75,3,0,0,0,0
59,270.3125,4,0,0,0,0
59,271.875,5,0,0,0,0
59,273.4375,6,0,0,0,0
60,0.0,7,0,0,0,0
60,1.5625,8,0,0,0,0
60,3.125,9,0,0,0,0
60,4.6875,10,0,0,0,0
60,6.25,11,0,0,0,0
60,7.8125,12,0,0,0,0
60,9.375,13,0,0,0,0
60,10.9375,14,0,0,0,0
60,12.5,15,0,0,0,0
60,14.0625,0,0,0,0,0
60,15.625,1,0,0,0,0
60,17.1875,2,0,0,0,0
60,18.75,3,0,0,0,0
60,20.3125,4,0,0,0,0
60,21.875,5,0,0,0,0
60,23.4375,6,0,0,0,0
60,25.0,7,0,0,0,0
60,26.5625,8,0,0,0,0
60,28.125,9,0,0,0,0
60,29.6875,10,0,0,0,0
60,31.25,11,0,0,0,0
60,32.8125,12,0,0,0,0
60,34.375,13,0,0,0,0
60,35.9375,14,0,0,0,0
60,37.5,15,0,0,0,0
60,39.0625,0,0,0,0,0
60,40.625,1,0,0,0,0
60,42.1875,2,0,0,0,0
60,43.75,3,0,0,0,0
60,45.3125,4,0,0,0,0
60,46.875,5,0,0,0,0
60,48.4375,6,0,0,0,0
60,50.0,7,0,0,0,0
60,51.5625,8,0,0,0,0
60,53.125,9,0,0,0,0
60,54.6875,10,0,0,0,0
60,56.25,11,0,0,0,0
60,57.8125,12,0,0,0,0
60,59.375,13,0,0,0,0
60,60.9375,14,0,0,0,0
60,62.5,15,0,0,0,0
60,64.0625,0,0,0,0,0
60,65.625,1,0,0,0,0
60,67.1875,2,0,0,0,0
60,68.75,3,0,0,0,0
60,70.3125,4,0,0,0,0
60,71.875,5,0,0,0,0
60,73.4375,6,0,0,0,0
60,75.0,7,0,0,0,0
60,76.5625,8,0,0,0,0
60,78.125,9,0,0,0,0
60,79.6875,10,0,0,0,0
60,81.25,11,0,0,0,0
60,82.8125,12,0,0,0,0
60,84.375,13,0,0,0,0
60,85.9375,14,0,0,0,0
60,87.5,15,0,0,0,0
60,89.0625,0,0,0,0,0
60,90.625,1,0,0,0,0
60,92.1875,2,0,0,0,0
60,93.75,3,0,0,0,0
60,95.3125,4,0,0,0,0
60,96.875,5,0,0,0,0
60,98.4375,6,0,0,0,0
60,100.0,7,0,0,0,0
60,101.5625,8,0,0,0,0
60,103.125,9,0,0,0,0
60,104.6875,10,0,0,0,0
60,106.25,11,0,0,0,0
60,107.8125,12,0,0,0,0
60,109.375,13,0,0,0,0
60,110.9375,14,0,0,0,0
60,112.5,15,0,0,0,0
60,114.0625,0,0,0,0,0
60,115.625,1,0,0,0,0
60,117.1875,2,0,0,0,0
60,118.75,3,0,0,0,0
60,120.3125,4,0,0,0,0
60,121.875,5,0,0,0,0
60,123.4375,6,0,0,0,0
60,125.0,7,0,0,0,0
60,126.5625,8,0,0,0,0
60,128.125,9,0,0,0,0
60,129.6875,10,0,0,0,0
60,131.25,11,0,0,0,0
60,132.8125,12,0,0,0,0
60,134.375,13,0,0,0,0
60,135.9375,14,0,0,0,0
60,137.5,15,0,0,0,0
60,139.0625,0,0,0,0,0
60,140.625,1,0,0,0,0
60,142.1875,2,0,0,0,0
60,143.75,3,0,0,0,0
60,145.3125,4,0,0,0,0
60,146.875,5,0,0,0,0
60,148.4375,6,0,0,0,0
60,150.0,7,0,0,0,0
60,151.5625,8,0,0,0,0
60,153.125,9,0,0,0,0
60,154.6875,10,0,0,0,0
60,156.25,11,0,0,0,0
60,157.8125,12,0,0,0,0
60,159.375,13,0,0,0,0
60,160.9375,14,0,0,0,0
60,162.5,15,0,0,0,0
60,164.0625,0,0,0,0,0
60,165.625,1,0,0,0,0
60,167.1875,2,0,0,0,0
60,168.75,3,0,0,0,0
60,170.3125,4,0,0,0,0
60,171.875,5,0,0,0,0
60,173.4375,6,0,0,0,0
60,175.0,7,0,0,0,0
60,176.5625,8,0,0,0,0
60,178.125,9,0,0,0,0
60,179.6875,10,0,0,0,0
60,181.25,11,0,0,0,0
60,182.8125,12,0,0,0,0
60,184.375,13,0,0,0,0
60,185.9375,14,0,0,0,0
60,187.5,15,0,0,0,0
60,189.0625,0,0,0,0,0
60,190.625,1,0,0,0,0
60,192.1875,2,0,0,0,0
60,193.75,3,0,0,0,0
60,195.3125,4,0,0,0,0
60,196.875,5,0,0,0,0
60,198.4375,6,0,0,0,0
60,200.0,7,0,0,0,0
60,201.5625,8,0,0,0,0
60,203.125,9,0,0,0,0
60,204.6875,10,0,0,0,0
60,206.25,11,0,0,0,0
60,207.8125,12,0,0,0,0
60,209.375,13,0,0,0,0
60,210.9375,14,0,0,0,0
60,212.5,15,0,0,0,0
60,214.0625,0,0,0,0,0
60,215.625,1,0,0,0,0
60,217.1875,2,0,0,0,0
60,218.75,3,0,0,0,0
60,220.3125,4,0,0,0,0
60,221.875,5,0,0,0,0
60,223.4375,6,0,0,0,0
60,225.0,7,0,0,0,0
60,226.5625,8,0,0,0,0
60,228.125,9,0,0,0,0
60,229.6875,10,0,0,0,0
60,231.25,11,0,0,0,0
60,232.8125,12,0,0,0,0
60,234.375,13,0,0,0,0
60,235.9375,14,0,0,0,0
60,237.5,15,0,0,0,0
60,239.0625,0,0,0,0,0
60,240.625,1,0,0,0,0
60,242.1875,2,0,0,0,0
60,243.75,3,0,0,0,0
60,245.3125,4,0,0,0,0
60,246.875,5,0,0,0,0
60,248.4375,6,0,0,0,0
60,250.0,7,0,0,0,0
60,251.5625,8,0,0,0,0
60,253.125,9,0,0,0,0
60,254.6875,10,0,0,0,0
60,256.25,11,0,0,0,0
60,257.8125,12,0,0,0,0
60,259.375,13,0,0,0,0
60,260.9375,14,0,0,0,0
60,262.5,15,0,0,0,0
60,264.0625,0,0,0,0,0
60,265.625,1,0,0,0,0
60,267.1875,2,0,0,0,0
60,268.75,3,0,0,0,0
60,270.3125,4,0,0,0,0
60,271.875,5,0,0,0,0
60,273.4375,6,0,0,0,0
61,0.0,7,0,0,0,0
61,1.5625,8,0,0,0,0
61,3.125,9,0,0,0,0
61,4.6875,10,0,0,0,0
61,6.25,11,0,0,0,0
61,7.8125,12,0,0,0,0
61,9.375,13,0,0,0,0
61,10.9375,14,0,0,0,0
61,12.5,15,0,0,0,0
61,14.0625,0,0,0,0,0
61,15.625,1,0,0,0,0
61,17.1875,2,0,0,0,0
61,18.75,3,0,0,0,0
61,20.3125,4,0,0,0,0
61,21.875,5,0,0,0,0
61,23.4375,6,0,0,0,0
61,25.0,7,0,0,0,0
61,26.5625,8,0,0,0,0
61,28.125,9,0,0,0,0
61,29.6875,10,0,0,0,0
61,31.25,11,0,0,0,0
61,32.8125,12,0,0,0,0
61,34.375,13,0,0,0,0
61,35.9375,14,0,0,0,0
61,37.5,15,0,0,0,0
61,39.0625,0,0,0,0,0
61,40.625,1,0,0,0,0
61,42.1875,2,0,0,0,0
61,43.75,3,0,0,0,0
61,45.3125,4,0,0,0,0
61,46.875,5,0,0,0,0
61,48.4375,6,0,0,0,0
61,50.0,7,0,0,0,0
61,51.5625,8,0,0,0,0
61,53.125,9,0,0,0,0
61,54.6875,10,0,0,0,0
61,56.25,11,0,0,0,0
61,57.8125,12,0,0,0,0
61,59.375,13,0,0,0,0
61,60.9375,14,0,0,0,0
61,62.5,15,0,0,0,0
61,64.0625,0,0,0,0,0
61,65.625,1,0,0,0,0
61,67.1875,2,0,0,0,0
61,68.75,3,0,0,0,0
61,70.3125,4,0,0,0,0
61,71.875,5,0,0,0,0
61,73.4375,6,0,0,0,0
61,75.0,7,0,0,0,0
61,76.5625,8,0,0,0,0
61,78.125,9,0,0,0,0
61,79.6875,10,0,0,0,0
61,81.25,11,0,0,0,0
61,82.8125,12,0,0,0,0
61,84.375,13,0,0,0,0
61,85.9375,14,0,0,0,0
61,87.5,15,0,0,0,0
61,89.0625,0,0,0,0,0
61,90.625,1,0,0,0,0
61,92.1875,2,0,0,0,0
61,93.75,3,0,0,0,0
61,95.3125,4,0,0,0,0
61,96.875,5,0,0,0,0
61,98.4375,6,0,0,0,0
61,100.0,7,0,0,0,0
61,101.5625,8,0,0,0,0
61,103.125,9,0,0,0,0
61,104.6875,10,0,0,0,0
61,106.25,11,0,0,0,0
61,107.8125,12,0,0,0,0
61,109.375,13,0,0,0,0
61,110.9375,14,0,0,0,0
61,112.5,15,0,0,0,0
61,114.0625,0,0,0,0,0
61,115.625,1,0,0,0,0
61,117.1875,2,0,0,0,0
61,118.75,3,0,0,0,0
61,120.3125,4,0,0,0,0
61,121.875,5,0,0,0,0
61,123.4375,6,0,0,0,0
61,125.0,7,0,0,0,0
61,126.5625,8,0,0,0,0
61,128.125,9,0,0,0,0
61,129.6875,10,0,0,0,0
61,131.25,11,0,0,0,0
61,132.8125,12,0,0,0,0
61,134.375,13,0,0,0,0
61,135.9375,14,0,0,0,0
61,137.5,15,0,0,0,0
61,139.0625,0,0,0,0,0
61,140.625,1,0,0,0,0
61,142.1875,2,0,0,0,0
61,143.75,3,0,0,0,0
61,145.3125,4,0,0,0,0
61,146.875,5,0,0,0,0
61,148.4375,6,0,0,0,0
61,150.0,7,0,0,0,0
61,151.5625,8,0,0,0,0
61,153.125,9,0,0,0,0
61,154.6875,10,0,0,0,0
61,156.25,11,0,0,0,0
61,157.8125,12,0,0,0,0
61,159.375,13,0,0,0,0
61,160.9375,14,0,0,0,0
61,162.5,15,0,0,0,0
61,164.0625,0,0,0,0,0
61,165.625,1,0,0,0,0
61,167.1875,2,0,0,0,0
61,168.75,3,0,0,0,0
61,170.3125,4,0,0,0,0
61,171.875,5,0,0,0,0
61,173.4375,6,0,0,0,0
61,175.0,7,0,0,0,0
61,176.5625,8,0,0,0,0
61,178.125,9,0,0,0,0
61,179.6875,10,0,0,0,0
61,181.25,11,0,0,0,0
61,182.8125,12,0,0,0,0
61,184.375,13,0,0,0,0
61,185.9375,14,0,0,0,0
61,187.5,15,0,0,0,0
61,189.0625,0,0,0,0,0
61,190.625,1,0,0,0,0
61,192.1875,2,0,0,0,0
61,193.75,3,0,0,0,0
61,195.3125,4,0,0,0,0
61,196.875,5,0,0,0,0
61,198.4375,6,0,0,0,0
61,200.0,7,0,0,0,0
61,201.5625,8,0,0,0,0
61,203.125,9,0,0,0,0
61,204.6875,10,0,0,0,0
61,206.25,11,0,0,0,0
61,207.8125,12,0,0,0,0
61,209.375,13,0,0,0,0
61,210.9375,14,0,0,0,0
61,212.5,15,0,0,0,0
61,214.0625,0,0,0,0,0
61,215.625,1,0,0,0,0
61,217.1875,2,0,0,0,0
61,218.75,3,0,0,0,0
61,220.3125,4,0,0,0,0
61,221.875,5,0,0,0,0
61,223.4375,6,0,0,0,0
61,225.0,7,0,0,0,0
61,226.5625,8,0,0,0,0
61,228.125,9,0,0,0,0
61,229.6875,10,0,0,0,0
61,231.25,11,0,0,0,0
61,232.8125,12,0,0,0,0
61,234.375,13,0,0,0,0
61,235.9375,14,0,0,0,0
61,237.5,15,0,0,0,0
61,239.0625,0,0,0,0,0
61,240.625,1,0,0,0,0
61,242.1875,2,0,0,0,0
61,243.75,3,0,0,0,0
61,245.3125,4,0,0,0,0
61,246.875,5,0,0,0,0
61,248.4375,6,0,0,0,0
61,250.0,7,0,0,0,0
61,251.5625,8,0,0,0,0
61,253.125,9,0,0,0,0
61,254.6875,10,0,0,0,0
61,256.25,11,0,0,0,0
61,257.8125,12,0,0,0,0
61,259.375,13,0,0,0,0
61,260.9375,14,0,0,0,0
61,262.5,15,0,0,0,0
61,264.0625,0,0,0,0,0
61,265.625,1,0,0,0,0
61,267.1875,2,0,0,0,0
61,268.75,3,0,0,0,0
61,270.3125,4,0,0,0,0
61,271.875,5,0,0,0,0
61,273.4375,6,0,0,0,0
62,0.0,7,0,0,0,0
62,1.5625,8,0,0,0,0
62,3.125,9,0,0,0,0
62,4.6875,10,0,0,0,0
62,6.25,11,0,0,0,0
62,7.8125,12,0,0,0,0
62,9.375,13,0,0,0,0
62,10.9375,14,0,0,0,0
62,12.5,15,0,0,0,0
62,14.0625,0,0,0,0,0
62,15.625,1,0,0,0,0
62,17.1875,2,0,0,0,0
62,18.75,3,0,0,0,0
62,20.3125,4,0,0,0,0
62,21.875,5,0,0,0,0
62,23.4375,6,0,0,0,0
62,25.0,7,0,0,0,0
62,26.5625,8,0,0,0,0
62,28.125,9,0,0,0,0
62,29.6875,10,0,0,0,0
62,31.25,11,0,0,0,0
62,32.8125,12,0,0,0,0
62,34.375,13,0,0,0,0
62,35.9375,14,0,0,0,0
62,37.5,15,0,0,0,0
62,39.0625,0,0,0,0,0
62,40.625,1,0,0,0,0
62,42.1875,2,0,0,0,0
62,43.75,3,0,0,0,0
62,45.3125,4,0,0,0,0
62,46.875,5,0,0,0,0
62,48.4375,6,0,0,0,0
62,50.0,7,0,0,0,0
62,51.5625,8,0,0,0,0
62,53.125,9,0,0,0,0
62,54.6875,10,0,0,0,0
62,56.25,11,0,0,0,0
62,57.8125,12,0,0,0,0
62,59.375,13,0,0,0,0
62,60.9375,14,0,0,0,0
62,62.5,15,0,0,0,0
62,64.0625,0,0,0,0,0
62,65.625,1,0,0,0,0
62,67.1875,2,0,0,0,0
62,68.75,3,0,0,0,0
62,70.3125,4,0,0,0,0
62,71.875,5,0,0,0,0
62,73.4375,6,0,0,0,0
62,75.0,7,0,0,0,0
62,76.5625,8,0,0,0,0
62,78.125,9,0,0,0,0
62,79.6875,10,0,0,0,0
62,81.25,11,0,0,0,0
62,82.8125,12,0,0,0,0
62,84.375,13,0,0,0,0
62,85.9375,14,0,0,0,0
62,87.5,15,0,0,0,0
62,89.0625,0,0,0,0,0
62,90.625,1,0,0,0,0
62,92.1875,2,0,0,0,0
62,93.75,3,0,0,0,0
62,95.3125,4,0,0,0,0
62,96.875,5,0,0,0,0
62,98.4375,6,0,0,0,0
62,100.0,7,0,0,0,0
62,101.5625,8,0,0,0,0
62,103.125,9,0,0,0,0
62,104.6875,10,0,0,0,0
62,106.25,11,0,0,0,0
62,107.8125,12,0,0,0,0
62,109.375,13,0,0,0,0
62,110.9375,14,0,0,0,0
62,112.5,15,0,0,0,0
62,114.0625,0,0,0,0,0
62,115.625,1,0,0,0,0
62,117.1875,2,0,0,0,0
62,118.75,3,0,0,0,0
62,120.3125,4,0,0,0,0
62,121.875,5,0,0,0,0
62,123.4375,6,0,0,0,0
62,125.0,7,0,0,0,0
62,126.5625,8,0,0,0,0
62,128.125,9,0,0,0,0
62,129.6875,10,0,0,0,0
62,131.25,11,0,0,0,0
62,132.8125,12,0,0,0,0
62,134.375,13,0,0,0,0
62,135.9375,14,0,0,0,0
62,137.5,15,0,0,0,0
62,139.0625,0,0,0,0,0
62,140.625,1,0,0,0,0
62,142.1875,2,0,0,0,0
62,143.75,3,0,0,0,0
62,145.3125,4,0,0,0,0
62,146.875,5,0,0,0,0
62,148.4375,6,0,0,0,0
62,150.0,7,0,0,0,0
62,151.5625,8,0,0,0,0
62,153.125,9,0,0,0,0
62,154.6875,10,0,0,0,0
62,156.25,11,0,0,0,0
62,157.8125,12,0,0,0,0
62,159.375,13,0,0,0,0
62,160.9375,14,0,0,0,0
62,162.5,15,0,0,0,0
62,164.0625,0,0,0,0,0
62,165.625,1,0,0,0,0
62,167.1875,2,0,0,0,0
62,168.75,3,0,0,0,0
62,170.3125,4,0,0,0,0
62,171.875,5,0,0,0,0
62,173.4375,6,0,0,0,0
62,175.0,7,0,0,0,0
62,176.5625,8,0,0,0,0
62,178.125,9,0,0,0,0
62,179.6875,10,0,0,0,0
62,181.25,11,0,0,0,0
62,182.8125,12,0,0,0,0
62,184.375,13,0,0,0,0
62,185.9375,14,0,0,0,0
62,187.5,15,0,0,0,0
62,189.0625,0,0,0,0,0
62,190.625,1,0,0,0,0
62,192.1875,2,0,0,0,0
62,193.75,3,0,0,0,0
62,195.3125,4,0,0,0,0
62,196.875,5,0,0,0,0
62,198.4375,6,0,0,0,0
62,200.0,7,0,0,0,0
62,201.5625,8,0,0,0,0
62,203.125,9,0,0,0,0
62,204.6875,10,0,0,0,0
62,206.25,11,0,0,0,0
62,207.8125,12,0,0,0,0
62,209.375,13,0,0,0,0
62,210.9375,14,0,0,0,0
62,212.5,15,0,0,0,0
62,214.0625,0,0,0,0,0
62,215.625,1,0,0,0,0
62,217.1875,2,0,0,0,0
62,218.75,3,0,0,0,0
62,220.3125,4,0,0,0,0
62,221.875,5,0,0,0,0
62,223.4375,6,0,0,0,0
62,225.0,7,0,0,0,0
62,226.5625,8,0,0,0,0
62,228.125,9,0,0,0,0
62,229.6875,10,0,0,0,0
62,231.25,11,0,0,0,0
62,232.8125,12,0,0,0,0
62,234.375,13,0,0,0,0
62,235.9375,14,0,0,0,0
62,237.5,15,0,0,0,0
62,239.0625,0,0,0,0,0
62,240.625,1,0,0,0,0
62,242.1875,2,0,0,0,0
62,243.75,3,0,0,0,0
62,245.3125,4,0,0,0,0
62,246.875,5,0,0,0,0
62,248.4375,6,0,0,0,0
62,250.0,7,0,0,0,0
62,251.5625,8,0,0,0,0
62,253.125,9,0,0,0,0
62,254.6875,10,0,0,0,0
62,256.25,11,0,0,0,0
62,257.8125,12,0,0,0,0
62,259.375,13,0,0,0,0
62,260.9375,14,0,0,0,0
62,262.5,15,0,0,0,0
62,264.0625,0,0,0,0,0
62,265.625,1,0,0,0,0
62,267.1875,2,0,0,0,0
62,268.75,3,0,0,0,0
62,270.3125,4,0,0,0,0
62,271.875,5,0,0,0,0
62,273.4375,6,0,0,0,0
63,0.0,7,0,0,0,0
63,1.5625,8,0,0,0,0
63,3.125,9,0,0,0,0
63,4.6875,10,0,0,0,0
63,6.25,11,0,0,0,0
63,7.8125,12,0,0,0,0
63,9.375,13,0,0,0,0
63,10.9375,14,0,0,0,0
63,12.5,15,0,0,0,0
63,14.0625,0,0,0,0,0
63,15.625,1,0,0,0,0
63,17.1875,2,0,0,0,0
63,18.75,3,0,0,0,0
63,20.3125,4,0,0,0,0
63,21.875,5,0,0,0,0
63,23.4375,6,0,0,0,0
63,25.0,7,0,0,0,0
63,26.5625,8,0,0,0,0
63,28.125,9,0,0,0,0
63,29.6875,10,0,0,0,0
63,31.25,11,0,0,0,0
63,32.8125,12,0,0,0,0
63,34.375,13,0,0,0,0
63,35.9375,14,0,0,0,0
63,37.5,15,0,0,0,0
63,39.0625,0,0,0,0,0
63,40.625,1,0,0,0,0
63,42.1875,2,0,0,0,0
63,43.75,3,0,0,0,0
63,45.3125,4,0,0,0,0
63,46.875,5,0,0,0,0
63,48.4375,6,0,0,0,0
63,50.0,7,0,0,0,0
63,51.5625,8,0,0,0,0
63,53.125,9,0,0,0,0
63,54.6875,10,0,0,0,0
63,56.25,11,0,0,0,0
63,57.8125,12,0,0,0,0
63,59.375,13,0,0,0,0
63,60.9375,14,0,0,0,0
63,62.5,15,0,0,0,0
63,64.0625,0,0,0,0,0
63,65.625,1,0,0,0,0
63,67.1875,2,0,0,0,0
63,68.75,3,0,0,0,0
63,70.3125,4,0,0,0,0
63,71.875,5,0,0,0,0
63,73.4375,6,0,0,0,0
63,75.0,7,0,0,0,0
63,76.5625,8,0,0,0,0
63,78.125,9,0,0,0,0
63,79.6875,10,0,0,0,0
63,81.25,11,0,0,0,0
63,82.8125,12,0,0,0,0
63,84.375,13,0,0,0,0
63,85.9375,14,0,0,0,0
63,87.5,15,0,0,0,0
63,89.0625,0,0,0,0,0
63,90.625,1,0,0,0,0
63,92.1875,2,0,0,0,0
63,93.75,3,0,0,0,0
63,95.3125,4,0,0,0,0
63,96.875,5,0,0,0,0
63,98.4375,6,0,0,0,0
63,100.0,7,0,0,0,0
63,101.5625,8,0,0,0,0
63,103.125,9,0,0,0,0
63,104.6875,10,0,0,0,0
63,106.25,11,0,0,0,0
63,107.8125,12,0,0,0,0
63,109.375,13,0,0,0,0
63,110.9375,14,0,0,0,0
63,112.5,15,0,0,0,0
63,114.0625,0,0,0,0,0
63,115.625,1,0,0,0,0
63,117.1875,2,0,0,0,0
63,118.75,3,0,0,0,0
63,120.3125,4,0,0,0,0
63,121.875,5,0,0,0,0
63,123.4375,6,0,0,0,0
63,125.0,7,0,0,0,0
63,126.5625,8,0,0,0,0
63,128.125,9,0,0,0,0
63,129.6875,10,0,0,0,0
63,131.25,11,0,0,0,0
63,132.8125,12,0,0,0,0
63,134.375,13,0,0,0,0
63,135.9375,14,0,0,0,0
63,137.5,15,0,0,0,0
63,139.0625,0,0,0,0,0
63,140.625,1,0,0,0,0
63,142.1875,2,0,0,0,0
63,143.75,3,0,0,0,0
63,145.3125,4,0,0,0,0
63,146.875,5,0,0,0,0
63,148.4375,6,0,0,0,0
63,150.0,7,0,0,0,0
63,151.5625,8,0,0,0,0
63,153.125,9,0,0,0,0
63,154.6875,10,0,0,0,0
63,156.25,11,0,0,0,0
63,157.8125,12,0,0,0,0
63,159.375,13,0,0,0,0
63,160.9375,14,0,0,0,0
63,162.5,15,0,0,0,0
63,164.0625,0,0,0,0,0
63,165.625,1,0,0,0,0
63,167.1875,2,0,0,0,0
63,168.75,3,0,0,0,0
63,170.3125,4,0,0,0,0
63,171.875,5,0,0,0,0
63,173.4375,6,0,0,0,0
63,175.0,7,0,0,0,0
63,176.5625,8,0,0,0,0
63,178.125,9,0,0,0,0
63,179.6875,10,0,0,0,0
63,181.25,11,0,0,0,0
63,182.8125,12,0,0,0,0
63,184.375,13,0,0,0,0
63,185.9375,14,0,0,0,0
63,187.5,15,0,0,0,0
63,189.0625,0,0,0,0,0
63,190.625,1,0,0,0,0
63,192.1875,2,0,0,0,0
63,193.75,3,0,0,0,0
63,195.3125,4,0,0,0,0
63,196.875,5,0,0,0,0
63,198.4375,6,0,0,0,0
63,200.0,7,0,0,0,0
63,201.5625,8,0,0,0,0
63,203.125,9,0,0,0,0
63,204.6875,10,0,0,0,0
63,206.25,11,0,0,0,0
63,207.8125,12,0,0,0,0
63,209.375,13,0,0,0,0
63,210.9375,14,0,0,0,0
63,212.5,15,0,0,0,0
63,214.0625,0,0,0,0,0
63,215.625,1,0,0,0,0
63,217.1875,2,0,0,0,0
63,218.75,3,0,0,0,0
63,220.3125,4,0,0,0,0
63,221.875,5,0,0,0,0
63,223.4375,6,0,0,0,0
63,225.0,7,0,0,0,0
63,226.5625,8,0,0,0,0
63,228.125,9,0,0,0,0
63,229.6875,10,0,0,0,0
63,231.25,11,0,0,0,0
63,232.8125,12,0,0,0,0
63,234.375,13,0,0,0,0
63,235.9375,14,0,0,0,0
63,237.5,15,0,0,0,0
63,239.0625,0,0,0,0,0
63,240.625,1,0,0,0,0
63,242.1875,2,0,0,0,0
63,243.75,3,0,0,0,0
63,245.3125,4,0,0,0,0
63,246.875,5,0,0,0,0
63,248.4375,6,0,0,0,0
63,250.0,7,0,0,0,0
63,251.5625,8,0,0,0,0
63,253.125,9,0,0,0,0
63,254.6875,10,0,0,0,0
63,256.25,11,0,0,0,0
63,257.8125,12,0,0,0,0
63,259.375,13,0,0,0,0
63,260.9375,14,0,0,0,0
63,262.5,15,0,0,0,0
63,264.0625,0,0,0,0,0
63,265.625,1,0,0,0,0
63,267.1875,2,0,0,0,0
63,268.75,3,0,0,0,0
63,270.3125,4,0,0,0,0
63,271.875,5,0,0,0,0
63,273.4375,6,0,0,0,0
64,0.0,7,0,0,0,0
64,1.5625,8,0,0,0,0
64,3.125,9,0,0,0,0
64,4.6875,10,0,0,0,0
64,6.25,11,0,0,0,0
64,7.8125,12,0,0,0,0
64,9.375,13,0,0,0,0
64,10.9375,14,0,0,0,0
64,12.5,15,0,0,0,0
64,14.0625,0,0,0,0,0
64,15.625,1,0,0,0,0
64,17.1875,2,0,0,0,0
64,18.75,3,0,0,0,0
64,20.3125,4,0,0,0,0
64,21.875,5,0,0,0,0
64,23.4375,6,0,0,0,0
64,25.0,7,0,0,0,0
64,26.5625,8,0,0,0,0
64,28.125,9,0,0,0,0
64,29.6875,10,0,0,0,0
64,31.25,11,0,0,0,0
64,32.8125,12,0,0,0,0
64,34.375,13,0,0,0,0
64,35.9375,14,0,0,0,0
64,37.5,15,0,0,0,0
64,39.0625,0,0,0,0,0
64,40.625,1,0,0,0,0
64,42.1875,2,0,0,0,0
64,43.75,3,0,0,0,0
64,45.3125,4,0,0,0,0
64,46.875,5,0,0,0,0
64,48.4375,6,0,0,0,0
64,50.0,7,0,0,0,0
64,51.5625,8,0,0,0,0
64,53.125,9,0,0,0,0
64,54.6875,10,0,0,0,0
64,56.25,11,0,0,0,0
64,57.8125,12,0,0,0,0
64,59.375,13,0,0,0,0
64,60.9375,14,0,0,0,0
64,62.5,15,0,0,0,0
64,64.0625,0,0,0,0,0
64,65.625,1,0,0,0,0
64,67.1875,2,0,0,0,0
64,68.75,3,0,0,0,0
64,70.3125,4,0,0,0,0
64,71.875,5,0,0,0,0
64,73.4375,6,0,0,0,0
64,75.0,7,0,0,0,0
64,76.5625,8,0,0,0,0
64,78.125,9,0,0,0,0
64,79.6875,10,0,0,0,0
64,81.25,11,0,0,0,0
64,82.8125,12,0,0,0,0
64,84.375,13,0,0,0,0
64,85.9375,14,0,0,0,0
64,87.5,15,0,0,0,0
64,89.0625,0,0,0,0,0
64,90.625,1,0,0,0,0
64,92.1875,2,0,0,0,0
64,93.75,3,0,0,0,0
64,95.3125,4,0,0,0,0
64,96.875,5,0,0,0,0
64,98.4375,6,0,0,0,0
64,100.0,7,0,0,0,0
64,101.5625,8,0,0,0,0
64,103.125,9,0,0,0,0
64,104.6875,10,0,0,0,0
64,106.25,11,0,0,0,0
64,107.8125,12,0,0,0,0
64,109.375,13,0,0,0,0
64,110.9375,14,0,0,0,0
64,112.5,15,0,0,0,0
64,114.0625,0,0,0,0,0
64,115.625,1,0,0,0,0
64,117.1875,2,0,0,0,0
64,118.75,3,0,0,0,0
64,120.3125,4,0,0,0,0
64,121.875,5,0,0,0,0
64,123.4375,6,0,0,0,0
64,125.0,7,0,0,0,0
64,126.5625,8,0,0,0,0
64,128.125,9,0,0,0,0
64,129.6875,10,0,0,0,0
64,131.25,11,0,0,0,0
64,132.8125,12,0,0,0,0
64,134.375,13,0,0,0,0
64,135.9375,14,0,0,0,0
64,137.5,15,0,0,0,0
64,139.0625,0,0,0,0,0
64,140.625,1,0,0,0,0
64,142.1875,2,0,0,0,0
64,143.75,3,0,0,0,0
64,145.3125,4,0,0,0,0
64,146.875,5,0,0,0,0
64,148.4375,6,0,0,0,0
64,150.0,7,0,0,0,0
64,151.5625,8,0,0,0,0
64,153.125,9,0,0,0,0
64,154.6875,10,0,0,0,0
64,156.25,11,0,0,0,0
64,157.8125,12,0,0,0,0
64,159.375,13,0,0,0,0
64,160.9375,14,0,0,0,0
64,162.5,15,0,0,0,0
64,164.0625,0,0,0,0,0
64,165.625,1,0,0,0,0
64,167.1875,2,0,0,0,0
64,168.75,3,0,0,0,0
64,170.3125,4,0,0,0,0
64,171.875,5,0,0,0,0
64,173.4375,6,0,0,0,0
64,175.0,7,0,0,0,0
64,176.5625,8,0,0,0,0
64,178.125,9,0,0,0,0
64,179.6875,10,0,0,0,0
64,181.25,11,0,0,0,0
64,182.8125,12,0,0,0,0
64,184.375,13,0,0,0,0
64,185.9375,14,0,0,0,0
64,187.5,15,0,0,0,0
64,189.0625,0,0,0,0,0
64,190.625,1,0,0,0,0
64,192.1875,2,0,0,0,0
64,193.75,3,0,0,0,0
64,195.3125,4,0,0,0,0
64,196.875,5,0,0,0,0
64,198.4375,6,0,0,0,0
64,200.0,7,0,0,0,0
64,201.5625,8,0,0,0,0
64,203.125,9,0,0,0,0
64,204.6875,10,0,0,0,0
64,206.25,11,0,0,0,0
64,207.8125,12,0,0,0,0
64,209.375,13,0,0,0,0
64,210.9375,14,0,0,0,0
64,212.5,15,0,0,0,0
64,214.0625,0,0,0,0,0
64,215.625,1,0,0,0,0
64,217.1875,2,0,0,0,0
64,218.75,3,0,0,0,0
64,220.3125,4,0,0,0,0
64,221.875,5,0,0,0,0
64,223.4375,6,0,0,0,0
64,225.0,7,0,0,0,0
64,226.5625,8,0,0,0,0
64,228.125,9,0,0,0,0
64,229.6875,10,0,0,0,0
64,231.25,11,0,0,0,0
64,232.8125,12,0,0,0,0
64,234.375,13,0,0,0,0
64,235.9375,14,0,0,0,0
64,237.5,15,0,0,0,0
64,239.0625,0,0,0,0,0
64,240.625,1,0,0,0,0
64,242.1875,2,0,0,0,0
64,243.75,3,0,0,0,0
64,245.3125,4,0,0,0,0
64,246.875,5,0,0,0,0
64,248.4375,6,0,0,0,0
64,250.0,7,0,0,0,0
64,251.5625,8,0,0,0,0
64,253.125,9,0,0,0,0
64,254.6875,10,0,0,0,0
64,256.25,11,0,0,0,0
64,257.8125,12,0,0,0,0
64,259.375,13,0,0,0,0
64,260.9375,14,0,0,0,0
64,262.5,15,0,0,0,0
64,264.0625,0,0,0,0,0
64,265.625,1,0,0,0,0
64,267.1875,2,0,0,0,0
64,268.75,3,0,0,0,0
64,270.3125,4,0,0,0,0
64,271.875,5,0,0,0,0
64,273.4375,6,0,0,0,0
65,0.0,7,0,0,0,0
65,1.5625,8,0,0,0,0
65,3.125,9,0,0,0,0
65,4.6875,10,0,0,0,0
65,6.25,11,0,0,0,0
65,7.8125,12,0,0,0,0
65,9.375,13,0,0,0,0
65,10.9375,14,0,0,0,0
65,12.5,15,0,0,0,0
65,14.0625,0,0,0,0,0
65,15.625,1,0,0,0,0
65,17.1875,2,0,0,0,0
65,18.75,3,0,0,0,0
65,20.3125,4,0,0,0,0
65,21.875,5,0,0,0,0
65,23.4375,6,0,0,0,0
65,25.0,7,0,0,0,0
65,26.5625,8,0,0,0,0
65,28.125,9,0,0,0,0
65,29.6875,10,0,0,0,0
65,31.25,11,0,0,0,0
65,32.8125,12,0,0,0,0
65,34.375,13,0,0,0,0
65,35.9375,14,0,0,0,0
65,37.5,15,0,0,0,0
65,39.0625,0,0,0,0,0
65,40.625,1,0,0,0,0
65,42.1875,2,0,0,0,0
65,43.75,3,0,0,0,0
65,45.3125,4,0,0,0,0
65,46.875,5,0,0,0,0
65,48.4375,6,0,0,0,0
65,50.0,7,0,0,0,0
65,51.5625,8,0,0,0,0
65,53.125,9,0,0,0,0
65,54.6875,10,0,0,0,0
65,56.25,11,0,0,0,0
65,57.8125,12,0,0,0,0
65,59.375,13,0,0,0,0
65,60.9375,14,0,0,0,0
65,62.5,15,0,0,0,0
65,64.0625,0,0,0,0,0
65,65.625,1,0,0,0,0
65,67.1875,2,0,0,0,0
65,68.75,3,0,0,0,0
65,70.3125,4,0,0,0,0
65,71.875,5,0,0,0,0
65,73.4375,6,0,0,0,0
65,75.0,7,0,0,0,0
65,76.5625,8,0,0,0,0
65,78.125,9,0,0,0,0
65,79.6875,10,0,0,0,0
65,81.25,11,0,0,0,0
65,82.8125,12,0,0,0,0
65,84.375,13,0,0,0,0
65,85.9375,14,0,0,0,0
65,87.5,15,0,0,0,0
65,89.0625,0,0,0,0,0
65,90.625,1,0,0,0,0
65,92.1875,2,0,0,0,0
65,93.75,3,0,0,0,0
65,95.3125,4,0,0,0,0
65,96.875,5,0,0,0,0
65,98.4375,6,0,0,0,0
65,100.0,7,0,0,0,0
65,101.5625,8,0,0,0,0
65,103.125,9,0,0,0,0
65,104.6875,10,0,0,0,0
65,106.25,11,0,0,0,0
65,107.8125,12,0,0,0,0
65,109.375,13,0,0,0,0
65,110.9375,14,0,0,0,0
65,112.5,15,0,0,0,0
65,114.0625,0,0,0,0,0
65,115.625,1,0,0,0,0
65,117.1875,2,0,0,0,0
65,118.75,3,0,0,0,0
65,120.3125,4,0,0,0,0
65,121.875,5,0,0,0,0
65,123.4375,6,0,0,0,0
65,125.0,7,0,0,0,0
65,126.5625,8,0,0,0,0
65,128.125,9,0,0,0,0
65,129.6875,10,0,0,0,0
65,131.25,11,0,0,0,0
65,132.8125,12,0,0,0,0
65,134.375,13,0,0,0,0
65,135.9375,14,0,0,0,0
65,137.5,15,0,0,0,0
65,139.0625,0,0,0,0,0
65,140.625,1,0,0,0,0
65,142.1875,2,0,0,0,0
65,143.75,3,0,0,0,0
65,145.3125,4,0,0,0,0
65,146.875,5,0,0,0,0
65,148.4375,6,0,0,0,0
65,150.0,7,0,0,0,0
65,151.5625,8,0,0,0,0
65,153.125,9,0,0,0,0
65,154.6875,10,0,0,0,0
65,156.25,11,0,0,0,0
65,157.8125,12,0,0,0,0
65,159.375,13,0,0,0,0
65,160.9375,14,0,0,0,0
65,162.5,15,0,0,0,0
65,164.0625,0,0,0,0,0
65,165.625,1,0,0,0,0
65,167.1875,2,0,0,0,0
65,168.75,3,0,0,0,0
65,170.3125,4,0,0,0,0
65,171.875,5,0,0,0,0
65,173.4375,6,0,0,0,0
65,175.0,7,0,0,0,0
65,176.5625,8,0,0,0,0
65,178.125,9,0,0,0,0
65,179.6875,10,0,0,0,0
65,181.25,11,0,0,0,0
65,182.8125,12,0,0,0,0
65,184.375,13,0,0,0,0
65,185.9375,14,0,0,0,0
65,187.5,15,0,0,0,0
65,189.0625,0,0,0,0,0
65,190.625,1,0,0,0,0
65,192.1875,2,0,0,0,0
65,193.75,3,0,0,0,0
65,195.3125,4,0,0,0,0
65,196.875,5,0,0,0,0
65,198.4375,6,0,0,0,0
65,200.0,7,0,0,0,0
65,201.5625,8,0,0,0,0
65,203.125,9,0,0,0,0
65,204.6875,10,0,0,0,0
65,206.25,11,0,0,0,0
65,207.8125,12,0,0,0,0
65,209.375,13,0,0,0,0
65,210.9375,14,0,0,0,0
65,212.5,15,0,0,0,0
65,214.0625,0,0,0,0,0
65,215.625,1,0,0,0,0
65,217.1875,2,0,0,0,0
65,218.75,3,0,0,0,0
65,220.3125,4,0,0,0,0
65,221.875,5,0,0,0,0
65,223.4375,6,0,0,0,0
65,225.0,7,0,0,0,0
65,226.5625,8,0,0,0,0
65,228.125,9,0,0,0,0
65,229.6875,10,0,0,0,0
65,231.25,11,0,0,0,0
65,232.8125,12,0,0,0,0
65,234.375,13,0,0,0,0
65,235.9375,14,0,0,0,0
65,237.5,15,0,0,0,0
65,239.0625,0,0,0,0,0
65,240.625,1,0,0,0,0
65,242.1875,2,0,0,0,0
65,243.75,3,0,0,0,0
65,245.3125,4,0,0,0,0
65,246.875,5,0,0,0,0
65,248.4375,6,0,0,0,0
65,250.0,7,0,0,0,0
65,251.5625,8,0,0,0,0
65,253.125,9,0,0,0,0
65,254.6875,10,0,0,0,0
65,256.25,11,0,0,0,0
65,257.8125,12,0,0,0,0
65,259.375,13,0,0,0,0
65,260.9375,14,0,0,0,0
65,262.5,15,0,0,0,0
65,264.0625,0,0,0,0,0
65,265.625,1,0,0,0,0
65,267.1875,2,0,0,0,0
65,268.75,3,0,0,0,0
65,270.3125,4,0,0,0,0
65,271.875,5,0,0,0,0
65,273.4375,6,0,0,0,0
66,0.0,7,0,0,0,0
66,1.5625,8,0,0,0,0
66,3.125,9,0,0,0,0
66,4.6875,10,0,0,0,0
66,6.25,11,0,0,0,0
66,7.8125,12,0,0,0,0
66,9.375,13,0,0,0,0
66,10.9375,14,0,0,0,0
66,12.5,15,0,0,0,0
66,14.0625,0,0,0,0,0
66,15.625,1,0,0,0,0
66,17.1875,2,0,0,0,0
66,18.75,3,0,0,0,0
66,20.3125,4,0,0,0,0
66,21.875,5,0,0,0,0
66,23.4375,6,0,0,0,0
66,25.0,7,0,0,0,0
66,26.5625,8,0,0,0,0
66,28.125,9,0,0,0,0
66,29.6875,10,0,0,0,0
66,31.25,11,0,0,0,0
66,32.8125,12,0,0,0,0
66,34.375,13,0,0,0,0
66,35.9375,14,0,0,0,0
66,37.5,15,0,0,0,0
66,39.0625,0,0,0,0,0
66,40.625,1,0,0,0,0
66,42.1875,2,0,0,0,0
66,43.75,3,0,0,0,0
66,45.3125,4,0,0,0,0
66,46.875,5,0,0,0,0
66,48.4375,6,0,0,0,0
66,50.0,7,0,0,0,0
66,51.5625,8,0,0,0,0
66,53.125,9,0,0,0,0
66,54.6875,10,0,0,0,0
66,56.25,11,0,0,0,0
66,57.8125,12,0,0,0,0
66,59.375,13,0,0,0,0
66,60.9375,14,0,0,0,0
66,62.5,15,0,0,0,0
66,64.0625,0,0,0,0,0
66,65.625,1,0,0,0,0
66,67.1875,2,0,0,0,0
66,68.75,3,0,0,0,0
66,70.3125,4,0,0,0,0
66,71.875,5,0,0,0,0
66,73.4375,6,0,0,0,0
66,75.0,7,0,0,0,0
66,76.5625,8,0,0,0,0
66,78.125,9,0,0,0,0
66,79.6875,10,0,0,0,0
66,81.25,11,0,0,0,0
66,82.8125,12,0,0,0,0
66,84.375,13,0,0,0,0
66,85.9375,14,0,0,0,0
66,87.5,15,0,0,0,0
66,89.0625,0,0,0,0,0
66,90.625,1,0,0,0,0
66,92.1875,2,0,0,0,0
66,93.75,3,0,0,0,0
66,95.3125,4,0,0,0,0
66,96.875,5,0,0,0,0
66,98.4375,6,0,0,0,0
66,100.0,7,0,0,0,0
66,101.5625,8,0,0,0,0
66,103.125,9,0,0,0,0
66,104.6875,10,0,0,0,0
66,106.25,11,0,0,0,0
66,107.8125,12,0,0,0,0
66,109.375,13,0,0,0,0
66,110.9375,14,0,0,0,0
66,112.5,15,0,0,0,0
66,114.0625,0,0,0,0,0
66,115.625,1,0,0,0,0
66,117.1875,2,0,0,0,0
66,118.75,3,0,0,0,0
66,120.3125,4,0,0,0,0
66,121.875,5,0,0,0,0
66,123.4375,6,0,0,0,0
66,125.0,7,0,0,0,0
66,126.5625,8,0,0,0,0
66,128.125,9,0,0,0,0
66,129.6875,10,0,0,0,0
66,131.25,11,0,0,0,0
66,132.8125,12,0,0,0,0
66,134.375,13,0,0,0,0
66,135.9375,14,0,0,0,0
66,137.5,15,0,0,0,0
66,139.0625,0,0,0,0,0
66,140.625,1,0,0,0,0
66,142.1875,2,0,0,0,0
66,143.75,3,0,0,0,0
66,145.3125,4,0,0,0,0
66,146.875,5,0,0,0,0
66,148.4375,6,0,0,0,0
66,150.0,7,0,0,0,0
66,151.5625,8,0,0,0,0
66,153.125,9,0,0,0,0
66,154.6875,10,0,0,0,0
66,156.25,11,0,0,0,0
66,157.8125,12,0,0,0,0
66,159.375,13,0,0,0,0
66,160.9375,14,0,0,0,0
66,162.5,15,0,0,0,0
66,164.0625,0,0,0,0,0
66,165.625,1,0,0,0,0
66,167.1875,2,0,0,0,0
66,168.75,3,0,0,0,0
66,170.3125,4,0,0,0,0
66,171.875,5,0,0,0,0
66,173.4375,6,0,0,0,0
66,175.0,7,0,0,0,0
66,176.5625,8,0,0,0,0
66,178.125,9,0,0,0,0
66,179.6875,10,0,0,0,0
66,181.25,11,0,0,0,0
66,182.8125,12,0,0,0,0
66,184.375,13,0,0,0,0
66,185.9375,14,0,0,0,0
66,187.5,15,0,0,0,0
66,189.0625,0,0,0,0,0
66,190.625,1,0,0,0,0
66,192.1875,2,0,0,0,0
66,193.75,3,0,0,0,0
66,195.3125,4,0,0,0,0
66,196.875,5,0,0,0,0
66,198.4375,6,0,0,0,0
66,200.0,7,0,0,0,0
66,201.5625,8,0,0,0,0
66,203.125,9,0,0,0,0
66,204.6875,10,0,0,0,0
66,206.25,11,0,0,0,0
66,207.8125,12,0,0,0,0
66,209.375,13,0,0,0,0
66,210.9375,14,0,0,0,0
66,212.5,15,0,0,0,0
66,214.0625,0,0,0,0,0
66,215.625,1,0,0,0,0
66,217.1875,2,0,0,0,0
66,218.75,3,0,0,0,0
66,220.3125,4,0,0,0,0
66,221.875,5,0,0,0,0
66,223.4375,6,0,0,0,0
66,225.0,7,0,0,0,0
66,226.5625,8,0,0,0,0
66,228.125,9,0,0,0,0
66,229.6875,10,0,0,0,0
66,231.25,11,0,0,0,0
66,232.8125,12,0,0,0,0
66,234.375,13,0,0,0,0
66,235.9375,14,0,0,0,0
66,237.5,15,0,0,0,0
66,239.0625,0,0,0,0,0
66,240.625,1,0,0,0,0
66,242.1875,2,0,0,0,0
66,243.75,3,0,0,0,0
66,245.3125,4,0,0,0,0
66,246.875,5,0,0,0,0
66,248.4375,6,0,0,0,0
66,250.0,7,0,0,0,0
66,251.5625,8,0,0,0,0
66,253.125,9,0,0,0,0
66,254.6875,10,0,0,0,0
66,256.25,11,0,0,0,0
66,257.8125,12,0,0,0,0
66,259.375,13,0,0,0,0
66,260.9375,14,0,0,0,0
66,262.5,15,0,0,0,0
66,264.0625,0,0,0,0,0
66,265.625,1,0,0,0,0
66,267.1875,2,0,0,0,0
66,268.75,3,0,0,0,0
66,270.3125,4,0,0,0,0
66,271.875,5,0,0,0,0
66,273.4375,6,0,0,0,0
67,0.0,7,0,0,0,0
67,1.5625,8,0,0,0,0
67,3.125,9,0,0,0,0
67,4.6875,10,0,0,0,0
67,6.25,11,0,0,0,0
67,7.8125,12,0,0,0,0
67,9.375,13,0,0,0,0
67,10.9375,14,0,0,0,0
67,12.5,15,0,0,0,0
67,14.0625,0,0,0,0,0
67,15.625,1,0,0,0,0
67,17.1875,2,0,0,0,0
67,18.75,3,0,0,0,0
67,20.3125,4,0,0,0,0
67,21.875,5,0,0,0,0
67,23.4375,6,0,0,0,0
67,25.0,7,0,0,0,0
67,26.5625,8,0,0,0,0
67,28.125,9,0,0,0,0
67,29.6875,10,0,0,0,0
67,31.25,11,0,0,0,0
67,32.8125,12,0,0,0,0
67,34.375,13,0,0,0,0
67,35.9375,14,0,0,0,0
67,37.5,15,0,0,0,0
67,39.0625,0,0,0,0,0
67,40.625,1,0,0,0,0
67,42.1875,2,0,0,0,0
67,43.75,3,0,0,0,0
67,45.3125,4,0,0,0,0
67,46.875,5,0,0,0,0
67,48.4375,6,0,0,0,0
67,50.0,7,0,0,0,0
67,51.5625,8,0,0,0,0
67,53.125,9,0,0,0,0
67,54.6875,10,0,0,0,0
67,56.25,11,0,0,0,0
67,57.8125,12,0,0,0,0
67,59.375,13,0,0,0,0
67,60.9375,14,0,0,0,0
67,62.5,15,0,0,0,0
67,64.0625,0,0,0,0,0
67,65.625,1,0,0,0,0
67,67.1875,2,0,0,0,0
67,68.75,3,0,0,0,0
67,70.3125,4,0,0,0,0
67,71.875,5,0,0,0,0
67,73.4375,6,0,0,0,0
67,75.0,7,0,0,0,0
67,76.5625,8,0,0,0,0
67,78.125,9,0,0,0,0
67,79.6875,10,0,0,0,0
67,81.25,11,0,0,0,0
67,82.8125,12,0,0,0,0
67,84.375,13,0,0,0,0
67,85.9375,14,0,0,0,0
67,87.5,15,0,0,0,0
67,89.0625,0,0,0,0,0
67,90.625,1,0,0,0,0
67,92.1875,2,0,0,0,0
67,93.75,3,0,0,0,0
67,95.3125,4,0,0,0,0
67,96.875,5,0,0,0,0
67,98.4375,6,0,0,0,0
67,100.0,7,0,0,0,0
67,101.5625,8,0,0,0,0
67,103.125,9,0,0,0,0
67,104.6875,10,0,0,0,0
67,106.25,11,0,0,0,0
67,107.8125,12,0,0,0,0
67,109.375,13,0,0,0,0
67,110.9375,14,0,0,0,0
67,112.5,15,0,0,0,0
67,114.0625,0,0,0,0,0
67,115.625,1,0,0,0,0
67,117.1875,2,0,0,0,0
67,118.75,3,0,0,0,0
67,120.3125,4,0,0,0,0
67,121.875,5,0,0,0,0
67,123.4375,6,0,0,0,0
67,125.0,7,0,0,0,0
67,126.5625,8,0,0,0,0
67,128.125,9,0,0,0,0
67,129.6875,10,0,0,0,0
67,131.25,11,0,0,0,0
67,132.8125,12,0,0,0,0
67,134.375,13,0,0,0,0
67,135.9375,14,0,0,0,0
67,137.5,15,0,0,0,0
67,139.0625,0,0,0,0,0
67,140.625,1,0,0,0,0
67,142.1875,2,0,0,0,0
67,143.75,3,0,0,0,0
67,145.3125,4,0,0,0,0
67,146.875,5,0,0,0,0
67,148.4375,6,0,0,0,0
67,150.0,7,0,0,0,0
67,151.5625,8,0,0,0,0
67,153.125,9,0,0,0,0
67,154.6875,10,0,0,0,0
67,156.25,11,0,0,0,0
67,157.8125,12,0,0,0,0
67,159.375,13,0,0,0,0
67,160.9375,14,0,0,0,0
67,162.5,15,0,0,0,0
67,164.0625,0,0,0,0,0
67,165.625,1,0,0,0,0
67,167.1875,2,0,0,0,0
67,168.75,3,0,0,0,0
67,170.3125,4,0,0,0,0
67,171.875,5,0,0,0,0
67,173.4375,6,0,0,0,0
67,175.0,7,0,0,0,0
67,176.5625,8,0,0,0,0
67,178.125,9,0,0,0,0
67,179.6875,10,0,0,0,0
67,181.25,11,0,0,0,0
67,182.8125,12,0,0,0,0
67,184.375,13,0,0,0,0
67,185.9375,14,0,0,0,0
67,187.5,15,0,0,0,0
67,189.0625,0,0,0,0,0
67,190.625,1,0,0,0,0
67,192.1875,2,0,0,0,0
67,193.75,3,0,0,0,0
67,195.3125,4,0,0,0,0
67,196.875,5,0,0,0,0
67,198.4375,6,0,0,0,0
67,200.0,7,0,0,0,0
67,201.5625,8,0,0,0,0
67,203.125,9,0,0,0,0
67,204.6875,10,0,0,0,0
67,206.25,11,0,0,0,0
67,207.8125,12,0,0,0,0
67,209.375,13,0,0,0,0
67,210.9375,14,0,0,0,0
67,212.5,15,0,0,0,0
67,214.0625,0,0,0,0,0
67,215.625,1,0,0,0,0
67,217.1875,2,0,0,0,0
67,218.75,3,0,0,0,0
67,220.3125,4,0,0,0,0
67,221.875,5,0,0,0,0
67,223.4375,6,0,0,0,0
67,225.0,7,0,0,0,0
67,226.5625,8,0,0,0,0
67,228.125,9,0,0,0,0
67,229.6875,10,0,0,0,0
67,231.25,11,0,0,0,0
67,232.8125,12,0,0,0,0
67,234.375,13,0,0,0,0
67,235.9375,14,0,0,0,0
67,237.5,15,0,0,0,0
67,239.0625,0,0,0,0,0
67,240.625,1,0,0,0,0
67,242.1875,2,0,0,0,0
67,243.75,3,0,0,0,0
67,245.3125,4,0,0,0,0
67,246.875,5,0,0,0,0
67,248.4375,6,0,0,0,0
67,250.0,7,0,0,0,0
67,251.5625,8,0,0,0,0
67,253.125,9,0,0,0,0
67,254.6875,10,0,0,0,0
67,256.25,11,0,0,0,0
67,257.8125,12,0,0,0,0
67,259.375,13,0,0,0,0
67,260.9375,14,0,0,0,0
67,262.5,15,0,0,0,0
67,264.0625,0,0,0,0,0
67,265.625,1,0,0,0,0
67,267.1875,2,0,0,0,0
67,268.75,3,0,0,0,0
67,270.3125,4,0,0,0,0
67,271.875,5,0,0,0,0
67,273.4375,6,0,0,0,0
68,0.0,7,0,0,0,0
68,1.5625,8,0,0,0,0
68,3.125,9,0,0,0,0
68,4.6875,10,0,0,0,0
68,6.25,11,0,0,0,0
68,7.8125,12,0,0,0,0
68,9.375,13,0,0,0,0
68,10.9375,14,0,0,0,0
68,12.5,15,0,0,0,0
68,14.0625,0,0,0,0,0
68,15.625,1,0,0,0,0
68,17.1875,2,0,0,0,0
68,18.75,3,0,0,0,0
68,20.3125,4,0,0,0,0
68,21.875,5,0,0,0,0
68,23.4375,6,0,0,0,0
68,25.0,7,0,0,0,0
68,26.5625,8,0,0,0,0
68,28.125,9,0,0,0,0
68,29.6875,10,0,0,0,0
68,31.25,11,0,0,0,0
68,32.8125,12,0,0,0,0
68,34.375,13,0,0,0,0
68,35.9375,14,0,0,0,0
68,37.5,15,0,0,0,0
68,39.0625,0,0,0,0,0
68,40.625,1,0,0,0,0
68,42.1875,2,0,0,0,0
68,43.75,3,0,0,0,0
68,45.3125,4,0,0,0,0
68,46.875,5,0,0,0,0
68,48.4375,6,0,0,0,0
68,50.0,7,0,0,0,0
68,51.5625,8,0,0,0,0
68,53.125,9,0,0,0,0
68,54.6875,10,0,0,0,0
68,56.25,11,0,0,0,0
68,57.8125,12,0,0,0,0
68,59.375,13,0,0,0,0
68,60.9375,14,0,0,0,0
68,62.5,15,0,0,0,0
68,64.0625,0,0,0,0,0
68,65.625,1,0,0,0,0
68,67.1875,2,0,0,0,0
68,68.75,3,0,0,0,0
68,70.3125,4,0,0,0,0
68,71.875,5,0,0,0,0
68,73.4375,6,0,0,0,0
68,75.0,7,0,0,0,0
68,76.5625,8,0,0,0,0
68,78.125,9,0,0,0,0
68,79.6875,10,0,0,0,0
68,81.25,11,0,0,0,0
68,82.8125,12,0,0,0,0
68,84.375,13,0,0,0,0
68,85.9375,14,0,0,0,0
68,87.5,15,0,0,0,0
68,89.0625,0,0,0,0,0
68,90.625,1,0,0,0,0
68,92.1875,2,0,0,0,0
68,93.75,3,0,0,0,0
68,95.3125,4,0,0,0,0
68,96.875,5,0,0,0,0
68,98.4375,6,0,0,0,0
68,100.0,7,0,0,0,0
68,101.5625,8,0,0,0,0
68,103.125,9,0,0,0,0
68,104.6875,10,0,0,0,0
68,106.25,11,0,0,0,0
68,107.8125,12,0,0,0,0
68,109.375,13,0,0,0,0
68,110.9375,14,0,0,0,0
68,112.5,15,0,0,0,0
68,114.0625,0,0,0,0,0
68,115.625,1,0,0,0,0
68,117.1875,2,0,0,0,0
68,118.75,3,0,0,0,0
68,120.3125,4,0,0,0,0
68,121.875,5,0,0,0,0
68,123.4375,6,0,0,0,0
68,125.0,7,0,0,0,0
68,126.5625,8,0,0,0,0
68,128.125,9,0,0,0,0
68,129.6875,10,0,0,0,0
68,131.25,11,0,0,0,0
68,132.8125,12,0,0,0,0
68,134.375,13,0,0,0,0
68,135.9375,14,0,0,0,0
68,137.5,15,0,0,0,0
68,139.0625,0,0,0,0,0
68,140.625,1,0,0,0,0
68,142.1875,2,0,0,0,0
68,143.75,3,0,0,0,0
68,145.3125,4,0,0,0,0
68,146.875,5,0,0,0,0
68,148.4375,6,0,0,0,0
68,150.0,7,0,0,0,0
68,151.5625,8,0,0,0,0
68,153.125,9,0,0,0,0
68,154.6875,10,0,0,0,0
68,156.25,11,0,0,0,0
68,157.8125,12,0,0,0,0
68,159.375,13,0,0,0,0
68,160.9375,14,0,0,0,0
68,162.5,15,0,0,0,0
68,164.0625,0,0,0,0,0
68,165.625,1,0,0,0,0
68,167.1875,2,0,0,0,0
68,168.75,3,0,0,0,0
68,170.3125,4,0,0,0,0
68,171.875,5,0,0,0,0
68,173.4375,6,0,0,0,0
68,175.0,7,0,0,0,0
68,176.5625,8,0,0,0,0
68,178.125,9,0,0,0,0
68,179.6875,10,0,0,0,0
68,181.25,11,0,0,0,0
68,182.8125,12,0,0,0,0
68,184.375,13,0,0,0,0
68,185.9375,14,0,0,0,0
68,187.5,15,0,0,0,0
68,189.0625,0,0,0,0,0
68,190.625,1,0,0,0,0
68,192.1875,2,0,0,0,0
68,193.75,3,0,0,0,0
68,195.3125,4,0,0,0,0
68,196.875,5,0,0,0,0
68,198.4375,6,0,0,0,0
68,200.0,7,0,0,0,0
68,201.5625,8,0,0,0,0
68,203.125,9,0,0,0,0
68,204.6875,10,0,0,0,0
68,206.25,11,0,0,0,0
68,207.8125,12,0,0,0,0
68,209.375,13,0,0,0,0
68,210.9375,14,0,0,0,0
68,212.5,15,0,0,0,0
68,214.0625,0,0,0,0,0
68,215.625,1,0,0,0,0
68,217.1875,2,0,0,0,0
68,218.75,3,0,0,0,0
68,220.3125,4,0,0,0,0
68,221.875,5,0,0,0,0
68,223.4375,6,0,0,0,0
68,225.0,7,0,0,0,0
68,226.5625,8,0,0,0,0
68,228.125,9,0,0,0,0
68,229.6875,10,0,0,0,0
68,231.25,11,0,0,0,0
68,232.8125,12,0,0,0,0
68,234.375,13,0,0,0,0
68,235.9375,14,0,0,0,0
68,237.5,15,0,0,0,0
68,239.0625,0,0,0,0,0
68,240.625,1,0,0,0,0
68,242.1875,2,0,0,0,0
68,243.75,3,0,0,0,0
68,245.3125,4,0,0,0,0
68,246.875,5,0,0,0,0
68,248.4375,6,0,0,0,0
68,250.0,7,0,0,0,0
68,251.5625,8,0,0,0,0
68,253.125,9,0,0,0,0
68,254.6875,10,0,0,0,0
68,256.25,11,0,0,0,0
68,257.8125,12,0,0,0,0
68,259.375,13,0,0,0,0
68,260.9375,14,0,0,0,0
68,262.5,15,0,0,0,0
68,264.0625,0,0,0,0,0
68,265.625,1,0,0,0,0
68,267.1875,2,0,0,0,0
68,268.75,3,0,0,0,0
68,270.3125,4,0,0,0,0
68,271.875,5,0,0,0,0
68,273.4375,6,0,0,0,0
69,0.0,7,0,0,0,0
69,1.5625,8,0,0,0,0
69,3.125,9,0,0,0,0
69,4.6875,10,0,0,0,0
69,6.25,11,0,0,0,0
69,7.8125,12,0,0,0,0
69,9.375,13,0,0,0,0
69,10.9375,14,0,0,0,0
69,12.5,15,0,0,0,0
69,14.0625,0,0,0,0,0
69,15.625,1,0,0,0,0
69,17.1875,2,0,0,0,0
69,18.75,3,0,0,0,0
69,20.3125,4,0,0,0,0
69,21.875,5,0,0,0,0
69,23.4375,6,0,0,0,0
69,25.0,7,0,0,0,0
69,26.5625,8,0,0,0,0
69,28.125,9,0,0,0,0
69,29.6875,10,0,0,0,0
69,31.25,11,0,0,0,0
69,32.8125,12,0,0,0,0
69,34.375,13,0,0,0,0
69,35.9375,14,0,0,0,0
69,37.5,15,0,0,0,0
69,39.0625,0,0,0,0,0
69,40.625,1,0,0,0,0
69,42.1875,2,0,0,0,0
69,43.75,3,0,0,0,0
69,45.3125,4,0,0,0,0
69,46.875,5,0,0,0,0
69,48.4375,6,0,0,0,0
69,50.0,7,0,0,0,0
69,51.5625,8,0,0,0,0
69,53.125,9,0,0,0,0
69,54.6875,10,0,0,0,0
69,56.25,11,0,0,0,0
69,57.8125,12,0,0,0,0
69,59.375,13,0,0,0,0
69,60.9375,14,0,0,0,0
69,62.5,15,0,0,0,0
69,64.0625,0,0,0,0,0
69,65.625,1,0,0,0,0
69,67.1875,2,0,0,0,0
69,68.75,3,0,0,0,0
69,70.3125,4,0,0,0,0
69,71.875,5,0,0,0,0
69,73.4375,6,0,0,0,0
69,75.0,7,0,0,0,0
69,76.5625,8,0,0,0,0
69,78.125,9,0,0,0,0
69,79.6875,10,0,0,0,0
69,81.25,11,0,0,0,0
69,82.8125,12,0,0,0,0
69,84.375,13,0,0,0,0
69,85.9375,14,0,0,0,0
69,87.5,15,0,0,0,0
69,89.0625,0,0,0,0,0
69,90.625,1,0,0,0,0
69,92.1875,2,0,0,0,0
69,93.75,3,0,0,0,0
69,95.3125,4,0,0,0,0
69,96.875,5,0,0,0,0
69,98.4375,6,0,0,0,0
69,100.0,7,0,0,0,0
69,101.5625,8,0,0,0,0
69,103.125,9,0,0,0,0
69,104.6875,10,0,0,0,0
69,106.25,11,0,0,0,0
69,107.8125,12,0,0,0,0
69,109.375,13,0,0,0,0
69,110.9375,14,0,0,0,0
69,112.5,15,0,0,0,0
69,114.0625,0,0,0,0,0
69,115.625,1,0,0,0,0
69,117.1875,2,0,0,0,0
69,118.75,3,0,0,0,0
69,120.3125,4,0,0,0,0
69,121.875,5,0,0,0,0
69,123.4375,6,0,0,0,0
69,125.0,7,0,0,0,0
69,126.5625,8,0,0,0,0
69,128.125,9,0,0,0,0
69,129.6875,10,0,0,0,0
69,131.25,11,0,0,0,0
69,132.8125,12,0,0,0,0
69,134.375,13,0,0,0,0
69,135.9375,14,0,0,0,0
69,137.5,15,0,0,0,0
69,139.0625,0,0,0,0,0
69,140.625,1,0,0,0,0
69,142.1875,2,0,0,0,0
69,143.75,3,0,0,0,0
69,145.3125,4,0,0,0,0
69,146.875,5,0,0,0,0
69,148.4375,6,0,0,0,0
69,150.0,7,0,0,0,0
69,151.5625,8,0,0,0,0
69,153.125,9,0,0,0,0
69,154.6875,10,0,0,0,0
69,156.25,11,0,0,0,0
69,157.8125,12,0,0,0,0
69,159.375,13,0,0,0,0
69,160.9375,14,0,0,0,0
69,162.5,15,0,0,0,0
69,164.0625,0,0,0,0,0
69,165.625,1,0,0,0,0
69,167.1875,2,0,0,0,0
69,168.75,3,0,0,0,0
69,170.3125,4,0,0,0,0
69,171.875,5,0,0,0,0
69,173.4375,6,0,0,0,0
69,175.0,7,0,0,0,0
69,176.5625,8,0,0,0,0
69,178.125,9,0,0,0,0
69,179.6875,10,0,0,0,0
69,181.25,11,0,0,0,0
69,182.8125,12,0,0,0,0
69,184.375,13,0,0,0,0
69,185.9375,14,0,0,0,0
69,187.5,15,0,0,0,0
69,189.0625,0,0,0,0,0
69,190.625,1,0,0,0,0
69,192.1875,2,0,0,0,0
69,193.75,3,0,0,0,0
69,195.3125,4,0,0,0,0
69,196.875,5,0,0,0,0
69,198.4375,6,0,0,0,0
69,200.0,7,0,0,0,0
69,201.5625,8,0,0,0,0
69,203.125,9,0,0,0,0
69,204.6875,10,0,0,0,0
69,206.25,11,0,0,0,0
69,207.8125,12,0,0,0,0
69,209.375,13,0,0,0,0
69,210.9375,14,0,0,0,0
69,212.5,15,0,0,0,0
69,214.0625,0,0,0,0,0
69,215.625,1,0,0,0,0
69,217.1875,2,0,0,0,0
69,218.75,3,0,0,0,0
69,220.3125,4,0,0,0,0
69,221.875,5,0,0,0,0
69,223.4375,6,0,0,0,0
69,225.0,7,0,0,0,0
69,226.5625,8,0,0,0,0
69,228.125,9,0,0,0,0
69,229.6875,10,0,0,0,0
69,231.25,11,0,0,0,0
69,232.8125,12,0,0,0,0
69,234.375,13,0,0,0,0
69,235.9375,14,0,0,0,0
69,237.5,15,0,0,0,0
69,239.0625,0,0,0,0,0
69,240.625,1,0,0,0,0
69,242.1875,2,0,0,0,0
69,243.75,3,0,0,0,0
69,245.3125,4,0,0,0,0
69,246.875,5,0,0,0,0
69,248.4375,6,0,0,0,0
69,250.0,7,0,0,0,0
69,251.5625,8,0,0,0,0
69,253.125,9,0,0,0,0
69,254.6875,10,0,0,0,0
69,256.25,11,0,0,0,0
69,257.8125,12,0,0,0,0
69,259.375,13,0,0,0,0
69,260.9375,14,0,0,0,0
69,262.5,15,0,0,0,0
69,264.0625,0,0,0,0,0
69,265.625,1,0,0,0,0
69,267.1875,2,0,0,0,0
69,268.75,3,0,0,0,0
69,270.3125,4,0,0,0,0
69,271.875,5,0,0,0,0
69,273.4375,6,0,0,0,0
70,0.0,7,0,0,0,0
70,1.5625,8,0,0,0,0
70,3.125,9,0,0,0,0
70,4.6875,10,0,0,0,0
70,6.25,11,0,0,0,0
70,7.8125,12,0,0,0,0
70,9.375,13,0,0,0,0
70,10.9375,14,0,0,0,0
70,12.5,15,0,0,0,0
70,14.0625,0,0,0,0,0
70,15.625,1,0,0,0,0
70,17.1875,2,0,0,0,0
70,18.75,3,0,0,0,0
70,20.3125,4,0,0,0,0
70,21.875,5,0,0,0,0
70,23.4375,6,0,0,0,0
70,25.0,7,0,0,0,0
70,26.5625,8,0,0,0,0
70,28.125,9,0,0,0,0
70,29.6875,10,0,0,0,0
70,31.25,11,0,0,0,0
70,32.8125,12,0,0,0,0
70,34.375,13,0,0,0,0
70,35.9375,14,0,0,0,0
70,37.5,15,0,0,0,0
70,39.0625,0,0,0,0,0
70,40.625,1,0,0,0,0
70,42.1875,2,0,0,0,0
70,43.75,3,0,0,0,0
70,45.3125,4,0,0,0,0
70,46.875,5,0,0,0,0
70,48.4375,6,0,0,0,0
70,50.0,7,0,0,0,0
70,51.5625,8,0,0,0,0
70,53.125,9,0,0,0,0
70,54.6875,10,0,0,0,0
70,56.25,11,0,0,0,0
70,57.8125,12,0,0,0,0
70,59.375,13,0,0,0,0
70,60.9375,14,0,0,0,0
70,62.5,15,0,0,0,0
70,64.0625,0,0,0,0,0
70,65.625,1,0,0,0,0
70,67.1875,2,0,0,0,0
70,68.75,3,0,0,0,0
70,70.3125,4,0,0,0,0
70,71.875,5,0,0,0,0
70,73.4375,6,0,0,0,0
70,75.0,7,0,0,0,0
70,76.5625,8,0,0,0,0
70,78.125,9,0,0,0,0
70,79.6875,10,0,0,0,0
70,81.25,11,0,0,0,0
70,82.8125,12,0,0,0,0
70,84.375,13,0,0,0,0
70,85.9375,14,0,0,0,0
70,87.5,15,0,0,0,0
70,89.0625,0,0,0,0,0
70,90.625,1,0,0,0,0
70,92.1875,2,0,0,0,0
70,93.75,3,0,0,0,0
70,95.3125,4,0,0,0,0
70,96.875,5,0,0,0,0
70,98.4375,6,0,0,0,0
70,100.0,7,0,0,0,0
70,101.5625,8,0,0,0,0
70,103.125,9,0,0,0,0
70,104.6875,10,0,0,0,0
70,106.25,11,0,0,0,0
70,107.8125,12,0,0,0,0
70,109.375,13,0,0,0,0
70,110.9375,14,0,0,0,0
70,112.5,15,0,0,0,0
70,114.0625,0,0,0,0,0
70,115.625,1,0,0,0,0
70,117.1875,2,0,0,0,0
70,118.75,3,0,0,0,0
70,120.3125,4,0,0,0,0
70,121.875,5,0,0,0,0
70,123.4375,6,0,0,0,0
70,125.0,7,0,0,0,0
70,126.5625,8,0,0,0,0
70,128.125,9,0,0,0,0
70,129.6875,10,0,0,0,0
70,131.25,11,0,0,0,0
70,132.8125,12,0,0,0,0
70,134.375,13,0,0,0,0
70,135.9375,14,0,0,0,0
70,137.5,15,0,0,0,0
70,139.0625,0,0,0,0,0
70,140.625,1,0,0,0,0
70,142.1875,2,0,0,0,0
70,143.75,3,0,0,0,0
70,145.3125,4,0,0,0,0
70,146.875,5,0,0,0,0
70,148.4375,6,0,0,0,0
70,150.0,7,0,0,0,0
70,151.5625,8,0,0,0,0
70,153.125,9,0,0,0,0
70,154.6875,10,0,0,0,0
70,156.25,11,0,0,0,0
70,157.8125,12,0,0,0,0
70,159.375,13,0,0,0,0
70,160.9375,14,0,0,0,0
70,162.5,15,0,0,0,0
70,164.0625,0,0,0,0,0
70,165.625,1,0,0,0,0
70,167.1875,2,0,0,0,0
70,168.75,3,0,0,0,0
70,170.3125,4,0,0,0,0
70,171.875,5,0,0,0,0
70,173.4375,6,0,0,0,0
70,175.0,7,0,0,0,0
70,176.5625,8,0,0,0,0
70,178.125,9,0,0,0,0
70,179.6875,10,0,0,0,0
70,181.25,11,0,0,0,0
70,182.8125,12,0,0,0,0
70,184.375,13,0,0,0,0
70,185.9375,14,0,0,0,0
70,187.5,15,0,0,0,0
70,189.0625,0,0,0,0,0
70,190.625,1,0,0,0,0
70,192.1875,2,0,0,0,0
70,193.75,3,0,0,0,0
70,195.3125,4,0,0,0,0
70,196.875,5,0,0,0,0
70,198.4375,6,0,0,0,0
70,200.0,7,0,0,0,0
70,201.5625,8,0,0,0,0
70,203.125,9,0,0,0,0
70,204.6875,10,0,0,0,0
70,206.25,11,0,0,0,0
70,207.8125,12,0,0,0,0
70,209.375,13,0,0,0,0
70,210.9375,14,0,0,0,0
70,212.5,15,0,0,0,0
70,214.0625,0,0,0,0,0
70,215.625,1,0,0,0,0
70,217.1875,2,0,0,0,0
70,218.75,3,0,0,0,0
70,220.3125,4,0,0,0,0
70,221.875,5,0,0,0,0
70,223.4375,6,0,0,0,0
70,225.0,7,0,0,0,0
70,226.5625,8,0,0,0,0
70,228.125,9,0,0,0,0
70,229.6875,10,0,0,0,0
70,231.25,11,0,0,0,0
70,232.8125,12,0,0,0,0
70,234.375,13,0,0,0,0
70,235.9375,14,0,0,0,0
70,237.5,15,0,0,0,0
70,239.0625,0,0,0,0,0
70,240.625,1,0,0,0,0
70,242.1875,2,0,0,0,0
70,243.75,3,0,0,0,0
70,245.3125,4,0,0,0,0
70,246.875,5,0,0,0,0
70,248.4375,6,0,0,0,0
70,250.0,7,0,0,0,0
70,251.5625,8,0,0,0,0
70,253.125,9,0,0,0,0
70,254.6875,10,0,0,0,0
70,256.25,11,0,0,0,0
70,257.8125,12,0,0,0,0
70,259.375,13,0,0,0,0
70,260.9375,14,0,0,0,0
70,262.5,15,0,0,0,0
70,264.0625,0,0,0,0,0
70,265.625,1,0,0,0,0
70,267.1875,2,0,0,0,0
70,268.75,3,0,0,0,0
70,270.3125,4,0,0,0,0
70,271.875,5,0,0,0,0
70,273.4375,6,0,0,0,0
71,0.0,7,0,0,0,0
71,1.5625,8,0,0,0,0
71,3.125,9,0,0,0,0
71,4.6875,10,0,0,0,0
71,6.25,11,0,0,0,0
71,7.8125,12,0,0,0,0
71,9.375,13,0,0,0,0
71,10.9375,14,0,0,0,0
71,12.5,15,0,0,0,0
71,14.0625,0,0,0,0,0
71,15.625,1,0,0,0,0
71,17.1875,2,0,0,0,0
71,18.75,3,0,0,0,0
71,20.3125,4,0,0,0,0
71,21.875,5,0,0,0,0
71,23.4375,6,0,0,0,0
71,25.0,7,0,0,0,0
71,26.5625,8,0,0,0,0
71,28.125,9,0,0,0,0
71,29.6875,10,0,0,0,0
71,31.25,11,0,0,0,0
71,32.8125,12,0,0,0,0
71,34.375,13,0,0,0,0
71,35.9375,14,0,0,0,0
71,37.5,15,0,0,0,0
71,39.0625,0,0,0,0,0
71,40.625,1,0,0,0,0
71,42.1875,2,0,0,0,0
71,43.75,3,0,0,0,0
71,45.3125,4,0,0,0,0
71,46.875,5,0,0,0,0
71,48.4375,6,0,0,0,0
71,50.0,7,0,0,0,0
71,51.5625,8,0,0,0,0
71,53.125,9,0,0,0,0
71,54.6875,10,0,0,0,0
71,56.25,11,0,0,0,0
71,57.8125,12,0,0,0,0
71,59.375,13,0,0,0,0
71,60.9375,14,0,0,0,0
71,62.5,15,0,0,0,0
71,64.0625,0,0,0,0,0
71,65.625,1,0,0,0,0
71,67.1875,2,0,0,0,0
71,68.75,3,0,0,0,0
71,70.3125,4,0,0,0,0
71,71.875,5,0,0,0,0
71,73.4375,6,0,0,0,0
71,75.0,7,0,0,0,0
71,76.5625,8,0,0,0,0
71,78.125,9,0,0,0,0
71,79.6875,10,0,0,0,0
71,81.25,11,0,0,0,0
71,82.8125,12,0,0,0,0
71,84.375,13,0,0,0,0
71,85.9375,14,0,0,0,0
71,87.5,15,0,0,0,0
71,89.0625,0,0,0,0,0
71,90.625,1,0,0,0,0
71,92.1875,2,0,0,0,0
71,93.75,3,0,0,0,0
71,95.3125,4,0,0,0,0
71,96.875,5,0,0,0,0
71,98.4375,6,0,0,0,0
71,100.0,7,0,0,0,0
71,101.5625,8,0,0,0,0
71,103.125,9,0,0,0,0
71,104.6875,10,0,0,0,0
71,106.25,11,0,0,0,0
71,107.8125,12,0,0,0,0
71,109.375,13,0,0,0,0
71,110.9375,14,0,0,0,0
71,112.5,15,0,0,0,0
71,114.0625,0,0,0,0,0
71,115.625,1,0,0,0,0
71,117.1875,2,0,0,0,0
71,118.75,3,0,0,0,0
71,120.3125,4,0,0,0,0
71,121.875,5,0,0,0,0
71,123.4375,6,0,0,0,0
71,125.0,7,0,0,0,0
71,126.5625,8,0,0,0,0
71,128.125,9,0,0,0,0
71,129.6875,10,0,0,0,0
71,131.25,11,0,0,0,0
71,132.8125,12,0,0,0,0
71,134.375,13,0,0,0,0
71,135.9375,14,0,0,0,0
71,137.5,15,0,0,0,0
71,139.0625,0,0,0,0,0
71,140.625,1,0,0,0,0
71,142.1875,2,0,0,0,0
71,143.75,3,0,0,0,0
71,145.3125,4,0,0,0,0
71,146.875,5,0,0,0,0
71,148.4375,6,0,0,0,0
71,150.0,7,0,0,0,0
71,151.5625,8,0,0,0,0
71,153.125,9,0,0,0,0
71,154.6875,10,0,0,0,0
71,156.25,11,0,0,0,0
71,157.8125,12,0,0,0,0
71,159.375,13,0,0,0,0
71,160.9375,14,0,0,0,0
71,162.5,15,0,0,0,0
71,164.0625,0,0,0,0,0
71,165.625,1,0,0,0,0
71,167.1875,2,0,0,0,0
71,168.75,3,0,0,0,0
71,170.3125,4,0,0,0,0
71,171.875,5,0,0,0,0
71,173.4375,6,0,0,0,0
71,175.0,7,0,0,0,0
71,176.5625,8,0,0,0,0
71,178.125,9,0,0,0,0
71,179.6875,10,0,0,0,0
71,181.25,11,0,0,0,0
71,182.8125,12,0,0,0,0
71,184.375,13,0,0,0,0
71,185.9375,14,0,0,0,0
71,187.5,15,0,0,0,0
71,189.0625,0,0,0,0,0
71,190.625,1,0,0,0,0
71,192.1875,2,0,0,0,0
71,193.75,3,0,0,0,0
71,195.3125,4,0,0,0,0
71,196.875,5,0,0,0,0
71,198.4375,6,0,0,0,0
71,200.0,7,0,0,0,0
71,201.5625,8,0,0,0,0
71,203.125,9,0,0,0,0
71,204.6875,10,0,0,0,0
71,206.25,11,0,0,0,0
71,207.8125,12,0,0,0,0
71,209.375,13,0,0,0,0
71,210.9375,14,0,0,0,0
71,212.5,15,0,0,0,0
71,214.0625,0,0,0,0,0
71,215.625,1,0,0,0,0
71,217.1875,2,0,0,0,0
71,218.75,3,0,0,0,0
71,220.3125,4,0,0,0,0
71,221.875,5,0,0,0,0
71,223.4375,6,0,0,0,0
71,225.0,7,0,0,0,0
71,226.5625,8,0,0,0,0
71,228.125,9,0,0,0,0
71,229.6875,10,0,0,0,0
71,231.25,11,0,0,0,0
71,232.8125,12,0,0,0,0
71,234.375,13,0,0,0,0
71,235.9375,14,0,0,0,0
71,237.5,15,0,0,0,0
71,239.0625,0,0,0,0,0
71,240.625,1,0,0,0,0
71,242.1875,2,0,0,0,0
71,243.75,3,0,0,0,0
71,245.3125,4,0,0,0,0
71,246.875,5,0,0,0,0
71,248.4375,6,0,0,0,0
71,250.0,7,0,0,0,0
71,251.5625,8,0,0,0,0
71,253.125,9,0,0,0,0
71,254.6875,10,0,0,0,0
71,256.25,11,0,0,0,0
71,257.8125,12,0,0,0,0
71,259.375,13,0,0,0,0
71,260.9375,14,0,0,0,0
71,262.5,15,0,0,0,0
71,264.0625,0,0,0,0,0
71,265.625,1,0,0,0,0
71,267.1875,2,0,0,0,0
71,268.75,3,0,0,0,0
71,270.3125,4,0,0,0,0
71,271.875,5,0,0,0,0
71,273.4375,6,0,0,0,0
72,0.0,7,0,0,0,0
72,1.5625,8,0,0,0,0
72,3.125,9,0,0,0,0
72,4.6875,10,0,0,0,0
72,6.25,11,0,0,0,0
72,7.8125,12,0,0,0,0
72,9.375,13,0,0,0,0
72,10.9375,14,0,0,0,0
72,12.5,15,0,0,0,0
72,14.0625,0,0,0,0,0
72,15.625,1,0,0,0,0
72,17.1875,2,0,0,0,0
72,18.75,3,0,0,0,0
72,20.3125,4,0,0,0,0
72,21.875,5,0,0,0,0
72,23.4375,6,0,0,0,0
72,25.0,7,0,0,0,0
72,26.5625,8,0,0,0,0
72,28.125,9,0,0,0,0
72,29.6875,10,0,0,0,0
72,31.25,11,0,0,0,0
72,32.8125,12,0,0,0,0
72,34.375,13,0,0,0,0
72,35.9375,14,0,0,0,0
72,37.5,15,0,0,0,0
72,39.0625,0,0,0,0,0
72,40.625,1,0,0,0,0
72,42.1875,2,0,0,0,0
72,43.75,3,0,0,0,0
72,45.3125,4,0,0,0,0
72,46.875,5,0,0,0,0
72,48.4375,6,0,0,0,0
72,50.0,7,0,0,0,0
72,51.5625,8,0,0,0,0
72,53.125,9,0,0,0,0
72,54.6875,10,0,0,0,0
72,56.25,11,0,0,0,0
72,57.8125,12,0,0,0,0
72,59.375,13,0,0,0,0
72,60.9375,14,0,0,0,0
72,62.5,15,0,0,0,0
72,64.0625,0,0,0,0,0
72,65.625,1,0,0,0,0
72,67.1875,2,0,0,0,0
72,68.75,3,0,0,0,0
72,70.3125,4,0,0,0,0
72,71.875,5,0,0,0,0
72,73.4375,6,0,0,0,0
72,75.0,7,0,0,0,0
72,76.5625,8,0,0,0,0
72,78.125,9,0,0,0,0
72,79.6875,10,0,0,0,0
72,81.25,11,0,0,0,0
72,82.8125,12,0,0,0,0
72,84.375,13,0,0,0,0
72,85.9375,14,0,0,0,0
72,87.5,15,0,0,0,0
72,89.0625,0,0,0,0,0
72,90.625,1,0,0,0,0
72,92.1875,2,0,0,0,0
72,93.75,3,0,0,0,0
72,95.3125,4,0,0,0,0
72,96.875,5,0,0,0,0
72,98.4375,6,0,0,0,0
72,100.0,7,0,0,0,0
72,101.5625,8,0,0,0,0
72,103.125,9,0,0,0,0
72,104.6875,10,0,0,0,0
72,106.25,11,0,0,0,0
72,107.8125,12,0,0,0,0
72,109.375,13,0,0,0,0
72,110.9375,14,0,0,0,0
72,112.5,15,0,0,0,0
72,114.0625,0,0,0,0,0
72,115.625,1,0,0,0,0
72,117.1875,2,0,0,0,0
72,118.75,3,0,0,0,0
72,120.3125,4,0,0,0,0
72,121.875,5,0,0,0,0
72,123.4375,6,0,0,0,0
72,125.0,7,0,0,0,0
72,126.5625,8,0,0,0,0
72,128.125,9,0,0,0,0
72,129.6875,10,0,0,0,0
72,131.25,11,0,0,0,0
72,132.8125,12,0,0,0,0
72,134.375,13,0,0,0,0
72,135.9375,14,0,0,0,0
72,137.5,15,0,0,0,0
72,139.0625,0,0,0,0,0
72,140.625,1,0,0,0,0
72,142.1875,2,0,0,0,0
72,143.75,3,0,0,0,0
72,145.3125,4,0,0,0,0
72,146.875,5,0,0,0,0
72,148.4375,6,0,0,0,0
72,150.0,7,0,0,0,0
72,151.5625,8,0,0,0,0
72,153.125,9,0,0,0,0
72,154.6875,10,0,0,0,0
72,156.25,11,0,0,0,0
72,157.8125,12,0,0,0,0
72,159.375,13,0,0,0,0
72,160.9375,14,0,0,0,0
72,162.5,15,0,0,0,0
72,164.0625,0,0,0,0,0
72,165.625,1,0,0,0,0
72,167.1875,2,0,0,0,0
72,168.75,3,0,0,0,0
72,170.3125,4,0,0,0,0
72,171.875,5,0,0,0,0
72,173.4375,6,0,0,0,0
72,175.0,7,0,0,0,0
72,176.5625,8,0,0,0,0
72,178.125,9,0,0,0,0
72,179.6875,10,0,0,0,0
72,181.25,11,0,0,0,0
72,182.8125,12,0,0,0,0
72,184.375,13,0,0,0,0
72,185.9375,14,0,0,0,0
72,187.5,15,0,0,0,0
72,189.0625,0,0,0,0,0
72,190.625,1,0,0,0,0
72,192.1875,2,0,0,0,0
72,193.75,3,0,0,0,0
72,195.3125,4,0,0,0,0
72,196.875,5,0,0,0,0
72,198.4375,6,0,0,0,0
72,200.0,7,0,0,0,0
72,201.5625,8,0,0,0,0
72,203.125,9,0,0,0,0
72,204.6875,10,0,0,0,0
72,206.25,11,0,0,0,0
72,207.8125,12,0,0,0,0
72,209.375,13,0,0,0,0
72,210.9375,14,0,0,0,0
72,212.5,15,0,0,0,0
72,214.0625,0,0,0,0,0
72,215.625,1,0,0,0,0
72,217.1875,2,0,0,0,0
72,218.75,3,0,0,0,0
72,220.3125,4,0,0,0,0
72,221.875,5,0,0,0,0
72,223.4375,6,0,0,0,0
72,225.0,7,0,0,0,0
72,226.5625,8,0,0,0,0
72,228.125,9,0,0,0,0
72,229.6875,10,0,0,0,0
72,231.25,11,0,0,0,0
72,232.8125,12,0,0,0,0
72,234.375,13,0,0,0,0
72,235.9375,14,0,0,0,0
72,237.5,15,0,0,0,0
72,239.0625,0,0,0,0,0
72,240.625,1,0,0,0,0
72,242.1875,2,0,0,0,0
72,243.75,3,0,0,0,0
72,245.3125,4,0,0,0,0
72,246.875,5,0,0,0,0
72,248.4375,6,0,0,0,0
72,250.0,7,0,0,0,0
72,251.5625,8,0,0,0,0
72,253.125,9,0,0,0,0
72,254.6875,10,0,0,0,0
72,256.25,11,0,0,0,0
72,257.8125,12,0,0,0,0
72,259.375,13,0,0,0,0
72,260.9375,14,0,0,0,0
72,262.5,15,0,0,0,0
72,264.0625,0,0,0,0,0
72,265.625,1,0,0,0,0
72,267.1875,2,0,0,0,0
72,268.75,3,0,0,0,0
72,270.3125,4,0,0,0,0
72,271.875,5,0,0,0,0
72,273.4375,6,0,0,0,0
73,0.0,7,0,0,0,0
73,1.5625,8,0,0,0,0
73,3.125,9,0,0,0,0
73,4.6875,10,0,0,0,0
73,6.25,11,0,0,0,0
73,7.8125,12,0,0,0,0
73,9.375,13,0,0,0,0
73,10.9375,14,0,0,0,0
73,12.5,15,0,0,0,0
73,14.0625,0,0,0,0,0
73,15.625,1,0,0,0,0
73,17.1875,2,0,0,0,0
73,18.75,3,0,0,0,0
73,20.3125,4,0,0,0,0
73,21.875,5,0,0,0,0
73,23.4375,6,0,0,0,0
73,25.0,7,0,0,0,0
73,26.5625,8,0,0,0,0
73,28.125,9,0,0,0,0
73,29.6875,10,0,0,0,0
73,31.25,11,0,0,0,0
73,32.8125,12,0,0,0,0
73,34.375,13,0,0,0,0
73,35.9375,14,0,0,0,0
73,37.5,15,0,0,0,0
73,39.0625,0,0,0,0,0
73,40.625,1,0,0,0,0
73,42.1875,2,0,0,0,0
73,43.75,3,0,0,0,0
73,45.3125,4,0,0,0,0
73,46.875,5,0,0,0,0
73,48.4375,6,0,0,0,0
73,50.0,7,0,0,0,0
73,51.5625,8,0,0,0,0
73,53.125,9,0,0,0,0
73,54.6875,10,0,0,0,0
73,56.25,11,0,0,0,0
73,57.8125,12,0,0,0,0
73,59.375,13,0,0,0,0
73,60.9375,14,0,0,0,0
73,62.5,15,0,0,0,0
73,64.0625,0,0,0,0,0
73,65.625,1,0,0,0,0
73,67.1875,2,0,0,0,0
73,68.75,3,0,0,0,0
73,70.3125,4,0,0,0,0
73,71.875,5,0,0,0,0
73,73.4375,6,0,0,0,0
73,75.0,7,0,0,0,0
73,76.5625,8,0,0,0,0
73,78.125,9,0,0,0,0
73,79.6875,10,0,0,0,0
73,81.25,11,0,0,0,0
73,82.8125,12,0,0,0,0
73,84.375,13,0,0,0,0
73,85.9375,14,0,0,0,0
73,87.5,15,0,0,0,0
73,89.0625,0,0,0,0,0
73,90.625,1,0,0,0,0
73,92.1875,2,0,0,0,0
73,93.75,3,0,0,0,0
73,95.3125,4,0,0,0,0
73,96.875,5,0,0,0,0
73,98.4375,6,0,0,0,0
73,100.0,7,0,0,0,0
73,101.5625,8,0,0,0,0
73,103.125,9,0,0,0,0
73,104.6875,10,0,0,0,0
73,106.25,11,0,0,0,0
73,107.8125,12,0,0,0,0
73,109.375,13,0,0,0,0
73,110.9375,14,0,0,0,0
73,112.5,15,0,0,0,0
73,114.0625,0,0,0,0,0
73,115.625,1,0,0,0,0
73,117.1875,2,0,0,0,0
73,118.75,3,0,0,0,0
73,120.3125,4,0,0,0,0
73,121.875,5,0,0,0,0
73,123.4375,6,0,0,0,0
73,125.0,7,0,0,0,0
73,126.5625,8,0,0,0,0
73,128.125,9,0,0,0,0
73,129.6875,10,0,0,0,0
73,131.25,11,0,0,0,0
73,132.8125,12,0,0,0,0
73,134.375,13,0,0,0,0
73,135.9375,14,0,0,0,0
73,137.5,15,0,0,0,0
73,139.0625,0,0,0,0,0
73,140.625,1,0,0,0,0
73,142.1875,2,0,0,0,0
73,143.75,3,0,0,0,0
73,145.3125,4,0,0,0,0
73,146.875,5,0,0,0,0
73,148.4375,6,0,0,0,0
73,150.0,7,0,0,0,0
73,151.5625,8,0,0,0,0
73,153.125,9,0,0,0,0
73,154.6875,10,0,0,0,0
73,156.25,11,0,0,0,0
73,157.8125,12,0,0,0,0
73,159.375,13,0,0,0,0
73,160.9375,14,0,0,0,0
73,162.5,15,0,0,0,0
73,164.0625,0,0,0,0,0
73,165.625,1,0,0,0,0
73,167.1875,2,0,0,0,0
73,168.75,3,0,0,0,0
73,170.3125,4,0,0,0,0
73,171.875,5,0,0,0,0
73,173.4375,6,0,0,0,0
73,175.0,7,0,0,0,0
73,176.5625,8,0,0,0,0
73,178.125,9,0,0,0,0
73,179.6875,10,0,0,0,0
73,181.25,11,0,0,0,0
73,182.8125,12,0,0,0,0
73,184.375,13,0,0,0,0
73,185.9375,14,0,0,0,0
73,187.5,15,0,0,0,0
73,189.0625,0,0,0,0,0
73,190.625,1,0,0,0,0
73,192.1875,2,0,0,0,0
73,193.75,3,0,0,0,0
73,195.3125,4,0,0,0,0
73,196.875,5,0,0,0,0
73,198.4375,6,0,0,0,0
73,200.0,7,0,0,0,0
73,201.5625,8,0,0,0,0
73,203.125,9,0,0,0,0
73,204.6875,10,0,0,0,0
73,206.25,11,0,0,0,0
73,207.8125,12,0,0,0,0
73,209.375,13,0,0,0,0
73,210.9375,14,0,0,0,0
73,212.5,15,0,0,0,0
73,214.0625,0,0,0,0,0
73,215.625,1,0,0,0,0
73,217.1875,2,0,0,0,0
73,218.75,3,0,0,0,0
73,220.3125,4,0,0,0,0
73,221.875,5,0,0,0,0
73,223.4375,6,0,0,0,0
73,225.0,7,0,0,0,0
73,226.5625,8,0,0,0,0
73,228.125,9,0,0,0,0
73,229.6875,10,0,0,0,0
73,231.25,11,0,0,0,0
73,232.8125,12,0,0,0,0
73,234.375,13,0,0,0,0
73,235.9375,14,0,0,0,0
73,237.5,15,0,0,0,0
73,239.0625,0,0,0,0,0
73,240.625,1,0,0,0,0
73,242.1875,2,0,0,0,0
73,243.75,3,0,0,0,0
73,245.3125,4,0,0,0,0
73,246.875,5,0,0,0,0
73,248.4375,6,0,0,0,0
73,250.0,7,0,0,0,0
73,251.5625,8,0,0,0,0
73,253.125,9,0,0,0,0
73,254.6875,10,0,0,0,0
73,256.25,11,0,0,0,0
73,257.8125,12,0,0,0,0
73,259.375,13,0,0,0,0
73,260.9375,14,0,0,0,0
73,262.5,15,0,0,0,0
73,264.0625,0,0,0,0,0
73,265.625,1,0,0,0,0
73,267.1875,2,0,0,0,0
73,268.75,3,0,0,0,0
73,270.3125,4,0,0,0,0
73,271.875,5,0,0,0,0
73,273.4375,6,0,0,0,0
74,0.0,7,0,0,0,0
74,1.5625,8,0,0,0,0
74,3.125,9,0,0,0,0
74,4.6875,10,0,0,0,0
74,6.25,11,0,0,0,0
74,7.8125,12,0,0,0,0
74,9.375,13,0,0,0,0
74,10.9375,14,0,0,0,0
74,12.5,15,0,0,0,0
74,14.0625,0,0,0,0,0
74,15.625,1,0,0,0,0
74,17.1875,2,0,0,0,0
74,18.75,3,0,0,0,0
74,20.3125,4,0,0,0,0
74,21.875,5,0,0,0,0
74,23.4375,6,0,0,0,0
74,25.0,7,0,0,0,0
74,26.5625,8,0,0,0,0
74,28.125,9,0,0,0,0
74,29.6875,10,0,0,0,0
74,31.25,11,0,0,0,0
74,32.8125,12,0,0,0,0
74,34.375,13,0,0,0,0
74,35.9375,14,0,0,0,0
74,37.5,15,0,0,0,0
74,39.0625,0,0,0,0,0
74,40.625,1,0,0,0,0
74,42.1875,2,0,0,0,0
74,43.75,3,0,0,0,0
74,45.3125,4,0,0,0,0
74,46.875,5,0,0,0,0
74,48.4375,6,0,0,0,0
74,50.0,7,0,0,0,0
74,51.5625,8,0,0,0,0
74,53.125,9,0,0,0,0
74,54.6875,10,0,0,0,0
74,56.25,11,0,0,0,0
74,57.8125,12,0,0,0,0
74,59.375,13,0,0,0,0
74,60.9375,14,0,0,0,0
74,62.5,15,0,0,0,0
74,64.0625,0,0,0,0,0
74,65.625,1,0,0,0,0
74,67.1875,2,0,0,0,0
74,68.75,3,0,0,0,0
74,70.3125,4,0,0,0,0
74,71.875,5,0,0,0,0
74,73.4375,6,0,0,0,0
74,75.0,7,0,0,0,0
74,76.5625,8,0,0,0,0
74,78.125,9,0,0,0,0
74,79.6875,10,0,0,0,0
74,81.25,11,0,0,0,0
74,82.8125,12,0,0,0,0
74,84.375,13,0,0,0,0
74,85.9375,14,0,0,0,0
74,87.5,15,0,0,0,0
74,89.0625,0,0,0,0,0
74,90.625,1,0,0,0,0
74,92.1875,2,0,0,0,0
74,93.75,3,0,0,0,0
74,95.3125,4,0,0,0,0
74,96.875,5,0,0,0,0
74,98.4375,6,0,0,0,0
74,100.0,7,0,0,0,0
74,101.5625,8,0,0,0,0
74,103.125,9,0,0,0,0
74,104.6875,10,0,0,0,0
74,106.25,11,0,0,0,0
74,107.8125,12,0,0,0,0
74,109.375,13,0,0,0,0
74,110.9375,14,0,0,0,0
74,112.5,15,0,0,0,0
74,114.0625,0,0,0,0,0
74,115.625,1,0,0,0,0
74,117.1875,2,0,0,0,0
74,118.75,3,0,0,0,0
74,120.3125,4,0,0,0,0
74,121.875,5,0,0,0,0
74,123.4375,6,0,0,0,0
74,125.0,7,0,0,0,0
74,126.5625,8,0,0,0,0
74,128.125,9,0,0,0,0
74,129.6875,10,0,0,0,0
74,131.25,11,0,0,0,0
74,132.8125,12,0,0,0,0
74,134.375,13,0,0,0,0
74,135.9375,14,0,0,0,0
74,137.5,15,0,0,0,0
74,139.0625,0,0,0,0,0
74,140.625,1,0,0,0,0
74,142.1875,2,0,0,0,0
74,143.75,3,0,0,0,0
74,145.3125,4,0,0,0,0
74,146.875,5,0,0,0,0
74,148.4375,6,0,0,0,0
74,150.0,7,0,0,0,0
74,151.5625,8,0,0,0,0
74,153.125,9,0,0,0,0
74,154.6875,10,0,0,0,0
74,156.25,11,0,0,0,0
74,157.8125,12,0,0,0,0
74,159.375,13,0,0,0,0
74,160.9375,14,0,0,0,0
74,162.5,15,0,0,0,0
74,164.0625,0,0,0,0,0
74,165.625,1,0,0,0,0
74,167.1875,2,0,0,0,0
74,168.75,3,0,0,0,0
74,170.3125,4,0,0,0,0
74,171.875,5,0,0,0,0
74,173.4375,6,0,0,0,0
74,175.0,7,0,0,0,0
74,176.5625,8,0,0,0,0
74,178.125,9,0,0,0,0
74,179.6875,10,0,0,0,0
74,181.25,11,0,0,0,0
74,182.8125,12,0,0,0,0
74,184.375,13,0,0,0,0
74,185.9375,14,0,0,0,0
74,187.5,15,0,0,0,0
74,189.0625,0,0,0,0,0
74,190.625,1,0,0,0,0
74,192.1875,2,0,0,0,0
74,193.75,3,0,0,0,0
74,195.3125,4,0,0,0,0
74,196.875,5,0,0,0,0
74,198.4375,6,0,0,0,0
74,200.0,7,0,0,0,0
74,201.5625,8,0,0,0,0
74,203.125,9,0,0,0,0
74,204.6875,10,0,0,0,0
74,206.25,11,0,0,0,0
74,207.8125,12,0,0,0,0
74,209.375,13,0,0,0,0
74,210.9375,14,0,0,0,0
74,212.5,15,0,0,0,0
74,214.0625,0,0,0,0,0
74,215.625,1,0,0,0,0
74,217.1875,2,0,0,0,0
74,218.75,3,0,0,0,0
74,220.3125,4,0,0,0,0
74,221.875,5,0,0,0,0
74,223.4375,6,0,0,0,0
74,225.0,7,0,0,0,0
74,226.5625,8,0,0,0,0
74,228.125,9,0,0,0,0
74,229.6875,10,0,0,0,0
74,231.25,11,0,0,0,0
74,232.8125,12,0,0,0,0
74,234.375,13,0,0,0,0
74,235.9375,14,0,0,0,0
74,237.5,15,0,0,0,0
74,239.0625,0,0,0,0,0
74,240.625,1,0,0,0,0
74,242.1875,2,0,0,0,0
74,243.75,3,0,0,0,0
74,245.3125,4,0,0,0,0
74,246.875,5,0,0,0,0
74,248.4375,6,0,0,0,0
74,250.0,7,0,0,0,0
74,251.5625,8,0,0,0,0
74,253.125,9,0,0,0,0
74,254.6875,10,0,0,0,0
74,256.25,11,0,0,0,0
74,257.8125,12,0,0,0,0
74,259.375,13,0,0,0,0
74,260.9375,14,0,0,0,0
74,262.5,15,0,0,0,0
74,264.0625,0,0,0,0,0
74,265.625,1,0,0,0,0
74,267.1875,2,0,0,0,0
74,268.75,3,0,0,0,0
74,270.3125,4,0,0,0,0
74,271.875,5,0,0,0,0
74,273.4375,6,0,0,0,0
75,0.0,7,0,0,0,0
75,1.5625,8,0,0,0,0
75,3.125,9,0,0,0,0
75,4.6875,10,0,0,0,0
75,6.25,11,0,0,0,0
75,7.8125,12,0,0,0,0
75,9.375,13,0,0,0,0
75,10.9375,14,0,0,0,0
75,12.5,15,0,0,0,0
75,14.0625,0,0,0,0,0
75,15.625,1,0,0,0,0
75,17.1875,2,0,0,0,0
75,18.75,3,0,0,0,0
75,20.3125,4,0,0,0,0
75,21.875,5,0,0,0,0
75,23.4375,6,0,0,0,0
75,25.0,7,0,0,0,0
75,26.5625,8,0,0,0,0
75,28.125,9,0,0,0,0
75,29.6875,10,0,0,0,0
75,31.25,11,0,0,0,0
75,32.8125,12,0,0,0,0
75,34.375,13,0,0,0,0
75,35.9375,14,0,0,0,0
75,37.5,15,0,0,0,0
75,39.0625,0,0,0,0,0
75,40.625,1,0,0,0,0
75,42.1875,2,0,0,0,0
75,43.75,3,0,0,0,0
75,45.3125,4,0,0,0,0
75,46.875,5,0,0,0,0
75,48.4375,6,0,0,0,0
75,50.0,7,0,0,0,0
75,51.5625,8,0,0,0,0
75,53.125,9,0,0,0,0
75,54.6875,10,0,0,0,0
75,56.25,11,0,0,0,0
75,57.8125,12,0,0,0,0
75,59.375,13,0,0,0,0
75,60.9375,14,0,0,0,0
75,62.5,15,0,0,0,0
75,64.0625,0,0,0,0,0
75,65.625,1,0,0,0,0
75,67.1875,2,0,0,0,0
75,68.75,3,0,0,0,0
75,70.3125,4,0,0,0,0
75,71.875,5,0,0,0,0
75,73.4375,6,0,0,0,0
75,75.0,7,0,0,0,0
75,76.5625,8,0,0,0,0
75,78.125,9,0,0,0,0
75,79.6875,10,0,0,0,0
75,81.25,11,0,0,0,0
75,82.8125,12,0,0,0,0
75,84.375,13,0,0,0,0
75,85.9375,14,0,0,0,0
75,87.5,15,0,0,0,0
75,89.0625,0,0,0,0,0
75,90.625,1,0,0,0,0
75,92.1875,2,0,0,0,0
75,93.75,3,0,0,0,0
75,95.3125,4,0,0,0,0
75,96.875,5,0,0,0,0
75,98.4375,6,0,0,0,0
75,100.0,7,0,0,0,0
75,101.5625,8,0,0,0,0
75,103.125,9,0,0,0,0
75,104.6875,10,0,0,0,0
75,106.25,11,0,0,0,0
75,107.8125,12,0,0,0,0
75,109.375,13,0,0,0,0
75,110.9375,14,0,0,0,0
75,112.5,15,0,0,0,0
75,114.0625,0,0,0,0,0
75,115.625,1,0,0,0,0
75,117.1875,2,0,0,0,0
75,118.75,3,0,0,0,0
75,120.3125,4,0,0,0,0
75,121.875,5,0,0,0,0
75,123.4375,6,0,0,0,0
75,125.0,7,0,0,0,0
75,126.5625,8,0,0,0,0
75,128.125,9,0,0,0,0
75,129.6875,10,0,0,0,0
75,131.25,11,0,0,0,0
75,132.8125,12,0,0,0,0
75,134.375,13,0,0,0,0
75,135.9375,14,0,0,0,0
75,137.5,15,0,0,0,0
75,139.0625,0,0,0,0,0
75,140.625,1,0,0,0,0
75,142.1875,2,0,0,0,0
75,143.75,3,0,0,0,0
75,145.3125,4,0,0,0,0
75,146.875,5,0,0,0,0
75,148.4375,6,0,0,0,0
75,150.0,7,0,0,0,0
75,151.5625,8,0,0,0,0
75,153.125,9,0,0,0,0
75,154.6875,10,0,0,0,0
75,156.25,11,0,0,0,0
75,157.8125,12,0,0,0,0
75,159.375,13,0,0,0,0
75,160.9375,14,0,0,0,0
75,162.5,15,0,0,0,0
75,164.0625,0,0,0,0,0
75,165.625,1,0,0,0,0
75,167.1875,2,0,0,0,0
75,168.75,3,0,0,0,0
75,170.3125,4,0,0,0,0
75,171.875,5,0,0,0,0
75,173.4375,6,0,0,0,0
75,175.0,7,0,0,0,0
75,176.5625,8,0,0,0,0
75,178.125,9,0,0,0,0
75,179.6875,10,0,0,0,0
75,181.25,11,0,0,0,0
75,182.8125,12,0,0,0,0
75,184.375,13,0,0,0,0
75,185.9375,14,0,0,0,0
75,187.5,15,0,0,0,0
75,189.0625,0,0,0,0,0
75,190.625,1,0,0,0,0
75,192.1875,2,0,0,0,0
75,193.75,3,0,0,0,0
75,195.3125,4,0,0,0,0
75,196.875,5,0,0,0,0
75,198.4375,6,0,0,0,0
75,200.0,7,0,0,0,0
75,201.5625,8,0,0,0,0
75,203.125,9,0,0,0,0
75,204.6875,10,0,0,0,0
75,206.25,11,0,0,0,0
75,207.8125,12,0,0,0,0
75,209.375,13,0,0,0,0
75,210.9375,14,0,0,0,0
75,212.5,15,0,0,0,0
75,214.0625,0,0,0,0,0
75,215.625,1,0,0,0,0
75,217.1875,2,0,0,0,0
75,218.75,3,0,0,0,0
75,220.3125,4,0,0,0,0
75,221.875,5,0,0,0,0
75,223.4375,6,0,0,0,0
75,225.0,7,0,0,0,0
75,226.5625,8,0,0,0,0
75,228.125,9,0,0,0,0
75,229.6875,10,0,0,0,0
75,231.25,11,0,0,0,0
75,232.8125,12,0,0,0,0
75,234.375,13,0,0,0,0
75,235.9375,14,0,0,0,0
75,237.5,15,0,0,0,0
75,239.0625,0,0,0,0,0
75,240.625,1,0,0,0,0
75,242.1875,2,0,0,0,0
75,243.75,3,0,0,0,0
75,245.3125,4,0,0,0,0
75,246.875,5,0,0,0,0
75,248.4375,6,0,0,0,0
75,250.0,7,0,0,0,0
75,251.5625,8,0,0,0,0
75,253.125,9,0,0,0,0
75,254.6875,10,0,0,0,0
75,256.25,11,0,0,0,0
75,257.8125,12,0,0,0,0
75,259.375,13,0,0,0,0
75,260.9375,14,0,0,0,0
75,262.5,15,0,0,0,0
75,264.0625,0,0,0,0,0
75,265.625,1,0,0,0,0
75,267.1875,2,0,0,0,0
75,268.75,3,0,0,0,0
75,270.3125,4,0,0,0,0
75,271.875,5,0,0,0,0
75,273.4375,6,0,0,0,0
76,0.0,7,0,54,54,0
76,1.5625,8,0,54,54,0
76,3.125,9,0,54,54,0
76,4.6875,10,0,54,54,0
76,6.25,11,0,53,53,0
76,7.8125,12,0,55,55,0
76,9.375,13,0,54,54,0
76,10.9375,14,0,54,54,0
76,12.5,15,0,0,0,0
76,14.0625,0,0,54,54,0
76,15.625,1,0,54,54,0
76,17.1875,2,0,54,54,0
76,18.75,3,0,54,54,0
76,20.3125,4,0,54,54,0
76,21.875,5,0,53,53,0
76,23.4375,6,0,54,54,0
76,25.0,7,0,54,54,0
76,26.5625,8,0,52,52,0
76,28.125,9,0,53,53,0
76,29.6875,10,0,52,52,0
76,31.25,11,0,53,53,0
76,32.8125,12,0,52,52,0
76,34.375,13,0,50,50,0
76,35.9375,14,0,52,52,0
76,37.5,15,0,0,0,0
76,39.0625,0,0,50,50,0
76,40.625,1,0,48,48,0
76,42.1875,2,0,51,51,0
76,43.75,3,0,51,51,0
76,45.3125,4,0,49,49,0
76,46.875,5,0,52,52,0
76,48.4375,6,0,50,50,0
76,50.0,7,0,52,52,0
76,51.5625,8,0,50,50,0
76,53.125,9,0,50,50,0
76,54.6875,10,0,52,52,0
76,56.25,11,0,53,53,0
76,57.8125,12,0,58,58,0
76,59.375,13,0,54,54,0
76,60.9375,14,0,56,56,0
76,62.5,15,0,0,0,0
76,64.0625,0,0,57,57,0
76,65.625,1,0,56,56,0
76,67.1875,2,0,56,56,0
76,68.75,3,0,54,54,0
76,70.3125,4,0,57,57,0
76,71.875,5,0,57,57,0
76,73.4375,6,0,58,58,0
76,75.0,7,0,54,54,0
76,76.5625,8,0,54,54,0
76,78.125,9,0,56,56,0
76,79.6875,10,0,56,56,0
76,81.25,11,0,56,56,0
76,82.8125,12,0,55,55,0
76,84.375,13,0,55,55,0
76,85.9375,14,0,54,54,0
76,87.5,15,0,0,0,0
76,89.0625,0,0,56,56,0
76,90.625,1,0,55,55,0
76,92.1875,2,0,56,56,0
76,93.75,3,0,56,56,0
76,95.3125,4,0,54,54,0
76,96.875,5,0,56,56,0
76,98.4375,6,0,49,49,0
76,100.0,7,0,52,52,0
76,101.5625,8,0,53,53,0
76,103.125,9,0,55,55,0
76,104.6875,10,0,53,53,0
76,106.25,11,0,55,55,0
76,107.8125,12,0,55,55,0
76,109.375,13,0,55,55,0
76,110.9375,14,0,54,54,0
76,112.5,15,0,0,0,0
76,114.0625,0,0,53,53,0
76,115.625,1,0,53,53,0
76,117.1875,2,0,53,53,0
76,118.75,3,0,54,54,0
76,120.3125,4,0,53,53,0
76,121.875,5,0,55,55,0
76,123.4375,6,0,52,52,0
76,125.0,7,0,54,54,0
76,126.5625,8,0,54,54,0
76,128.125,9,0,51,51,0
76,129.6875,10,0,54,54,0
76,131.25,11,0,54,54,0
76,132.8125,12,0,53,53,0
76,134.375,13,0,55,55,0
76,135.9375,14,0,54,54,0
76,137.5,15,0,0,0,0
76,139.0625,0,0,52,52,0
76,140.625,1,0,55,55,0
76,142.1875,2,0,54,54,0
76,143.75,3,0,53,53,0
76,145.3125,4,0,55,55,0
76,146.875,5,0,55,55,0
76,148.4375,6,0,54,54,0
76,150.0,7,0,53,53,0
76,151.5625,8,0,54,54,0
76,153.125,9,0,52,52,0
76,154.6875,10,0,53,53,0
76,156.25,11,0,54,54,0
76,157.8125,12,0,53,53,0
76,159.375,13,0,54,54,0
76,160.9375,14,0,55,55,0
76,162.5,15,0,0,0,0
76,164.0625,0,0,56,56,0
76,165.625,1,0,55,55,0
76,167.1875,2,0,55,55,0
76,168.75,3,0,52,52,0
76,170.3125,4,0,55,55,0
76,171.875,5,0,54,54,0
76,173.4375,6,0,54,54,0
76,175.0,7,0,54,54,0
76,176.5625,8,0,54,54,0
76,178.125,9,0,55,55,0
76,179.6875,10,0,54,54,0
76,181.25,11,0,54,54,0
76,182.8125,12,0,53,53,0
76,184.375,13,0,53,53,0
76,185.9375,14,0,54,54,0
76,187.5,15,0,0,0,0
76,189.0625,0,0,53,53,0
76,190.625,1,0,53,53,0
76,192.1875,2,0,52,52,0
76,193.75,3,0,51,51,0
76,195.3125,4,0,51,51,0
76,196.875,5,0,53,53,0
76,198.4375,6,0,52,52,0
76,200.0,7,0,53,53,0
76,201.5625,8,0,53,53,0
76,203.125,9,0,53,53,0
76,204.6875,10,0,51,51,0
76,206.25,11,0,54,54,0
76,207.8125,12,0,55,55,0
76,209.375,13,0,54,54,0
76,210.9375,14,0,54,54,0
76,212.5,15,0,0,0,0
76,214.0625,0,0,53,53,0
76,215.625,1,0,53,53,0
76,217.1875,2,0,54,54,0
76,218.75,3,0,53,53,0
76,220.3125,4,0,54,54,0
76,221.875,5,0,55,55,0
76,223.4375,6,0,54,54,0
76,225.0,7,0,54,54,0
76,226.5625,8,0,55,55,0
76,228.125,9,0,54,54,0
76,229.6875,10,0,54,54,0
76,231.25,11,0,54,54,0
76,232.8125,12,0,54,54,0
76,234.375,13,0,53,53,0
76,235.9375,14,0,55,55,0
76,237.5,15,0,0,0,0
76,239.0625,0,0,53,53,0
76,240.625,1,0,54,54,0
76,242.1875,2,0,55,55,0
76,243.75,3,0,54,54,0
76,245.3125,4,0,54,54,0
76,246.875,5,0,54,54,0
76,248.4375,6,0,51,51,0
76,250.0,7,0,0,0,0
76,251.5625,8,0,0,0,0
76,253.125,9,0,0,0,0
76,254.6875,10,0,0,0,0
76,256.25,11,0,0,0,0
76,257.8125,12,0,0,0,0
76,259.375,13,0,0,0,0
76,260.9375,14,0,0,0,0
76,262.5,15,0,0,0,0
76,264.0625,0,0,0,0,0
76,265.625,1,0,0,0,0
76,267.1875,2,0,0,0,0
76,268.75,3,0,0,0,0
76,270.3125,4,0,0,0,0
76,271.875,5,0,0,0,0
76,273.4375,6,0,0,0,0
77,0.0,7,83,0,0,0
77,1.5625,8,82,0,0,0
77,3.125,9,81,0,0,0
77,4.6875,10,83,0,0,0
77,6.25,11,82,0,0,0
77,7.8125,12,82,0,0,0
77,9.375,13,82,0,0,0
77,10.9375,14,82,0,0,0
77,12.5,15,0,0,0,0
77,14.0625,0,81,0,0,0
77,15.625,1,83,0,0,0
77,17.1875,2,84,0,0,0
77,18.75,3,85,0,0,0
77,20.3125,4,81,0,0,0
77,21.875,5,85,0,0,0
77,23.4375,6,81,0,0,0
77,25.0,7,97,0,0,0
77,26.5625,8,120,0,0,0
77,28.125,9,175,0,0,0
77,29.6875,10,264,0,0,0
77,31.25,11,377,0,0,0
77,32.8125,12,501,0,0,0
77,34.375,13,627,0,0,0
77,35.9375,14,752,0,0,0
77,37.5,15,0,0,0,0
77,39.0625,0,952,0,0,0
77,40.625,1,1007,0,0,0
77,42.1875,2,1023,0,0,0
77,43.75,3,1023,0,0,0
77,45.3125,4,1023,0,0,0
77,46.875,5,1023,0,0,0
77,48.4375,6,86,0,0,0
77,50.0,7,1023,0,0,0
77,51.5625,8,1023,0,0,0
77,53.125,9,1023,0,0,0
77,54.6875,10,1023,0,0,0
77,56.25,11,1023,0,0,0
77,57.8125,12,1023,0,0,0
77,59.375,13,1023,0,0,0
77,60.9375,14,1023,0,0,0
77,62.5,15,0,0,0,0
77,64.0625,0,1015,0,0,0
77,65.625,1,951,0,0,0
77,67.1875,2,873,0,0,0
77,68.75,3,800,0,0,0
77,70.3125,4,722,0,0,0
77,71.875,5,619,0,0,0
77,73.4375,6,1023,0,0,0
77,75.0,7,413,0,0,0
77,76.5625,8,332,0,0,0
77,78.125,9,249,0,0,0
77,79.6875,10,204,0,0,0
77,81.25,11,198,0,0,0
77,82.8125,12,200,0,0,0
77,84.375,13,203,0,0,0
77,85.9375,14,198,0,0,0
77,87.5,15,0,0,0,0
77,89.0625,0,198,0,0,0
77,90.625,1,195,0,0,0
77,92.1875,2,194,0,0,0
77,93.75,3,189,0,0,0
77,95.3125,4,188,0,0,0
77,96.875,5,186,0,0,0
77,98.4375,6,506,0,0,0
77,100.0,7,177,0,0,0
77,101.5625,8,175,0,0,0
77,103.125,9,172,0,0,0
77,104.6875,10,170,0,0,0
77,106.25,11,168,0,0,0
77,107.8125,12,167,0,0,0
77,109.375,13,164,0,0,0
77,110.9375,14,161,0,0,0
77,112.5,15,0,0,0,0
77,114.0625,0,160,0,0,0
77,115.625,1,158,0,0,0
77,117.1875,2,157,0,0,0
77,118.75,3,153,0,0,0
77,120.3125,4,154,0,0,0
77,121.875,5,152,0,0,0
77,123.4375,6,181,0,0,0
77,125.0,7,148,0,0,0
77,126.5625,8,146,0,0,0
77,128.125,9,144,0,0,0
77,129.6875,10,145,0,0,0
77,131.25,11,143,0,0,0
77,132.8125,12,138,0,0,0
77,134.375,13,141,0,0,0
77,135.9375,14,138,0,0,0
77,137.5,15,0,0,0,0
77,139.0625,0,136,0,0,0
77,140.625,1,136,0,0,0
77,142.1875,2,134,0,0,0
77,143.75,3,132,0,0,0
77,145.3125,4,133,0,0,0
77,146.875,5,132,0,0,0
77,148.4375,6,149,0,0,0
77,150.0,7,129,0,0,0
77,151.5625,8,129,0,0,0
77,153.125,9,127,0,0,0
77,154.6875,10,126,0,0,0
77,156.25,11,127,0,0,0
77,157.8125,12,127,0,0,0
77,159.375,13,126,0,0,0
77,160.9375,14,125,0,0,0
77,162.5,15,0,0,0,0
77,164.0625,0,123,0,0,0
77,165.625,1,123,0,0,0
77,167.1875,2,123,0,0,0
77,168.75,3,121,0,0,0
77,170.3125,4,121,0,0,0
77,171.875,5,120,0,0,0
77,173.4375,6,131,0,0,0
77,175.0,7,119,0,0,0
77,176.5625,8,117,0,0,0
77,178.125,9,118,0,0,0
77,179.6875,10,117,0,0,0
77,181.25,11,118,0,0,0
77,182.8125,12,115,0,0,0
77,184.375,13,114,0,0,0
77,185.9375,14,114,0,0,0
77,187.5,15,0,0,0,0
77,189.0625,0,115,0,0,0
77,190.625,1,116,0,0,0
77,192.1875,2,113,0,0,0
77,193.75,3,113,0,0,0
77,195.3125,4,111,0,0,0
77,196.875,5,113,0,0,0
77,198.4375,6,121,0,0,0
77,200.0,7,112,0,0,0
77,201.5625,8,112,0,0,0
77,203.125,9,112,0,0,0
77,204.6875,10,112,0,0,0
77,206.25,11,109,0,0,0
77,207.8125,12,109,0,0,0
77,209.375,13,109,0,0,0
77,210.9375,14,108,0,0,0
77,212.5,15,0,0,0,0
77,214.0625,0,108,0,0,0
77,215.625,1,108,0,0,0
77,217.1875,2,110,0,0,0
77,218.75,3,108,0,0,0
77,220.3125,4,107,0,0,0
77,221.875,5,106,0,0,0
77,223.4375,6,110,0,0,0
77,225.0,7,105,0,0,0
77,226.5625,8,104,0,0,0
77,228.125,9,107,0,0,0
77,229.6875,10,105,0,0,0
77,231.25,11,107,0,0,0
77,232.8125,12,103,0,0,0
77,234.375,13,105,0,0,0
77,235.9375,14,105,0,0,0
77,237.5,15,0,0,0,0
77,239.0625,0,104,0,0,0
77,240.625,1,104,0,0,0
77,242.1875,2,103,0,0,0
77,243.75,3,103,0,0,0
77,245.3125,4,101,0,0,0
77,246.875,5,101,0,0,0
77,248.4375,6,107,0,0,0
77,250.0,7,0,0,0,0
77,251.5625,8,0,0,0,0
77,253.125,9,0,0,0,0
77,254.6875,10,0,0,0,0
77,256.25,11,0,0,0,0
77,257.8125,12,0,0,0,0
77,259.375,13,0,0,0,0
77,260.9375,14,0,0,0,0
77,262.5,15,0,0,0,0
77,264.0625,0,0,0,0,0
77,265.625,1,0,0,0,0
77,267.1875,2,0,0,0,0
77,268.75,3,0,0,0,0
77,270.3125,4,0,0,0,0
77,271.875,5,0,0,0,0
77,273.4375,6,0,0,0,0
78,0.0,7,76,0,0,0
78,1.5625,8,76,0,0,0
78,3.125,9,75,0,0,0
78,4.6875,10,75,0,0,0
78,6.25,11,76,0,0,0
78,7.8125,12,75,0,0,0
78,9.375,13,78,0,0,0
78,10.9375,14,77,0,0,0
78,12.5,15,0,0,0,0
78,14.0625,0,76,0,0,0
78,15.625,1,74,0,0,0
78,17.1875,2,77,0,0,0
78,18.75,3,77,0,0,0
78,20.3125,4,74,0,0,0
78,21.875,5,78,0,0,0
78,23.4375,6,76,0,0,0
78,25.0,7,88,0,0,0
78,26.5625,8,113,0,0,0
78,28.125,9,164,0,0,0
78,29.6875,10,245,0,0,0
78,31.25,11,363,0,0,0
78,32.8125,12,488,0,0,0
78,34.375,13,613,0,0,0
78,35.9375,14,736,0,0,0
78,37.5,15,0,0,0,0
78,39.0625,0,942,0,0,0
78,40.625,1,999,0,0,0
78,42.1875,2,1023,0,0,0
78,43.75,3,1023,0,0,0
78,45.3125,4,1023,0,0,0
78,46.875,5,1023,0,0,0
78,48.4375,6,80,0,0,0
78,50.0,7,1023,0,0,0
78,51.5625,8,1023,0,0,0
78,53.125,9,1023,0,0,0
78,54.6875,10,1023,0,0,0
78,56.25,11,1023,0,0,0
78,57.8125,12,1023,0,0,0
78,59.375,13,1023,0,0,0
78,60.9375,14,1023,0,0,0
78,62.5,15,0,0,0,0
78,64.0625,0,977,0,0,0
78,65.625,1,909,0,0,0
78,67.1875,2,844,0,0,0
78,68.75,3,777,0,0,0
78,70.3125,4,722,0,0,0
78,71.875,5,658,0,0,0
78,73.4375,6,1023,0,0,0
78,75.0,7,475,0,0,0
78,76.5625,8,396,0,0,0
78,78.125,9,319,0,0,0
78,79.6875,10,245,0,0,0
78,81.25,11,202,0,0,0
78,82.8125,12,191,0,0,0
78,84.375,13,191,0,0,0
78,85.9375,14,189,0,0,0
78,87.5,15,0,0,0,0
78,89.0625,0,187,0,0,0
78,90.625,1,183,0,0,0
78,92.1875,2,180,0,0,0
78,93.75,3,177,0,0,0
78,95.3125,4,175,0,0,0
78,96.875,5,169,0,0,0
78,98.4375,6,576,0,0,0
78,100.0,7,164,0,0,0
78,101.5625,8,162,0,0,0
78,103.125,9,157,0,0,0
78,104.6875,10,157,0,0,0
78,106.25,11,157,0,0,0
78,107.8125,12,154,0,0,0
78,109.375,13,152,0,0,0
78,110.9375,14,152,0,0,0
78,112.5,15,0,0,0,0
78,114.0625,0,148,0,0,0
78,115.625,1,146,0,0,0
78,117.1875,2,144,0,0,0
78,118.75,3,143,0,0,0
78,120.3125,4,143,0,0,0
78,121.875,5,139,0,0,0
78,123.4375,6,167,0,0,0
78,125.0,7,138,0,0,0
78,126.5625,8,137,0,0,0
78,128.125,9,136,0,0,0
78,129.6875,10,133,0,0,0
78,131.25,11,133,0,0,0
78,132.8125,12,132,0,0,0
78,134.375,13,129,0,0,0
78,135.9375,14,131,0,0,0
78,137.5,15,0,0,0,0
78,139.0625,0,127,0,0,0
78,140.625,1,127,0,0,0
78,142.1875,2,125,0,0,0
78,143.75,3,125,0,0,0
78,145.3125,4,124,0,0,0
78,146.875,5,122,0,0,0
78,148.4375,6,140,0,0,0
78,150.0,7,120,0,0,0
78,151.5625,8,121,0,0,0
78,153.125,9,120,0,0,0
78,154.6875,10,119,0,0,0
78,156.25,11,117,0,0,0
78,157.8125,12,117,0,0,0
78,159.375,13,118,0,0,0
78,160.9375,14,118,0,0,0
78,162.5,15,0,0,0,0
78,164.0625,0,116,0,0,0
78,165.625,1,113,0,0,0
78,167.1875,2,113,0,0,0
78,168.75,3,113,0,0,0
78,170.3125,4,113,0,0,0
78,171.875,5,113,0,0,0
78,173.4375,6,121,0,0,0
78,175.0,7,112,0,0,0
78,176.5625,8,110,0,0,0
78,178.125,9,109,0,0,0
78,179.6875,10,110,0,0,0
78,181.25,11,108,0,0,0
78,182.8125,12,111,0,0,0
78,184.375,13,109,0,0,0
78,185.9375,14,108,0,0,0
78,187.5,15,0,0,0,0
78,189.0625,0,108,0,0,0
78,190.625,1,105,0,0,0
78,192.1875,2,105,0,0,0
78,193.75,3,105,0,0,0
78,195.3125,4,105,0,0,0
78,196.875,5,105,0,0,0
78,198.4375,6,112,0,0,0
78,200.0,7,105,0,0,0
78,201.5625,8,103,0,0,0
78,203.125,9,104,0,0,0
78,204.6875,10,102,0,0,0
78,206.25,11,104,0,0,0
78,207.8125,12,100,0,0,0
78,209.375,13,101,0,0,0
78,210.9375,14,0,0,0,0
78,212.5,15,0,0,0,0
78,214.0625,0,102,0,0,0
78,215.625,1,101,0,0,0
78,217.1875,2,100,0,0,0
78,218.75,3,102,0,0,0
78,220.3125,4,102,0,0,0
78,221.875,5,100,0,0,0
78,223.4375,6,106,0,0,0
78,225.0,7,98,0,0,0
78,226.5625,8,100,0,0,0
78,228.125,9,98,0,0,0
78,229.6875,10,98,0,0,0
78,231.25,11,99,0,0,0
78,232.8125,12,97,0,0,0
78,234.375,13,97,0,0,0
78,235.9375,14,97,0,0,0
78,237.5,15,0,0,0,0
78,239.0625,0,96,0,0,0
78,240.625,1,96,0,0,0
78,242.1875,2,95,0,0,0
78,243.75,3,95,0,0,0
78,245.3125,4,95,0,0,0
78,246.875,5,95,0,0,0
78,248.4375,6,98,0,0,0
78,250.0,7,0,0,0,0
78,251.5625,8,0,0,0,0
78,253.125,9,0,0,0,0
78,254.6875,10,0,0,0,0
78,256.25,11,0,0,0,0
78,257.8125,12,0,0,0,0
78,259.375,13,0,0,0,0
78,260.9375,14,0,0,0,0
78,262.5,15,0,0,0,0
78,264.0625,0,0,0,0,0
78,265.625,1,0,0,0,0
78,267.1875,2,0,0,0,0
78,268.75,3,0,0,0,0
78,270.3125,4,0,0,0,0
78,271.875,5,0,0,0,0
78,273.4375,6,0,0,0,0
79,0.0,7,73,0,0,0
79,1.5625,8,72,0,0,0
79,3.125,9,73,0,0,0
79,4.6875,10,73,0,0,0
79,6.25,11,73,0,0,0
79,7.8125,12,73,0,0,0
79,9.375,13,73,0,0,0
79,10.9375,14,74,0,0,0
79,12.5,15,0,0,0,0
79,14.0625,0,73,0,0,0
79,15.625,1,73,0,0,0
79,17.1875,2,72,0,0,0
79,18.75,3,72,0,0,0
79,20.3125,4,73,0,0,0
79,21.875,5,75,0,0,0
79,23.4375,6,72,0,0,0
79,25.0,7,86,0,0,0
79,26.5625,8,109,0,0,0
79,28.125,9,160,0,0,0
79,29.6875,10,243,0,0,0
79,31.25,11,361,0,0,0
79,32.8125,12,488,0,0,0
79,34.375,13,614,0,0,0
79,35.9375,14,738,0,0,0
79,37.5,15,0,0,0,0
79,39.0625,0,936,0,0,0
79,40.625,1,987,0,0,0
79,42.1875,2,1011,0,0,0
79,43.75,3,1022,0,0,0
79,45.3125,4,1023,0,0,0
79,46.875,5,1023,0,0,0
79,48.4375,6,79,0,0,0
79,50.0,7,1023,0,0,0
79,51.5625,8,1023,0,0,0
79,53.125,9,1023,0,0,0
79,54.6875,10,1023,0,0,0
79,56.25,11,1023,421,421,228
79,57.8125,12,1023,410,410,157
79,59.375,13,1023,422,422,97
79,60.9375,14,1023,404,404,35
79,62.5,15,0,0,0,0
79,64.0625,0,994,409,409,925
79,65.625,1,938,421,421,869
79,67.1875,2,873,411,411,795
79,68.75,3,802,417,417,743
79,70.3125,4,737,403,403,677
79,71.875,5,678,422,422,613
79,73.4375,6,1023,0,0,0
79,75.0,7,516,404,404,477
79,76.5625,8,422,408,408,413
79,78.125,9,330,420,420,355
79,79.6875,10,260,400,400,294
79,81.25,11,204,0,0,0
79,82.8125,12,180,0,0,0
79,84.375,13,182,0,0,0
79,85.9375,14,184,0,0,0
79,87.5,15,0,0,0,0
79,89.0625,0,185,0,0,0
79,90.625,1,183,0,0,0
79,92.1875,2,180,0,0,0
79,93.75,3,180,0,0,0
79,95.3125,4,177,0,0,0
79,96.875,5,173,0,0,0
79,98.4375,6,606,408,408,538
79,100.0,7,168,0,0,0
79,101.5625,8,164,0,0,0
79,103.125,9,160,0,0,0
79,104.6875,10,155,0,0,0
79,106.25,11,156,0,0,0
79,107.8125,12,154,0,0,0
79,109.375,13,153,0,0,0
79,110.9375,14,152,0,0,0
79,112.5,15,0,0,0,0
79,114.0625,0,148,0,0,0
79,115.625,1,147,0,0,0
79,117.1875,2,146,0,0,0
79,118.75,3,141,0,0,0
79,120.3125,4,143,0,0,0
79,121.875,5,142,0,0,0
79,123.4375,6,170,0,0,0
79,125.0,7,138,0,0,0
79,126.5625,8,137,0,0,0
79,128.125,9,135,0,0,0
79,129.6875,10,131,0,0,0
79,131.25,11,131,0,0,0
79,132.8125,12,132,0,0,0
79,134.375,13,130,0,0,0
79,135.9375,14,130,0,0,0
79,137.5,15,0,0,0,0
79,139.0625,0,125,0,0,0
79,140.625,1,126,0,0,0
79,142.1875,2,126,0,0,0
79,143.75,3,125,0,0,0
79,145.3125,4,123,0,0,0
79,146.875,5,121,0,0,0
79,148.4375,6,138,0,0,0
79,150.0,7,121,0,0,0
79,151.5625,8,120,0,0,0
79,153.125,9,117,0,0,0
79,154.6875,10,119,0,0,0
79,156.25,11,117,0,0,0
79,157.8125,12,117,0,0,0
79,159.375,13,116,0,0,0
79,160.9375,14,115,0,0,0
79,162.5,15,0,0,0,0
79,164.0625,0,114,0,0,0
79,165.625,1,113,0,0,0
79,167.1875,2,111,0,0,0
79,168.75,3,113,0,0,0
79,170.3125,4,111,0,0,0
79,171.875,5,0,0,0,0
79,173.4375,6,121,0,0,0
79,175.0,7,111,0,0,0
79,176.5625,8,110,0,0,0
79,178.125,9,109,0,0,0
79,179.6875,10,108,0,0,0
79,181.25,11,108,0,0,0
79,182.8125,12,109,0,0,0
79,184.375,13,108,0,0,0
79,185.9375,14,108,0,0,0
79,187.5,15,0,0,0,0
79,189.0625,0,105,0,0,0
79,190.625,1,105,0,0,0
79,192.1875,2,104,0,0,0
79,193.75,3,104,0,0,0
79,195.3125,4,104,0,0,0
79,196.875,5,102,0,0,0
79,198.4375,6,109,0,0,0
79,200.0,7,102,0,0,0
79,201.5625,8,104,0,0,0
79,203.125,9,101,0,0,0
79,204.6875,10,99,0,0,0
79,206.25,11,101,0,0,0
79,207.8125,12,101,0,0,0
79,209.375,13,101,0,0,0
79,210.9375,14,99,0,0,0
79,212.5,15,0,0,0,0
79,214.0625,0,99,0,0,0
79,215.625,1,99,0,0,0
79,217.1875,2,100,0,0,0
79,218.75,3,97,0,0,0
79,220.3125,4,98,0,0,0
79,221.875,5,97,0,0,0
79,223.4375,6,101,0,0,0
79,225.0,7,97,0,0,0
79,226.5625,8,97,0,0,0
79,228.125,9,96,0,0,0
79,229.6875,10,96,0,0,0
79,231.25,11,93,0,0,0
79,232.8125,12,95,0,0,0
79,234.375,13,95,0,0,0
79,235.9375,14,95,0,0,0
79,237.5,15,0,0,0,0
79,239.0625,0,93,0,0,0
79,240.625,1,94,0,0,0
79,242.1875,2,93,0,0,0
79,243.75,3,94,0,0,0
79,245.3125,4,95,0,0,0
79,246.875,5,94,0,0,0
79,248.4375,6,98,0,0,0
79,250.0,7,0,0,0,0
79,251.5625,8,0,0,0,0
79,253.125,9,0,0,0,0
79,254.6875,10,0,0,0,0
79,256.25,11,0,0,0,0
79,257.8125,12,0,0,0,0
79,259.375,13,0,0,0,0
79,260.9375,14,0,0,0,0
79,262.5,15,0,0,0,0
79,264.0625,0,0,0,0,0
79,265.625,1,0,0,0,0
79,267.1875,2,0,0,0,0
79,268.75,3,0,0,0,0
79,270.3125,4,0,0,0,0
79,271.875,5,0,0,0,0
79,273.4375,6,0,0,0,0
80,0.0,7,75,0,0,0
80,1.5625,8,74,0,0,0
80,3.125,9,76,0,0,0
80,4.6875,10,75,0,0,0
80,6.25,11,74,0,0,0
80,7.8125,12,75,0,0,0
80,9.375,13,76,0,0,0
80,10.9375,14,74,0,0,0
80,12.5,15,0,0,0,0
80,14.0625,0,75,0,0,0
80,15.625,1,75,0,0,0
80,17.1875,2,75,0,0,0
80,18.75,3,76,0,0,0
80,20.3125,4,75,0,0,0
80,21.875,5,78,0,0,0
80,23.4375,6,74,0,0,0
80,25.0,7,89,0,0,0
80,26.5625,8,114,0,0,0
80,28.125,9,164,0,0,0
80,29.6875,10,250,0,0,0
80,31.25,11,367,0,0,0
80,32.8125,12,492,0,0,0
80,34.375,13,619,0,0,0
80,35.9375,14,743,0,0,0
80,37.5,15,0,0,0,0
80,39.0625,0,942,0,0,0
80,40.625,1,995,0,0,0
80,42.1875,2,1021,0,0,0
80,43.75,3,1023,0,0,0
80,45.3125,4,1023,0,0,0
80,46.875,5,1023,0,0,0
80,48.4375,6,78,0,0,0
80,50.0,7,1023,0,0,0
80,51.5625,8,1023,0,0,0
80,53.125,9,1023,0,0,0
80,54.6875,10,1023,0,0,0
80,56.25,11,1023,0,0,0
80,57.8125,12,1023,0,0,0
80,59.375,13,1023,0,0,0
80,60.9375,14,1023,0,0,0
80,62.5,15,0,0,0,0
80,64.0625,0,1016,0,0,0
80,65.625,1,960,0,0,0
80,67.1875,2,901,0,0,0
80,68.75,3,832,0,0,0
80,70.3125,4,759,0,0,0
80,71.875,5,675,0,0,0
80,73.4375,6,1023,0,0,0
80,75.0,7,421,0,0,0
80,76.5625,8,330,0,0,0
80,78.125,9,239,0,0,0
80,79.6875,10,181,0,0,0
80,81.25,11,175,0,0,0
80,82.8125,12,178,0,0,0
80,84.375,13,181,0,0,0
80,85.9375,14,186,0,0,0
80,87.5,15,0,0,0,0
80,89.0625,0,189,0,0,0
80,90.625,1,189,0,0,0
80,92.1875,2,185,0,0,0
80,93.75,3,182,0,0,0
80,95.3125,4,178,0,0,0
80,96.875,5,178,0,0,0
80,98.4375,6,543,0,0,0
80,100.0,7,168,0,0,0
80,101.5625,8,166,0,0,0
80,103.125,9,165,0,0,0
80,104.6875,10,161,0,0,0
80,106.25,11,159,0,0,0
80,107.8125,12,157,0,0,0
80,109.375,13,156,0,0,0
80,110.9375,14,153,0,0,0
80,112.5,15,0,0,0,0
80,114.0625,0,151,0,0,0
80,115.625,1,149,0,0,0
80,117.1875,2,149,0,0,0
80,118.75,3,148,0,0,0
80,120.3125,4,146,0,0,0
80,121.875,5,142,0,0,0
80,123.4375,6,174,0,0,0
80,125.0,7,140,0,0,0
80,126.5625,8,139,0,0,0
80,128.125,9,137,0,0,0
80,129.6875,10,136,0,0,0
80,131.25,11,133,0,0,0
80,132.8125,12,133,0,0,0
80,134.375,13,131,0,0,0
80,135.9375,14,128,0,0,0
80,137.5,15,0,0,0,0
80,139.0625,0,128,0,0,0
80,140.625,1,127,0,0,0
80,142.1875,2,126,0,0,0
80,143.75,3,125,0,0,0
80,145.3125,4,125,0,0,0
80,146.875,5,123,0,0,0
80,148.4375,6,141,0,0,0
80,150.0,7,120,0,0,0
80,151.5625,8,121,0,0,0
80,153.125,9,121,0,0,0
80,154.6875,10,120,0,0,0
80,156.25,11,119,0,0,0
80,157.8125,12,118,0,0,0
80,159.375,13,117,0,0,0
80,160.9375,14,119,0,0,0
80,162.5,15,0,0,0,0
80,164.0625,0,115,0,0,0
80,165.625,1,114,0,0,0
80,167.1875,2,114,0,0,0
80,168.75,3,114,0,0,0
80,170.3125,4,114,0,0,0
80,171.875,5,113,0,0,0
80,173.4375,6,123,0,0,0
80,175.0,7,109,0,0,0
80,176.5625,8,112,0,0,0
80,178.125,9,112,0,0,0
80,179.6875,10,109,0,0,0
80,181.25,11,110,0,0,0
80,182.8125,12,109,0,0,0
80,184.375,13,109,0,0,0
80,185.9375,14,109,0,0,0
80,187.5,15,0,0,0,0
80,189.0625,0,109,0,0,0
80,190.625,1,108,0,0,0
80,192.1875,2,105,0,0,0
80,193.75,3,107,0,0,0
80,195.3125,4,104,0,0,0
80,196.875,5,104,0,0,0
80,198.4375,6,113,0,0,0
80,200.0,7,104,0,0,0
80,201.5625,8,104,0,0,0
80,203.125,9,102,0,0,0
80,204.6875,10,102,0,0,0
80,206.25,11,101,0,0,0
80,207.8125,12,104,0,0,0
80,209.375,13,101,0,0,0
80,210.9375,14,102,0,0,0
80,212.5,15,0,0,0,0
80,214.0625,0,100,0,0,0
80,215.625,1,101,0,0,0
80,217.1875,2,98,0,0,0
80,218.75,3,101,0,0,0
80,220.3125,4,100,0,0,0
80,221.875,5,99,0,0,0
80,223.4375,6,105,0,0,0
80,225.0,7,95,0,0,0
80,226.5625,8,97,0,0,0
80,228.125,9,98,0,0,0
80,229.6875,10,99,0,0,0
80,231.25,11,98,0,0,0
80,232.8125,12,98,0,0,0
80,234.375,13,95,0,0,0
80,235.9375,14,96,0,0,0
80,237.5,15,0,0,0,0
80,239.0625,0,95,0,0,0
80,240.625,1,96,0,0,0
80,242.1875,2,96,0,0,0
80,243.75,3,95,0,0,0
80,245.3125,4,95,0,0,0
80,246.875,5,96,0,0,0
80,248.4375,6,99,0,0,0
80,250.0,7,0,0,0,0
80,251.5625,8,0,0,0,0
80,253.125,9,0,0,0,0
80,254.6875,10,0,0,0,0
80,256.25,11,0,0,0,0
80,257.8125,12,0,0,0,0
80,259.375,13,0,0,0,0
80,260.9375,14,0,0,0,0
80,262.5,15,0,0,0,0
80,264.0625,0,0,0,0,0
80,265.625,1,0,0,0,0
80,267.1875,2,0,0,0,0
80,268.75,3,0,0,0,0
80,270.3125,4,0,0,0,0
80,271.875,5,0,0,0,0
80,273.4375,6,0,0,0,0
81,0.0,7,0,0,0,0
81,1.5625,8,0,0,0,0
81,3.125,9,0,0,0,0
81,4.6875,10,0,0,0,0
81,6.25,11,0,0,0,0
81,7.8125,12,0,0,0,0
81,9.375,13,0,0,0,0
81,10.9375,14,0,0,0,0
81,12.5,15,0,0,0,0
81,14.0625,0,0,0,0,0
81,15.625,1,0,0,0,0
81,17.1875,2,0,0,0,0
81,18.75,3,0,0,0,0
81,20.3125,4,0,0,0,0
81,21.875,5,0,0,0,0
81,23.4375,6,0,0,0,0
81,25.0,7,0,0,0,0
81,26.5625,8,0,0,0,0
81,28.125,9,0,0,0,0
81,29.6875,10,0,0,0,0
81,31.25,11,0,0,0,0
81,32.8125,12,0,0,0,0
81,34.375,13,0,0,0,0
81,35.9375,14,0,0,0,0
81,37.5,15,0,0,0,0
81,39.0625,0,0,0,0,0
81,40.625,1,0,0,0,0
81,42.1875,2,0,0,0,0
81,43.75,3,0,0,0,0
81,45.3125,4,0,0,0,0
81,46.875,5,0,0,0,0
81,48.4375,6,0,0,0,0
81,50.0,7,0,0,0,0
81,51.5625,8,0,0,0,0
81,53.125,9,0,0,0,0
81,54.6875,10,0,0,0,0
81,56.25,11,0,0,0,0
81,57.8125,12,0,0,0,0
81,59.375,13,0,0,0,0
81,60.9375,14,0,0,0,0
81,62.5,15,0,0,0,0
81,64.0625,0,0,0,0,0
81,65.625,1,0,0,0,0
81,67.1875,2,0,0,0,0
81,68.75,3,0,0,0,0
81,70.3125,4,0,0,0,0
81,71.875,5,0,0,0,0
81,73.4375,6,0,0,0,0
81,75.0,7,0,0,0,0
81,76.5625,8,0,0,0,0
81,78.125,9,0,0,0,0
81,79.6875,10,0,0,0,0
81,81.25,11,0,0,0,0
81,82.8125,12,0,0,0,0
81,84.375,13,0,0,0,0
81,85.9375,14,0,0,0,0
81,87.5,15,0,0,0,0
81,89.0625,0,0,0,0,0
81,90.625,1,0,0,0,0
81,92.1875,2,0,0,0,0
81,93.75,3,0,0,0,0
81,95.3125,4,0,0,0,0
81,96.875,5,0,0,0,0
81,98.4375,6,0,0,0,0
81,100.0,7,0,0,0,0
81,101.5625,8,0,0,0,0
81,103.125,9,0,0,0,0
81,104.6875,10,0,0,0,0
81,106.25,11,0,0,0,0
81,107.8125,12,0,0,0,0
81,109.375,13,0,0,0,0
81,110.9375,14,0,0,0,0
81,112.5,15,0,0,0,0
81,114.0625,0,0,0,0,0
81,115.625,1,0,0,0,0
81,117.1875,2,0,0,0,0
81,118.75,3,0,0,0,0
81,120.3125,4,0,0,0,0
81,121.875,5,0,0,0,0
81,123.4375,6,0,0,0,0
81,125.0,7,0,0,0,0
81,126.5625,8,0,0,0,0
81,128.125,9,0,0,0,0
81,129.6875,10,0,0,0,0
81,131.25,11,0,0,0,0
81,132.8125,12,0,0,0,0
81,134.375,13,0,0,0,0
81,135.9375,14,0,0,0,0
81,137.5,15,0,0,0,0
81,139.0625,0,0,0,0,0
81,140.625,1,0,0,0,0
81,142.1875,2,0,0,0,0
81,143.75,3,0,0,0,0
81,145.3125,4,0,0,0,0
81,146.875,5,0,0,0,0
81,148.4375,6,0,0,0,0
81,150.0,7,0,0,0,0
81,151.5625,8,0,0,0,0
81,153.125,9,0,0,0,0
81,154.6875,10,0,0,0,0
81,156.25,11,0,0,0,0
81,157.8125,12,0,0,0,0
81,159.375,13,0,0,0,0
81,160.9375,14,0,0,0,0
81,162.5,15,0,0,0,0
81,164.0625,0,0,0,0,0
81,165.625,1,0,0,0,0
81,167.1875,2,0,0,0,0
81,168.75,3,0,0,0,0
81,170.3125,4,0,0,0,0
81,171.875,5,0,0,0,0
81,173.4375,6,0,0,0,0
81,175.0,7,0,0,0,0
81,176.5625,8,0,0,0,0
81,178.125,9,0,0,0,0
81,179.6875,10,0,0,0,0
81,181.25,11,0,0,0,0
81,182.8125,12,0,0,0,0
81,184.375,13,0,0,0,0
81,185.9375,14,0,0,0,0
81,187.5,15,0,0,0,0
81,189.0625,0,0,0,0,0
81,190.625,1,0,0,0,0
81,192.1875,2,0,0,0,0
81,193.75,3,0,0,0,0
81,195.3125,4,0,0,0,0
81,196.875,5,0,0,0,0
81,198.4375,6,0,0,0,0
81,200.0,7,0,0,0,0
81,201.5625,8,0,0,0,0
81,203.125,9,0,0,0,0
81,204.6875,10,0,0,0,0
81,206.25,11,0,0,0,0
81,207.8125,12,0,0,0,0
81,209.375,13,0,0,0,0
81,210.9375,14,0,0,0,0
81,212.5,15,0,0,0,0
81,214.0625,0,0,0,0,0
81,215.625,1,0,0,0,0
81,217.1875,2,0,0,0,0
81,218.75,3,0,0,0,0
81,220.3125,4,0,0,0,0
81,221.875,5,0,0,0,0
81,223.4375,6,0,0,0,0
81,225.0,7,0,0,0,0
81,226.5625,8,0,0,0,0
81,228.125,9,0,0,0,0
81,229.6875,10,0,0,0,0
81,231.25,11,0,0,0,0
81,232.8125,12,0,0,0,0
81,234.375,13,0,0,0,0
81,235.9375,14,0,0,0,0
81,237.5,15,0,0,0,0
81,239.0625,0,0,0,0,0
81,240.625,1,0,0,0,0
81,242.1875,2,0,0,0,0
81,243.75,3,0,0,0,0
81,245.3125,4,0,0,0,0
81,246.875,5,0,0,0,0
81,248.4375,6,0,0,0,0
81,250.0,7,0,0,0,0
81,251.5625,8,0,0,0,0
81,253.125,9,0,0,0,0
81,254.6875,10,0,0,0,0
81,256.25,11,0,0,0,0
81,257.8125,12,0,0,0,0
81,259.375,13,0,0,0,0
81,260.9375,14,0,0,0,0
81,262.5,15,0,0,0,0
81,264.0625,0,0,0,0,0
81,265.625,1,0,0,0,0
81,267.1875,2,0,0,0,0
81,268.75,3,0,0,0,0
81,270.3125,4,0,0,0,0
81,271.875,5,0,0,0,0
81,273.4375,6,0,0,0,0
82,0.0,7,0,0,0,0
82,1.5625,8,0,0,0,0
82,3.125,9,0,0,0,0
82,4.6875,10,0,0,0,0
82,6.25,11,0,0,0,0
82,7.8125,12,0,0,0,0
82,9.375,13,0,0,0,0
82,10.9375,14,0,0,0,0
82,12.5,15,0,0,0,0
82,14.0625,0,0,0,0,0
82,15.625,1,0,0,0,0
82,17.1875,2,0,0,0,0
82,18.75,3,0,0,0,0
82,20.3125,4,0,0,0,0
82,21.875,5,0,0,0,0
82,23.4375,6,0,0,0,0
82,25.0,7,0,0,0,0
82,26.5625,8,0,0,0,0
82,28.125,9,0,0,0,0
82,29.6875,10,0,0,0,0
82,31.25,11,0,0,0,0
82,32.8125,12,0,0,0,0
82,34.375,13,0,0,0,0
82,35.9375,14,0,0,0,0
82,37.5,15,0,0,0,0
82,39.0625,0,0,0,0,0
82,40.625,1,0,0,0,0
82,42.1875,2,0,0,0,0
82,43.75,3,0,0,0,0
82,45.3125,4,0,0,0,0
82,46.875,5,0,0,0,0
82,48.4375,6,0,0,0,0
82,50.0,7,0,0,0,0
82,51.5625,8,0,0,0,0
82,53.125,9,0,0,0,0
82,54.6875,10,0,0,0,0
82,56.25,11,0,0,0,0
82,57.8125,12,0,0,0,0
82,59.375,13,0,0,0,0
82,60.9375,14,0,0,0,0
82,62.5,15,0,0,0,0
82,64.0625,0,0,0,0,0
82,65.625,1,0,0,0,0
82,67.1875,2,0,0,0,0
82,68.75,3,0,0,0,0
82,70.3125,4,0,0,0,0
82,71.875,5,0,0,0,0
82,73.4375,6,0,0,0,0
82,75.0,7,0,0,0,0
82,76.5625,8,0,0,0,0
82,78.125,9,0,0,0,0
82,79.6875,10,0,0,0,0
82,81.25,11,0,0,0,0
82,82.8125,12,0,0,0,0
82,84.375,13,0,0,0,0
82,85.9375,14,0,0,0,0
82,87.5,15,0,0,0,0
82,89.0625,0,0,0,0,0
82,90.625,1,0,0,0,0
82,92.1875,2,0,0,0,0
82,93.75,3,0,0,0,0
82,95.3125,4,0,0,0,0
82,96.875,5,0,0,0,0
82,98.4375,6,0,0,0,0
82,100.0,7,0,0,0,0
82,101.5625,8,0,0,0,0
82,103.125,9,0,0,0,0
82,104.6875,10,0,0,0,0
82,106.25,11,0,0,0,0
82,107.8125,12,0,0,0,0
82,109.375,13,0,0,0,0
82,110.9375,14,0,0,0,0
82,112.5,15,0,0,0,0
82,114.0625,0,0,0,0,0
82,115.625,1,0,0,0,0
82,117.1875,2,0,0,0,0
82,118.75,3,0,0,0,0
82,120.3125,4,0,0,0,0
82,121.875,5,0,0,0,0
82,123.4375,6,0,0,0,0
82,125.0,7,0,0,0,0
82,126.5625,8,0,0,0,0
82,128.125,9,0,0,0,0
82,129.6875,10,0,0,0,0
82,131.25,11,0,0,0,0
82,132.8125,12,0,0,0,0
82,134.375,13,0,0,0,0
82,135.9375,14,0,0,0,0
82,137.5,15,0,0,0,0
82,139.0625,0,0,0,0,0
82,140.625,1,0,0,0,0
82,142.1875,2,0,0,0,0
82,143.75,3,0,0,0,0
82,145.3125,4,0,0,0,0
82,146.875,5,0,0,0,0
82,148.4375,6,0,0,0,0
82,150.0,7,0,0,0,0
82,151.5625,8,0,0,0,0
82,153.125,9,0,0,0,0
82,154.6875,10,0,0,0,0
82,156.25,11,0,0,0,0
82,157.8125,12,0,0,0,0
82,159.375,13,0,0,0,0
82,160.9375,14,0,0,0,0
82,162.5,15,0,0,0,0
82,164.0625,0,0,0,0,0
82,165.625,1,0,0,0,0
82,167.1875,2,0,0,0,0
82,168.75,3,0,0,0,0
82,170.3125,4,0,0,0,0
82,171.875,5,0,0,0,0
82,173.4375,6,0,0,0,0
82,175.0,7,0,0,0,0
82,176.5625,8,0,0,0,0
82,178.125,9,0,0,0,0
82,179.6875,10,0,0,0,0
82,181.25,11,0,0,0,0
82,182.8125,12,0,0,0,0
82,184.375,13,0,0,0,0
82,185.9375,14,0,0,0,0
82,187.5,15,0,0,0,0
82,189.0625,0,0,0,0,0
82,190.625,1,0,0,0,0
82,192.1875,2,0,0,0,0
82,193.75,3,0,0,0,0
82,195.3125,4,0,0,0,0
82,196.875,5,0,0,0,0
82,198.4375,6,0,0,0,0
82,200.0,7,0,0,0,0
82,201.5625,8,0,0,0,0
82,203.125,9,0,0,0,0
82,204.6875,10,0,0,0,0
82,206.25,11,0,0,0,0
82,207.8125,12,0,0,0,0
82,209.375,13,0,0,0,0
82,210.9375,14,0,0,0,0
82,212.5,15,0,0,0,0
82,214.0625,0,0,0,0,0
82,215.625,1,0,0,0,0
82,217.1875,2,0,0,0,0
82,218.75,3,0,0,0,0
82,220.3125,4,0,0,0,0
82,221.875,5,0,0,0,0
82,223.4375,6,0,0,0,0
82,225.0,7,0,0,0,0
82,226.5625,8,0,0,0,0
82,228.125,9,0,0,0,0
82,229.6875,10,0,0,0,0
82,231.25,11,0,0,0,0
82,232.8125,12,0,0,0,0
82,234.375,13,0,0,0,0
82,235.9375,14,0,0,0,0
82,237.5,15,0,0,0,0
82,239.0625,0,0,0,0,0
82,240.625,1,0,0,0,0
82,242.1875,2,0,0,0,0
82,243.75,3,0,0,0,0
82,245.3125,4,0,0,0,0
82,246.875,5,0,0,0,0
82,248.4375,6,0,0,0,0
82,250.0,7,0,0,0,0
82,251.5625,8,0,0,0,0
82,253.125,9,0,0,0,0
82,254.6875,10,0,0,0,0
82,256.25,11,0,0,0,0
82,257.8125,12,0,0,0,0
82,259.375,13,0,0,0,0
82,260.9375,14,0,0,0,0
82,262.5,15,0,0,0,0
82,264.0625,0,0,0,0,0
82,265.625,1,0,0,0,0
82,267.1875,2,0,0,0,0
82,268.75,3,0,0,0,0
82,270.3125,4,0,0,0,0
82,271.875,5,0,0,0,0
82,273.4375,6,0,0,0,0
83,0.0,7,0,0,0,0
83,1.5625,8,0,0,0,0
83,3.125,9,0,0,0,0
83,4.6875,10,0,0,0,0
83,6.25,11,0,0,0,0
83,7.8125,12,0,0,0,0
83,9.375,13,0,0,0,0
83,10.9375,14,0,0,0,0
83,12.5,15,0,0,0,0
83,14.0625,0,0,0,0,0
83,15.625,1,0,0,0,0
83,17.1875,2,0,0,0,0
83,18.75,3,0,0,0,0
83,20.3125,4,0,0,0,0
83,21.875,5,0,0,0,0
83,23.4375,6,0,0,0,0
83,25.0,7,0,0,0,0
83,26.5625,8,0,0,0,0
83,28.125,9,0,0,0,0
83,29.6875,10,0,0,0,0
83,31.25,11,0,0,0,0
83,32.8125,12,0,0,0,0
83,34.375,13,0,0,0,0
83,35.9375,14,0,0,0,0
83,37.5,15,0,0,0,0
83,39.0625,0,0,0,0,0
83,40.625,1,0,0,0,0
83,42.1875,2,0,0,0,0
83,43.75,3,0,0,0,0
83,45.3125,4,0,0,0,0
83,46.875,5,0,0,0,0
83,48.4375,6,0,0,0,0
83,50.0,7,0,0,0,0
83,51.5625,8,0,0,0,0
83,53.125,9,0,0,0,0
83,54.6875,10,0,0,0,0
83,56.25,11,0,0,0,0
83,57.8125,12,0,0,0,0
83,59.375,13,0,0,0,0
83,60.9375,14,0,0,0,0
83,62.5,15,0,0,0,0
83,64.0625,0,0,0,0,0
83,65.625,1,0,0,0,0
83,67.1875,2,0,0,0,0
83,68.75,3,0,0,0,0
83,70.3125,4,0,0,0,0
83,71.875,5,0,0,0,0
83,73.4375,6,0,0,0,0
83,75.0,7,0,0,0,0
83,76.5625,8,0,0,0,0
83,78.125,9,0,0,0,0
83,79.6875,10,0,0,0,0
83,81.25,11,0,0,0,0
83,82.8125,12,0,0,0,0
83,84.375,13,0,0,0,0
83,85.9375,14,0,0,0,0
83,87.5,15,0,0,0,0
83,89.0625,0,0,0,0,0
83,90.625,1,0,0,0,0
83,92.1875,2,0,0,0,0
83,93.75,3,0,0,0,0
83,95.3125,4,0,0,0,0
83,96.875,5,0,0,0,0
83,98.4375,6,0,0,0,0
83,100.0,7,0,0,0,0
83,101.5625,8,0,0,0,0
83,103.125,9,0,0,0,0
83,104.6875,10,0,0,0,0
83,106.25,11,0,0,0,0
83,107.8125,12,0,0,0,0
83,109.375,13,0,0,0,0
83,110.9375,14,0,0,0,0
83,112.5,15,0,0,0,0
83,114.0625,0,0,0,0,0
83,115.625,1,0,0,0,0
83,117.1875,2,0,0,0,0
83,118.75,3,0,0,0,0
83,120.3125,4,0,0,0,0
83,121.875,5,0,0,0,0
83,123.4375,6,0,0,0,0
83,125.0,7,0,0,0,0
83,126.5625,8,0,0,0,0
83,128.125,9,0,0,0,0
83,129.6875,10,0,0,0,0
83,131.25,11,0,0,0,0
83,132.8125,12,0,0,0,0
83,134.375,13,0,0,0,0
83,135.9375,14,0,0,0,0
83,137.5,15,0,0,0,0
83,139.0625,0,0,0,0,0
83,140.625,1,0,0,0,0
83,142.1875,2,0,0,0,0
83,143.75,3,0,0,0,0
83,145.3125,4,0,0,0,0
83,146.875,5,0,0,0,0
83,148.4375,6,0,0,0,0
83,150.0,7,0,0,0,0
83,151.5625,8,0,0,0,0
83,153.125,9,0,0,0,0
83,154.6875,10,0,0,0,0
83,156.25,11,0,0,0,0
83,157.8125,12,0,0,0,0
83,159.375,13,0,0,0,0
83,160.9375,14,0,0,0,0
83,162.5,15,0,0,0,0
83,164.0625,0,0,0,0,0
83,165.625,1,0,0,0,0
83,167.1875,2,0,0,0,0
83,168.75,3,0,0,0,0
83,170.3125,4,0,0,0,0
83,171.875,5,0,0,0,0
83,173.4375,6,0,0,0,0
83,175.0,7,0,0,0,0
83,176.5625,8,0,0,0,0
83,178.125,9,0,0,0,0
83,179.6875,10,0,0,0,0
83,181.25,11,0,0,0,0
83,182.8125,12,0,0,0,0
83,184.375,13,0,0,0,0
83,185.9375,14,0,0,0,0
83,187.5,15,0,0,0,0
83,189.0625,0,0,0,0,0
83,190.625,1,0,0,0,0
83,192.1875,2,0,0,0,0
83,193.75,3,0,0,0,0
83,195.3125,4,0,0,0,0
83,196.875,5,0,0,0,0
83,198.4375,6,0,0,0,0
83,200.0,7,0,0,0,0
83,201.5625,8,0,0,0,0
83,203.125,9,0,0,0,0
83,204.6875,10,0,0,0,0
83,206.25,11,0,0,0,0
83,207.8125,12,0,0,0,0
83,209.375,13,0,0,0,0
83,210.9375,14,0,0,0,0
83,212.5,15,0,0,0,0
83,214.0625,0,0,0,0,0
83,215.625,1,0,0,0,0
83,217.1875,2,0,0,0,0
83,218.75,3,0,0,0,0
83,220.3125,4,0,0,0,0
83,221.875,5,0,0,0,0
83,223.4375,6,0,0,0,0
83,225.0,7,0,0,0,0
83,226.5625,8,0,0,0,0
83,228.125,9,0,0,0,0
83,229.6875,10,0,0,0,0
83,231.25,11,0,0,0,0
83,232.8125,12,0,0,0,0
83,234.375,13,0,0,0,0
83,235.9375,14,0,0,0,0
83,237.5,15,0,0,0,0
83,239.0625,0,0,0,0,0
83,240.625,1,0,0,0,0
83,242.1875,2,0,0,0,0
83,243.75,3,0,0,0,0
83,245.3125,4,0,0,0,0
83,246.875,5,0,0,0,0
83,248.4375,6,0,0,0,0
83,250.0,7,0,0,0,0
83,251.5625,8,0,0,0,0
83,253.125,9,0,0,0,0
83,254.6875,10,0,0,0,0
83,256.25,11,0,0,0,0
83,257.8125,12,0,0,0,0
83,259.375,13,0,0,0,0
83,260.9375,14,0,0,0,0
83,262.5,15,0,0,0,0
83,264.0625,0,0,0,0,0
83,265.625,1,0,0,0,0
83,267.1875,2,0,0,0,0
83,268.75,3,0,0,0,0
83,270.3125,4,0,0,0,0
83,271.875,5,0,0,0,0
83,273.4375,6,0,0,0,0
84,0.0,7,0,0,0,0
84,1.5625,8,0,0,0,0
84,3.125,9,0,0,0,0
84,4.6875,10,0,0,0,0
84,6.25,11,0,0,0,0
84,7.8125,12,0,0,0,0
84,9.375,13,0,0,0,0
84,10.9375,14,0,0,0,0
84,12.5,15,0,0,0,0
84,14.0625,0,0,0,0,0
84,15.625,1,0,0,0,0
84,17.1875,2,0,0,0,0
84,18.75,3,0,0,0,0
84,20.3125,4,0,0,0,0
84,21.875,5,0,0,0,0
84,23.4375,6,0,0,0,0
84,25.0,7,0,0,0,0
84,26.5625,8,0,0,0,0
84,28.125,9,0,0,0,0
84,29.6875,10,0,0,0,0
84,31.25,11,0,0,0,0
84,32.8125,12,0,0,0,0
84,34.375,13,0,0,0,0
84,35.9375,14,0,0,0,0
84,37.5,15,0,0,0,0
84,39.0625,0,0,0,0,0
84,40.625,1,0,0,0,0
84,42.1875,2,0,0,0,0
84,43.75,3,0,0,0,0
84,45.3125,4,0,0,0,0
84,46.875,5,0,0,0,0
84,48.4375,6,0,0,0,0
84,50.0,7,0,0,0,0
84,51.5625,8,0,0,0,0
84,53.125,9,0,0,0,0
84,54.6875,10,0,0,0,0
84,56.25,11,0,0,0,0
84,57.8125,12,0,0,0,0
84,59.375,13,0,0,0,0
84,60.9375,14,0,0,0,0
84,62.5,15,0,0,0,0
84,64.0625,0,0,0,0,0
84,65.625,1,0,0,0,0
84,67.1875,2,0,0,0,0
84,68.75,3,0,0,0,0
84,70.3125,4,0,0,0,0
84,71.875,5,0,0,0,0
84,73.4375,6,0,0,0,0
84,75.0,7,0,0,0,0
84,76.5625,8,0,0,0,0
84,78.125,9,0,0,0,0
84,79.6875,10,0,0,0,0
84,81.25,11,0,0,0,0
84,82.8125,12,0,0,0,0
84,84.375,13,0,0,0,0
84,85.9375,14,0,0,0,0
84,87.5,15,0,0,0,0
84,89.0625,0,0,0,0,0
84,90.625,1,0,0,0,0
84,92.1875,2,0,0,0,0
84,93.75,3,0,0,0,0
84,95.3125,4,0,0,0,0
84,96.875,5,0,0,0,0
84,98.4375,6,0,0,0,0
84,100.0,7,0,0,0,0
84,101.5625,8,0,0,0,0
84,103.125,9,0,0,0,0
84,104.6875,10,0,0,0,0
84,106.25,11,0,0,0,0
84,107.8125,12,0,0,0,0
84,109.375,13,0,0,0,0
84,110.9375,14,0,0,0,0
84,112.5,15,0,0,0,0
84,114.0625,0,0,0,0,0
84,115.625,1,0,0,0,0
84,117.1875,2,0,0,0,0
84,118.75,3,0,0,0,0
84,120.3125,4,0,0,0,0
84,121.875,5,0,0,0,0
84,123.4375,6,0,0,0,0
84,125.0,7,0,0,0,0
84,126.5625,8,0,0,0,0
84,128.125,9,0,0,0,0
84,129.6875,10,0,0,0,0
84,131.25,11,0,0,0,0
84,132.8125,12,0,0,0,0
84,134.375,13,0,0,0,0
84,135.9375,14,0,0,0,0
84,137.5,15,0,0,0,0
84,139.0625,0,0,0,0,0
84,140.625,1,0,0,0,0
84,142.1875,2,0,0,0,0
84,143.75,3,0,0,0,0
84,145.3125,4,0,0,0,0
84,146.875,5,0,0,0,0
84,148.4375,6,0,0,0,0
84,150.0,7,0,0,0,0
84,151.5625,8,0,0,0,0
84,153.125,9,0,0,0,0
84,154.6875,10,0,0,0,0
84,156.25,11,0,0,0,0
84,157.8125,12,0,0,0,0
84,159.375,13,0,0,0,0
84,160.9375,14,0,0,0,0
84,162.5,15,0,0,0,0
84,164.0625,0,0,0,0,0
84,165.625,1,0,0,0,0
84,167.1875,2,0,0,0,0
84,168.75,3,0,0,0,0
84,170.3125,4,0,0,0,0
84,171.875,5,0,0,0,0
84,173.4375,6,0,0,0,0
84,175.0,7,0,0,0,0
84,176.5625,8,0,0,0,0
84,178.125,9,0,0,0,0
84,179.6875,10,0,0,0,0
84,181.25,11,0,0,0,0
84,182.8125,12,0,0,0,0
84,184.375,13,0,0,0,0
84,185.9375,14,0,0,0,0
84,187.5,15,0,0,0,0
84,189.0625,0,0,0,0,0
84,190.625,1,0,0,0,0
84,192.1875,2,0,0,0,0
84,193.75,3,0,0,0,0
84,195.3125,4,0,0,0,0
84,196.875,5,0,0,0,0
84,198.4375,6,0,0,0,0
84,200.0,7,0,0,0,0
84,201.5625,8,0,0,0,0
84,203.125,9,0,0,0,0
84,204.6875,10,0,0,0,0
84,206.25,11,0,0,0,0
84,207.8125,12,0,0,0,0
84,209.375,13,0,0,0,0
84,210.9375,14,0,0,0,0
84,212.5,15,0,0,0,0
84,214.0625,0,0,0,0,0
84,215.625,1,0,0,0,0
84,217.1875,2,0,0,0,0
84,218.75,3,0,0,0,0
84,220.3125,4,0,0,0,0
84,221.875,5,0,0,0,0
84,223.4375,6,0,0,0,0
84,225.0,7,0,0,0,0
84,226.5625,8,0,0,0,0
84,228.125,9,0,0,0,0
84,229.6875,10,0,0,0,0
84,231.25,11,0,0,0,0
84,232.8125,12,0,0,0,0
84,234.375,13,0,0,0,0
84,235.9375,14,0,0,0,0
84,237.5,15,0,0,0,0
84,239.0625,0,0,0,0,0
84,240.625,1,0,0,0,0
84,242.1875,2,0,0,0,0
84,243.75,3,0,0,0,0
84,245.3125,4,0,0,0,0
84,246.875,5,0,0,0,0
84,248.4375,6,0,0,0,0
84,250.0,7,0,0,0,0
84,251.5625,8,0,0,0,0
84,253.125,9,0,0,0,0
84,254.6875,10,0,0,0,0
84,256.25,11,0,0,0,0
84,257.8125,12,0,0,0,0
84,259.375,13,0,0,0,0
84,260.9375,14,0,0,0,0
84,262.5,15,0,0,0,0
84,264.0625,0,0,0,0,0
84,265.625,1,0,0,0,0
84,267.1875,2,0,0,0,0
84,268.75,3,0,0,0,0
84,270.3125,4,0,0,0,0
84,271.875,5,0,0,0,0
84,273.4375,6,0,0,0,0
85,0.0,7,0,0,0,0
85,1.5625,8,0,0,0,0
85,3.125,9,0,0,0,0
85,4.6875,10,0,0,0,0
85,6.25,11,0,0,0,0
85,7.8125,12,0,0,0,0
85,9.375,13,0,0,0,0
85,10.9375,14,0,0,0,0
85,12.5,15,0,0,0,0
85,14.0625,0,0,0,0,0
85,15.625,1,0,0,0,0
85,17.1875,2,0,0,0,0
85,18.75,3,0,0,0,0
85,20.3125,4,0,0,0,0
85,21.875,5,0,0,0,0
85,23.4375,6,0,0,0,0
85,25.0,7,0,0,0,0
85,26.5625,8,0,0,0,0
85,28.125,9,0,0,0,0
85,29.6875,10,0,0,0,0
85,31.25,11,0,0,0,0
85,32.8125,12,0,0,0,0
85,34.375,13,0,0,0,0
85,35.9375,14,0,0,0,0
85,37.5,15,0,0,0,0
85,39.0625,0,0,0,0,0
85,40.625,1,0,0,0,0
85,42.1875,2,0,0,0,0
85,43.75,3,0,0,0,0
85,45.3125,4,0,0,0,0
85,46.875,5,0,0,0,0
85,48.4375,6,0,0,0,0
85,50.0,7,0,0,0,0
85,51.5625,8,0,0,0,0
85,53.125,9,0,0,0,0
85,54.6875,10,0,0,0,0
85,56.25,11,0,0,0,0
85,57.8125,12,0,0,0,0
85,59.375,13,0,0,0,0
85,60.9375,14,0,0,0,0
85,62.5,15,0,0,0,0
85,64.0625,0,0,0,0,0
85,65.625,1,0,0,0,0
85,67.1875,2,0,0,0,0
85,68.75,3,0,0,0,0
85,70.3125,4,0,0,0,0
85,71.875,5,0,0,0,0
85,73.4375,6,0,0,0,0
85,75.0,7,0,0,0,0
85,76.5625,8,0,0,0,0
85,78.125,9,0,0,0,0
85,79.6875,10,0,0,0,0
85,81.25,11,0,0,0,0
85,82.8125,12,0,0,0,0
85,84.375,13,0,0,0,0
85,85.9375,14,0,0,0,0
85,87.5,15,0,0,0,0
85,89.0625,0,0,0,0,0
85,90.625,1,0,0,0,0
85,92.1875,2,0,0,0,0
85,93.75,3,0,0,0,0
85,95.3125,4,0,0,0,0
85,96.875,5,0,0,0,0
85,98.4375,6,0,0,0,0
85,100.0,7,0,0,0,0
85,101.5625,8,0,0,0,0
85,103.125,9,0,0,0,0
85,104.6875,10,0,0,0,0
85,106.25,11,0,0,0,0
85,107.8125,12,0,0,0,0
85,109.375,13,0,0,0,0
85,110.9375,14,0,0,0,0
85,112.5,15,0,0,0,0
85,114.0625,0,0,0,0,0
85,115.625,1,0,0,0,0
85,117.1875,2,0,0,0,0
85,118.75,3,0,0,0,0
85,120.3125,4,0,0,0,0
85,121.875,5,0,0,0,0
85,123.4375,6,0,0,0,0
85,125.0,7,0,0,0,0
85,126.5625,8,0,0,0,0
85,128.125,9,0,0,0,0
85,129.6875,10,0,0,0,0
85,131.25,11,0,0,0,0
85,132.8125,12,0,0,0,0
85,134.375,13,0,0,0,0
85,135.9375,14,0,0,0,0
85,137.5,15,0,0,0,0
85,139.0625,0,0,0,0,0
85,140.625,1,0,0,0,0
85,142.1875,2,0,0,0,0
85,143.75,3,0,0,0,0
85,145.3125,4,0,0,0,0
85,146.875,5,0,0,0,0
85,148.4375,6,0,0,0,0
85,150.0,7,0,0,0,0
85,151.5625,8,0,0,0,0
85,153.125,9,0,0,0,0
85,154.6875,10,0,0,0,0
85,156.25,11,0,0,0,0
85,157.8125,12,0,0,0,0
85,159.375,13,0,0,0,0
85,160.9375,14,0,0,0,0
85,162.5,15,0,0,0,0
85,164.0625,0,0,0,0,0
85,165.625,1,0,0,0,0
85,167.1875,2,0,0,0,0
85,168.75,3,0,0,0,0
85,170.3125,4,0,0,0,0
85,171.875,5,0,0,0,0
85,173.4375,6,0,0,0,0
85,175.0,7,0,0,0,0
85,176.5625,8,0,0,0,0
85,178.125,9,0,0,0,0
85,179.6875,10,0,0,0,0
85,181.25,11,0,0,0,0
85,182.8125,12,0,0,0,0
85,184.375,13,0,0,0,0
85,185.9375,14,0,0,0,0
85,187.5,15,0,0,0,0
85,189.0625,0,0,0,0,0
85,190.625,1,0,0,0,0
85,192.1875,2,0,0,0,0
85,193.75,3,0,0,0,0
85,195.3125,4,0,0,0,0
85,196.875,5,0,0,0,0
85,198.4375,6,0,0,0,0
85,200.0,7,0,0,0,0
85,201.5625,8,0,0,0,0
85,203.125,9,0,0,0,0
85,204.6875,10,0,0,0,0
85,206.25,11,0,0,0,0
85,207.8125,12,0,0,0,0
85,209.375,13,0,0,0,0
85,210.9375,14,0,0,0,0
85,212.5,15,0,0,0,0
85,214.0625,0,0,0,0,0
85,215.625,1,0,0,0,0
85,217.1875,2,0,0,0,0
85,218.75,3,0,0,0,0
85,220.3125,4,0,0,0,0
85,221.875,5,0,0,0,0
85,223.4375,6,0,0,0,0
85,225.0,7,0,0,0,0
85,226.5625,8,0,0,0,0
85,228.125,9,0,0,0,0
85,229.6875,10,0,0,0,0
85,231.25,11,0,0,0,0
85,232.8125,12,0,0,0,0
85,234.375,13,0,0,0,0
85,235.9375,14,0,0,0,0
85,237.5,15,0,0,0,0
85,239.0625,0,0,0,0,0
85,240.625,1,0,0,0,0
85,242.1875,2,0,0,0,0
85,243.75,3,0,0,0,0
85,245.3125,4,0,0,0,0
85,246.875,5,0,0,0,0
85,248.4375,6,0,0,0,0
85,250.0,7,0,0,0,0
85,251.5625,8,0,0,0,0
85,253.125,9,0,0,0,0
85,254.6875,10,0,0,0,0
85,256.25,11,0,0,0,0
85,257.8125,12,0,0,0,0
85,259.375,13,0,0,0,0
85,260.9375,14,0,0,0,0
85,262.5,15,0,0,0,0
85,264.0625,0,0,0,0,0
85,265.625,1,0,0,0,0
85,267.1875,2,0,0,0,0
85,268.75,3,0,0,0,0
85,270.3125,4,0,0,0,0
85,271.875,5,0,0,0,0
85,273.4375,6,0,0,0,0
86,0.0,7,0,0,0,0
86,1.5625,8,0,0,0,0
86,3.125,9,0,0,0,0
86,4.6875,10,0,0,0,0
86,6.25,11,0,0,0,0
86,7.8125,12,0,0,0,0
86,9.375,13,0,0,0,0
86,10.9375,14,0,0,0,0
86,12.5,15,0,0,0,0
86,14.0625,0,0,0,0,0
86,15.625,1,0,0,0,0
86,17.1875,2,0,0,0,0
86,18.75,3,0,0,0,0
86,20.3125,4,0,0,0,0
86,21.875,5,0,0,0,0
86,23.4375,6,0,0,0,0
86,25.0,7,0,0,0,0
86,26.5625,8,0,0,0,0
86,28.125,9,0,0,0,0
86,29.6875,10,0,0,0,0
86,31.25,11,0,0,0,0
86,32.8125,12,0,0,0,0
86,34.375,13,0,0,0,0
86,35.9375,14,0,0,0,0
86,37.5,15,0,0,0,0
86,39.0625,0,0,0,0,0
86,40.625,1,0,0,0,0
86,42.1875,2,0,0,0,0
86,43.75,3,0,0,0,0
86,45.3125,4,0,0,0,0
86,46.875,5,0,0,0,0
86,48.4375,6,0,0,0,0
86,50.0,7,0,0,0,0
86,51.5625,8,0,0,0,0
86,53.125,9,0,0,0,0
86,54.6875,10,0,0,0,0
86,56.25,11,0,0,0,0
86,57.8125,12,0,0,0,0
86,59.375,13,0,0,0,0
86,60.9375,14,0,0,0,0
86,62.5,15,0,0,0,0
86,64.0625,0,0,0,0,0
86,65.625,1,0,0,0,0
86,67.1875,2,0,0,0,0
86,68.75,3,0,0,0,0
86,70.3125,4,0,0,0,0
86,71.875,5,0,0,0,0
86,73.4375,6,0,0,0,0
86,75.0,7,0,0,0,0
86,76.5625,8,0,0,0,0
86,78.125,9,0,0,0,0
86,79.6875,10,0,0,0,0
86,81.25,11,0,0,0,0
86,82.8125,12,0,0,0,0
86,84.375,13,0,0,0,0
86,85.9375,14,0,0,0,0
86,87.5,15,0,0,0,0
86,89.0625,0,0,0,0,0
86,90.625,1,0,0,0,0
86,92.1875,2,0,0,0,0
86,93.75,3,0,0,0,0
86,95.3125,4,0,0,0,0
86,96.875,5,0,0,0,0
86,98.4375,6,0,0,0,0
86,100.0,7,0,0,0,0
86,101.5625,8,0,0,0,0
86,103.125,9,0,0,0,0
86,104.6875,10,0,0,0,0
86,106.25,11,0,0,0,0
86,107.8125,12,0,0,0,0
86,109.375,13,0,0,0,0
86,110.9375,14,0,0,0,0
86,112.5,15,0,0,0,0
86,114.0625,0,0,0,0,0
86,115.625,1,0,0,0,0
86,117.1875,2,0,0,0,0
86,118.75,3,0,0,0,0
86,120.3125,4,0,0,0,0
86,121.875,5,0,0,0,0
86,123.4375,6,0,0,0,0
86,125.0,7,0,0,0,0
86,126.5625,8,0,0,0,0
86,128.125,9,0,0,0,0
86,129.6875,10,0,0,0,0
86,131.25,11,0,0,0,0
86,132.8125,12,0,0,0,0
86,134.375,13,0,0,0,0
86,135.9375,14,0,0,0,0
86,137.5,15,0,0,0,0
86,139.0625,0,0,0,0,0
86,140.625,1,0,0,0,0
86,142.1875,2,0,0,0,0
86,143.75,3,0,0,0,0
86,145.3125,4,0,0,0,0
86,146.875,5,0,0,0,0
86,148.4375,6,0,0,0,0
86,150.0,7,0,0,0,0
86,151.5625,8,0,0,0,0
86,153.125,9,0,0,0,0
86,154.6875,10,0,0,0,0
86,156.25,11,0,0,0,0
86,157.8125,12,0,0,0,0
86,159.375,13,0,0,0,0
86,160.9375,14,0,0,0,0
86,162.5,15,0,0,0,0
86,164.0625,0,0,0,0,0
86,165.625,1,0,0,0,0
86,167.1875,2,0,0,0,0
86,168.75,3,0,0,0,0
86,170.3125,4,0,0,0,0
86,171.875,5,0,0,0,0
86,173.4375,6,0,0,0,0
86,175.0,7,0,0,0,0
86,176.5625,8,0,0,0,0
86,178.125,9,0,0,0,0
86,179.6875,10,0,0,0,0
86,181.25,11,0,0,0,0
86,182.8125,12,0,0,0,0
86,184.375,13,0,0,0,0
86,185.9375,14,0,0,0,0
86,187.5,15,0,0,0,0
86,189.0625,0,0,0,0,0
86,190.625,1,0,0,0,0
86,192.1875,2,0,0,0,0
86,193.75,3,0,0,0,0
86,195.3125,4,0,0,0,0
86,196.875,5,0,0,0,0
86,198.4375,6,0,0,0,0
86,200.0,7,0,0,0,0
86,201.5625,8,0,0,0,0
86,203.125,9,0,0,0,0
86,204.6875,10,0,0,0,0
86,206.25,11,0,0,0,0
86,207.8125,12,0,0,0,0
86,209.375,13,0,0,0,0
86,210.9375,14,0,0,0,0
86,212.5,15,0,0,0,0
86,214.0625,0,0,0,0,0
86,215.625,1,0,0,0,0
86,217.1875,2,0,0,0,0
86,218.75,3,0,0,0,0
86,220.3125,4,0,0,0,0
86,221.875,5,0,0,0,0
86,223.4375,6,0,0,0,0
86,225.0,7,0,0,0,0
86,226.5625,8,0,0,0,0
86,228.125,9,0,0,0,0
86,229.6875,10,0,0,0,0
86,231.25,11,0,0,0,0
86,232.8125,12,0,0,0,0
86,234.375,13,0,0,0,0
86,235.9375,14,0,0,0,0
86,237.5,15,0,0,0,0
86,239.0625,0,0,0,0,0
86,240.625,1,0,0,0,0
86,242.1875,2,0,0,0,0
86,243.75,3,0,0,0,0
86,245.3125,4,0,0,0,0
86,246.875,5,0,0,0,0
86,248.4375,6,0,0,0,0
86,250.0,7,0,0,0,0
86,251.5625,8,0,0,0,0
86,253.125,9,0,0,0,0
86,254.6875,10,0,0,0,0
86,256.25,11,0,0,0,0
86,257.8125,12,0,0,0,0
86,259.375,13,0,0,0,0
86,260.9375,14,0,0,0,0
86,262.5,15,0,0,0,0
86,264.0625,0,0,0,0,0
86,265.625,1,0,0,0,0
86,267.1875,2,0,0,0,0
86,268.75,3,0,0,0,0
86,270.3125,4,0,0,0,0
86,271.875,5,0,0,0,0
86,273.4375,6,0,0,0,0
87,0.0,7,0,0,0,0
87,1.5625,8,0,0,0,0
87,3.125,9,0,0,0,0
87,4.6875,10,0,0,0,0
87,6.25,11,0,0,0,0
87,7.8125,12,0,0,0,0
87,9.375,13,0,0,0,0
87,10.9375,14,0,0,0,0
87,12.5,15,0,0,0,0
87,14.0625,0,0,0,0,0
87,15.625,1,0,0,0,0
87,17.1875,2,0,0,0,0
87,18.75,3,0,0,0,0
87,20.3125,4,0,0,0,0
87,21.875,5,0,0,0,0
87,23.4375,6,0,0,0,0
87,25.0,7,0,0,0,0
87,26.5625,8,0,0,0,0
87,28.125,9,0,0,0,0
87,29.6875,10,0,0,0,0
87,31.25,11,0,0,0,0
87,32.8125,12,0,0,0,0
87,34.375,13,0,0,0,0
87,35.9375,14,0,0,0,0
87,37.5,15,0,0,0,0
87,39.0625,0,0,0,0,0
87,40.625,1,0,0,0,0
87,42.1875,2,0,0,0,0
87,43.75,3,0,0,0,0
87,45.3125,4,0,0,0,0
87,46.875,5,0,0,0,0
87,48.4375,6,0,0,0,0
87,50.0,7,0,0,0,0
87,51.5625,8,0,0,0,0
87,53.125,9,0,0,0,0
87,54.6875,10,0,0,0,0
87,56.25,11,0,0,0,0
87,57.8125,12,0,0,0,0
87,59.375,13,0,0,0,0
87,60.9375,14,0,0,0,0
87,62.5,15,0,0,0,0
87,64.0625,0,0,0,0,0
87,65.625,1,0,0,0,0
87,67.1875,2,0,0,0,0
87,68.75,3,0,0,0,0
87,70.3125,4,0,0,0,0
87,71.875,5,0,0,0,0
87,73.4375,6,0,0,0,0
87,75.0,7,0,0,0,0
87,76.5625,8,0,0,0,0
87,78.125,9,0,0,0,0
87,79.6875,10,0,0,0,0
87,81.25,11,0,0,0,0
87,82.8125,12,0,0,0,0
87,84.375,13,0,0,0,0
87,85.9375,14,0,0,0,0
87,87.5,15,0,0,0,0
87,89.0625,0,0,0,0,0
87,90.625,1,0,0,0,0
87,92.1875,2,0,0,0,0
87,93.75,3,0,0,0,0
87,95.3125,4,0,0,0,0
87,96.875,5,0,0,0,0
87,98.4375,6,0,0,0,0
87,100.0,7,0,0,0,0
87,101.5625,8,0,0,0,0
87,103.125,9,0,0,0,0
87,104.6875,10,0,0,0,0
87,106.25,11,0,0,0,0
87,107.8125,12,0,0,0,0
87,109.375,13,0,0,0,0
87,110.9375,14,0,0,0,0
87,112.5,15,0,0,0,0
87,114.0625,0,0,0,0,0
87,115.625,1,0,0,0,0
87,117.1875,2,0,0,0,0
87,118.75,3,0,0,0,0
87,120.3125,4,0,0,0,0
87,121.875,5,0,0,0,0
87,123.4375,6,0,0,0,0
87,125.0,7,0,0,0,0
87,126.5625,8,0,0,0,0
87,128.125,9,0,0,0,0
87,129.6875,10,0,0,0,0
87,131.25,11,0,0,0,0
87,132.8125,12,0,0,0,0
87,134.375,13,0,0,0,0
87,135.9375,14,0,0,0,0
87,137.5,15,0,0,0,0
87,139.0625,0,0,0,0,0
87,140.625,1,0,0,0,0
87,142.1875,2,0,0,0,0
87,143.75,3,0,0,0,0
87,145.3125,4,0,0,0,0
87,146.875,5,0,0,0,0
87,148.4375,6,0,0,0,0
87,150.0,7,0,0,0,0
87,151.5625,8,0,0,0,0
87,153.125,9,0,0,0,0
87,154.6875,10,0,0,0,0
87,156.25,11,0,0,0,0
87,157.8125,12,0,0,0,0
87,159.375,13,0,0,0,0
87,160.9375,14,0,0,0,0
87,162.5,15,0,0,0,0
87,164.0625,0,0,0,0,0
87,165.625,1,0,0,0,0
87,167.1875,2,0,0,0,0
87,168.75,3,0,0,0,0
87,170.3125,4,0,0,0,0
87,171.875,5,0,0,0,0
87,173.4375,6,0,0,0,0
87,175.0,7,0,0,0,0
87,176.5625,8,0,0,0,0
87,178.125,9,0,0,0,0
87,179.6875,10,0,0,0,0
87,181.25,11,0,0,0,0
87,182.8125,12,0,0,0,0
87,184.375,13,0,0,0,0
87,185.9375,14,0,0,0,0
87,187.5,15,0,0,0,0
87,189.0625,0,0,0,0,0
87,190.625,1,0,0,0,0
87,192.1875,2,0,0,0,0
87,193.75,3,0,0,0,0
87,195.3125,4,0,0,0,0
87,196.875,5,0,0,0,0
87,198.4375,6,0,0,0,0
87,200.0,7,0,0,0,0
87,201.5625,8,0,0,0,0
87,203.125,9,0,0,0,0
87,204.6875,10,0,0,0,0
87,206.25,11,0,0,0,0
87,207.8125,12,0,0,0,0
87,209.375,13,0,0,0,0
87,210.9375,14,0,0,0,0
87,212.5,15,0,0,0,0
87,214.0625,0,0,0,0,0
87,215.625,1,0,0,0,0
87,217.1875,2,0,0,0,0
87,218.75,3,0,0,0,0
87,220.3125,4,0,0,0,0
87,221.875,5,0,0,0,0
87,223.4375,6,0,0,0,0
87,225.0,7,0,0,0,0
87,226.5625,8,0,0,0,0
87,228.125,9,0,0,0,0
87,229.6875,10,0,0,0,0
87,231.25,11,0,0,0,0
87,232.8125,12,0,0,0,0
87,234.375,13,0,0,0,0
87,235.9375,14,0,0,0,0
87,237.5,15,0,0,0,0
87,239.0625,0,0,0,0,0
87,240.625,1,0,0,0,0
87,242.1875,2,0,0,0,0
87,243.75,3,0,0,0,0
87,245.3125,4,0,0,0,0
87,246.875,5,0,0,0,0
87,248.4375,6,0,0,0,0
87,250.0,7,0,0,0,0
87,251.5625,8,0,0,0,0
87,253.125,9,0,0,0,0
87,254.6875,10,0,0,0,0
87,256.25,11,0,0,0,0
87,257.8125,12,0,0,0,0
87,259.375,13,0,0,0,0
87,260.9375,14,0,0,0,0
87,262.5,15,0,0,0,0
87,264.0625,0,0,0,0,0
87,265.625,1,0,0,0,0
87,267.1875,2,0,0,0,0
87,268.75,3,0,0,0,0
87,270.3125,4,0,0,0,0
87,271.875,5,0,0,0,0
87,273.4375,6,0,0,0,0
88,0.0,7,0,0,0,0
88,1.5625,8,0,0,0,0
88,3.125,9,0,0,0,0
88,4.6875,10,0,0,0,0
88,6.25,11,0,0,0,0
88,7.8125,12,0,0,0,0
88,9.375,13,0,0,0,0
88,10.9375,14,0,0,0,0
88,12.5,15,0,0,0,0
88,14.0625,0,0,0,0,0
88,15.625,1,0,0,0,0
88,17.1875,2,0,0,0,0
88,18.75,3,0,0,0,0
88,20.3125,4,0,0,0,0
88,21.875,5,0,0,0,0
88,23.4375,6,0,0,0,0
88,25.0,7,0,0,0,0
88,26.5625,8,0,0,0,0
88,28.125,9,0,0,0,0
88,29.6875,10,0,0,0,0
88,31.25,11,0,0,0,0
88,32.8125,12,0,0,0,0
88,34.375,13,0,0,0,0
88,35.9375,14,0,0,0,0
88,37.5,15,0,0,0,0
88,39.0625,0,0,0,0,0
88,40.625,1,0,0,0,0
88,42.1875,2,0,0,0,0
88,43.75,3,0,0,0,0
88,45.3125,4,0,0,0,0
88,46.875,5,0,0,0,0
88,48.4375,6,0,0,0,0
88,50.0,7,0,0,0,0
88,51.5625,8,0,0,0,0
88,53.125,9,0,0,0,0
88,54.6875,10,0,0,0,0
88,56.25,11,0,0,0,0
88,57.8125,12,0,0,0,0
88,59.375,13,0,0,0,0
88,60.9375,14,0,0,0,0
88,62.5,15,0,0,0,0
88,64.0625,0,0,0,0,0
88,65.625,1,0,0,0,0
88,67.1875,2,0,0,0,0
88,68.75,3,0,0,0,0
88,70.3125,4,0,0,0,0
88,71.875,5,0,0,0,0
88,73.4375,6,0,0,0,0
88,75.0,7,0,0,0,0
88,76.5625,8,0,0,0,0
88,78.125,9,0,0,0,0
88,79.6875,10,0,0,0,0
88,81.25,11,0,0,0,0
88,82.8125,12,0,0,0,0
88,84.375,13,0,0,0,0
88,85.9375,14,0,0,0,0
88,87.5,15,0,0,0,0
88,89.0625,0,0,0,0,0
88,90.625,1,0,0,0,0
88,92.1875,2,0,0,0,0
88,93.75,3,0,0,0,0
88,95.3125,4,0,0,0,0
88,96.875,5,0,0,0,0
88,98.4375,6,0,0,0,0
88,100.0,7,0,0,0,0
88,101.5625,8,0,0,0,0
88,103.125,9,0,0,0,0
88,104.6875,10,0,0,0,0
88,106.25,11,0,0,0,0
88,107.8125,12,0,0,0,0
88,109.375,13,0,0,0,0
88,110.9375,14,0,0,0,0
88,112.5,15,0,0,0,0
88,114.0625,0,0,0,0,0
88,115.625,1,0,0,0,0
88,117.1875,2,0,0,0,0
88,118.75,3,0,0,0,0
88,120.3125,4,0,0,0,0
88,121.875,5,0,0,0,0
88,123.4375,6,0,0,0,0
88,125.0,7,0,0,0,0
88,126.5625,8,0,0,0,0
88,128.125,9,0,0,0,0
88,129.6875,10,0,0,0,0
88,131.25,11,0,0,0,0
88,132.8125,12,0,0,0,0
88,134.375,13,0,0,0,0
88,135.9375,14,0,0,0,0
88,137.5,15,0,0,0,0
88,139.0625,0,0,0,0,0
88,140.625,1,0,0,0,0
88,142.1875,2,0,0,0,0
88,143.75,3,0,0,0,0
88,145.3125,4,0,0,0,0
88,146.875,5,0,0,0,0
88,148.4375,6,0,0,0,0
88,150.0,7,0,0,0,0
88,151.5625,8,0,0,0,0
88,153.125,9,0,0,0,0
88,154.6875,10,0,0,0,0
88,156.25,11,0,0,0,0
88,157.8125,12,0,0,0,0
88,159.375,13,0,0,0,0
88,160.9375,14,0,0,0,0
88,162.5,15,0,0,0,0
88,164.0625,0,0,0,0,0
88,165.625,1,0,0,0,0
88,167.1875,2,0,0,0,0
88,168.75,3,0,0,0,0
88,170.3125,4,0,0,0,0
88,171.875,5,0,0,0,0
88,173.4375,6,0,0,0,0
88,175.0,7,0,0,0,0
88,176.5625,8,0,0,0,0
88,178.125,9,0,0,0,0
88,179.6875,10,0,0,0,0
88,181.25,11,0,0,0,0
88,182.8125,12,0,0,0,0
88,184.375,13,0,0,0,0
88,185.9375,14,0,0,0,0
88,187.5,15,0,0,0,0
88,189.0625,0,0,0,0,0
88,190.625,1,0,0,0,0
88,192.1875,2,0,0,0,0
88,193.75,3,0,0,0,0
88,195.3125,4,0,0,0,0
88,196.875,5,0,0,0,0
88,198.4375,6,0,0,0,0
88,200.0,7,0,0,0,0
88,201.5625,8,0,0,0,0
88,203.125,9,0,0,0,0
88,204.6875,10,0,0,0,0
88,206.25,11,0,0,0,0
88,207.8125,12,0,0,0,0
88,209.375,13,0,0,0,0
88,210.9375,14,0,0,0,0
88,212.5,15,0,0,0,0
88,214.0625,0,0,0,0,0
88,215.625,1,0,0,0,0
88,217.1875,2,0,0,0,0
88,218.75,3,0,0,0,0
88,220.3125,4,0,0,0,0
88,221.875,5,0,0,0,0
88,223.4375,6,0,0,0,0
88,225.0,7,0,0,0,0
88,226.5625,8,0,0,0,0
88,228.125,9,0,0,0,0
88,229.6875,10,0,0,0,0
88,231.25,11,0,0,0,0
88,232.8125,12,0,0,0,0
88,234.375,13,0,0,0,0
88,235.9375,14,0,0,0,0
88,237.5,15,0,0,0,0
88,239.0625,0,0,0,0,0
88,240.625,1,0,0,0,0
88,242.1875,2,0,0,0,0
88,243.75,3,0,0,0,0
88,245.3125,4,0,0,0,0
88,246.875,5,0,0,0,0
88,248.4375,6,0,0,0,0
88,250.0,7,0,0,0,0
88,251.5625,8,0,0,0,0
88,253.125,9,0,0,0,0
88,254.6875,10,0,0,0,0
88,256.25,11,0,0,0,0
88,257.8125,12,0,0,0,0
88,259.375,13,0,0,0,0
88,260.9375,14,0,0,0,0
88,262.5,15,0,0,0,0
88,264.0625,0,0,0,0,0
88,265.625,1,0,0,0,0
88,267.1875,2,0,0,0,0
88,268.75,3,0,0,0,0
88,270.3125,4,0,0,0,0
88,271.875,5,0,0,0,0
88,273.4375,6,0,0,0,0
89,0.0,7,0,0,0,0
89,1.5625,8,0,0,0,0
89,3.125,9,0,0,0,0
89,4.6875,10,0,0,0,0
89,6.25,11,0,0,0,0
89,7.8125,12,0,0,0,0
89,9.375,13,0,0,0,0
89,10.9375,14,0,0,0,0
89,12.5,15,0,0,0,0
89,14.0625,0,0,0,0,0
89,15.625,1,0,0,0,0
89,17.1875,2,0,0,0,0
89,18.75,3,0,0,0,0
89,20.3125,4,0,0,0,0
89,21.875,5,0,0,0,0
89,23.4375,6,0,0,0,0
89,25.0,7,0,0,0,0
89,26.5625,8,0,0,0,0
89,28.125,9,0,0,0,0
89,29.6875,10,0,0,0,0
89,31.25,11,0,0,0,0
89,32.8125,12,0,0,0,0
89,34.375,13,0,0,0,0
89,35.9375,14,0,0,0,0
89,37.5,15,0,0,0,0
89,39.0625,0,0,0,0,0
89,40.625,1,0,0,0,0
89,42.1875,2,0,0,0,0
89,43.75,3,0,0,0,0
89,45.3125,4,0,0,0,0
89,46.875,5,0,0,0,0
89,48.4375,6,0,0,0,0
89,50.0,7,0,0,0,0
89,51.5625,8,0,0,0,0
89,53.125,9,0,0,0,0
89,54.6875,10,0,0,0,0
89,56.25,11,0,0,0,0
89,57.8125,12,0,0,0,0
89,59.375,13,0,0,0,0
89,60.9375,14,0,0,0,0
89,62.5,15,0,0,0,0
89,64.0625,0,0,0,0,0
89,65.625,1,0,0,0,0
89,67.1875,2,0,0,0,0
89,68.75,3,0,0,0,0
89,70.3125,4,0,0,0,0
89,71.875,5,0,0,0,0
89,73.4375,6,0,0,0,0
89,75.0,7,0,0,0,0
89,76.5625,8,0,0,0,0
89,78.125,9,0,0,0,0
89,79.6875,10,0,0,0,0
89,81.25,11,0,0,0,0
89,82.8125,12,0,0,0,0
89,84.375,13,0,0,0,0
89,85.9375,14,0,0,0,0
89,87.5,15,0,0,0,0
89,89.0625,0,0,0,0,0
89,90.625,1,0,0,0,0
89,92.1875,2,0,0,0,0
89,93.75,3,0,0,0,0
89,95.3125,4,0,0,0,0
89,96.875,5,0,0,0,0
89,98.4375,6,0,0,0,0
89,100.0,7,0,0,0,0
89,101.5625,8,0,0,0,0
89,103.125,9,0,0,0,0
89,104.6875,10,0,0,0,0
89,106.25,11,0,0,0,0
89,107.8125,12,0,0,0,0
89,109.375,13,0,0,0,0
89,110.9375,14,0,0,0,0
89,112.5,15,0,0,0,0
89,114.0625,0,0,0,0,0
89,115.625,1,0,0,0,0
89,117.1875,2,0,0,0,0
89,118.75,3,0,0,0,0
89,120.3125,4,0,0,0,0
89,121.875,5,0,0,0,0
89,123.4375,6,0,0,0,0
89,125.0,7,0,0,0,0
89,126.5625,8,0,0,0,0
89,128.125,9,0,0,0,0
89,129.6875,10,0,0,0,0
89,131.25,11,0,0,0,0
89,132.8125,12,0,0,0,0
89,134.375,13,0,0,0,0
89,135.9375,14,0,0,0,0
89,137.5,15,0,0,0,0
89,139.0625,0,0,0,0,0
89,140.625,1,0,0,0,0
89,142.1875,2,0,0,0,0
89,143.75,3,0,0,0,0
89,145.3125,4,0,0,0,0
89,146.875,5,0,0,0,0
89,148.4375,6,0,0,0,0
89,150.0,7,0,0,0,0
89,151.5625,8,0,0,0,0
89,153.125,9,0,0,0,0
89,154.6875,10,0,0,0,0
89,156.25,11,0,0,0,0
89,157.8125,12,0,0,0,0
89,159.375,13,0,0,0,0
89,160.9375,14,0,0,0,0
89,162.5,15,0,0,0,0
89,164.0625,0,0,0,0,0
89,165.625,1,0,0,0,0
89,167.1875,2,0,0,0,0
89,168.75,3,0,0,0,0
89,170.3125,4,0,0,0,0
89,171.875,5,0,0,0,0
89,173.4375,6,0,0,0,0
89,175.0,7,0,0,0,0
89,176.5625,8,0,0,0,0
89,178.125,9,0,0,0,0
89,179.6875,10,0,0,0,0
89,181.25,11,0,0,0,0
89,182.8125,12,0,0,0,0
89,184.375,13,0,0,0,0
89,185.9375,14,0,0,0,0
89,187.5,15,0,0,0,0
89,189.0625,0,0,0,0,0
89,190.625,1,0,0,0,0
89,192.1875,2,0,0,0,0
89,193.75,3,0,0,0,0
89,195.3125,4,0,0,0,0
89,196.875,5,0,0,0,0
89,198.4375,6,0,0,0,0
89,200.0,7,0,0,0,0
89,201.5625,8,0,0,0,0
89,203.125,9,0,0,0,0
89,204.6875,10,0,0,0,0
89,206.25,11,0,0,0,0
89,207.8125,12,0,0,0,0
89,209.375,13,0,0,0,0
89,210.9375,14,0,0,0,0
89,212.5,15,0,0,0,0
89,214.0625,0,0,0,0,0
89,215.625,1,0,0,0,0
89,217.1875,2,0,0,0,0
89,218.75,3,0,0,0,0
89,220.3125,4,0,0,0,0
89,221.875,5,0,0,0,0
89,223.4375,6,0,0,0,0
89,225.0,7,0,0,0,0
89,226.5625,8,0,0,0,0
89,228.125,9,0,0,0,0
89,229.6875,10,0,0,0,0
89,231.25,11,0,0,0,0
89,232.8125,12,0,0,0,0
89,234.375,13,0,0,0,0
89,235.9375,14,0,0,0,0
89,237.5,15,0,0,0,0
89,239.0625,0,0,0,0,0
89,240.625,1,0,0,0,0
89,242.1875,2,0,0,0,0
89,243.75,3,0,0,0,0
89,245.3125,4,0,0,0,0
89,246.875,5,0,0,0,0
89,248.4375,6,0,0,0,0
89,250.0,7,0,0,0,0
89,251.5625,8,0,0,0,0
89,253.125,9,0,0,0,0
89,254.6875,10,0,0,0,0
89,256.25,11,0,0,0,0
89,257.8125,12,0,0,0,0
89,259.375,13,0,0,0,0
89,260.9375,14,0,0,0,0
89,262.5,15,0,0,0,0
89,264.0625,0,0,0,0,0
89,265.625,1,0,0,0,0
89,267.1875,2,0,0,0,0
89,268.75,3,0,0,0,0
89,270.3125,4,0,0,0,0
89,271.875,5,0,0,0,0
89,273.4375,6,0,0,0,0
90,0.0,7,0,0,0,0
90,1.5625,8,0,0,0,0
90,3.125,9,0,0,0,0
90,4.6875,10,0,0,0,0
90,6.25,11,0,0,0,0
90,7.8125,12,0,0,0,0
90,9.375,13,0,0,0,0
90,10.9375,14,0,0,0,0
90,12.5,15,0,0,0,0
90,14.0625,0,0,0,0,0
90,15.625,1,0,0,0,0
90,17.1875,2,0,0,0,0
90,18.75,3,0,0,0,0
90,20.3125,4,0,0,0,0
90,21.875,5,0,0,0,0
90,23.4375,6,0,0,0,0
90,25.0,7,0,0,0,0
90,26.5625,8,0,0,0,0
90,28.125,9,0,0,0,0
90,29.6875,10,0,0,0,0
90,31.25,11,0,0,0,0
90,32.8125,12,0,0,0,0
90,34.375,13,0,0,0,0
90,35.9375,14,0,0,0,0
90,37.5,15,0,0,0,0
90,39.0625,0,0,0,0,0
90,40.625,1,0,0,0,0
90,42.1875,2,0,0,0,0
90,43.75,3,0,0,0,0
90,45.3125,4,0,0,0,0
90,46.875,5,0,0,0,0
90,48.4375,6,0,0,0,0
90,50.0,7,0,0,0,0
90,51.5625,8,0,0,0,0
90,53.125,9,0,0,0,0
90,54.6875,10,0,0,0,0
90,56.25,11,0,0,0,0
90,57.8125,12,0,0,0,0
90,59.375,13,0,0,0,0
90,60.9375,14,0,0,0,0
90,62.5,15,0,0,0,0
90,64.0625,0,0,0,0,0
90,65.625,1,0,0,0,0
90,67.1875,2,0,0,0,0
90,68.75,3,0,0,0,0
90,70.3125,4,0,0,0,0
90,71.875,5,0,0,0,0
90,73.4375,6,0,0,0,0
90,75.0,7,0,0,0,0
90,76.5625,8,0,0,0,0
90,78.125,9,0,0,0,0
90,79.6875,10,0,0,0,0
90,81.25,11,0,0,0,0
90,82.8125,12,0,0,0,0
90,84.375,13,0,0,0,0
90,85.9375,14,0,0,0,0
90,87.5,15,0,0,0,0
90,89.0625,0,0,0,0,0
90,90.625,1,0,0,0,0
90,92.1875,2,0,0,0,0
90,93.75,3,0,0,0,0
90,95.3125,4,0,0,0,0
90,96.875,5,0,0,0,0
90,98.4375,6,0,0,0,0
90,100.0,7,0,0,0,0
90,101.5625,8,0,0,0,0
90,103.125,9,0,0,0,0
90,104.6875,10,0,0,0,0
90,106.25,11,0,0,0,0
90,107.8125,12,0,0,0,0
90,109.375,13,0,0,0,0
90,110.9375,14,0,0,0,0
90,112.5,15,0,0,0,0
90,114.0625,0,0,0,0,0
90,115.625,1,0,0,0,0
90,117.1875,2,0,0,0,0
90,118.75,3,0,0,0,0
90,120.3125,4,0,0,0,0
90,121.875,5,0,0,0,0
90,123.4375,6,0,0,0,0
90,125.0,7,0,0,0,0
90,126.5625,8,0,0,0,0
90,128.125,9,0,0,0,0
90,129.6875,10,0,0,0,0
90,131.25,11,0,0,0,0
90,132.8125,12,0,0,0,0
90,134.375,13,0,0,0,0
90,135.9375,14,0,0,0,0
90,137.5,15,0,0,0,0
90,139.0625,0,0,0,0,0
90,140.625,1,0,0,0,0
90,142.1875,2,0,0,0,0
90,143.75,3,0,0,0,0
90,145.3125,4,0,0,0,0
90,146.875,5,0,0,0,0
90,148.4375,6,0,0,0,0
90,150.0,7,0,0,0,0
90,151.5625,8,0,0,0,0
90,153.125,9,0,0,0,0
90,154.6875,10,0,0,0,0
90,156.25,11,0,0,0,0
90,157.8125,12,0,0,0,0
90,159.375,13,0,0,0,0
90,160.9375,14,0,0,0,0
90,162.5,15,0,0,0,0
90,164.0625,0,0,0,0,0
90,165.625,1,0,0,0,0
90,167.1875,2,0,0,0,0
90,168.75,3,0,0,0,0
90,170.3125,4,0,0,0,0
90,171.875,5,0,0,0,0
90,173.4375,6,0,0,0,0
90,175.0,7,0,0,0,0
90,176.5625,8,0,0,0,0
90,178.125,9,0,0,0,0
90,179.6875,10,0,0,0,0
90,181.25,11,0,0,0,0
90,182.8125,12,0,0,0,0
90,184.375,13,0,0,0,0
90,185.9375,14,0,0,0,0
90,187.5,15,0,0,0,0
90,189.0625,0,0,0,0,0
90,190.625,1,0,0,0,0
90,192.1875,2,0,0,0,0
90,193.75,3,0,0,0,0
90,195.3125,4,0,0,0,0
90,196.875,5,0,0,0,0
90,198.4375,6,0,0,0,0
90,200.0,7,0,0,0,0
90,201.5625,8,0,0,0,0
90,203.125,9,0,0,0,0
90,204.6875,10,0,0,0,0
90,206.25,11,0,0,0,0
90,207.8125,12,0,0,0,0
90,209.375,13,0,0,0,0
90,210.9375,14,0,0,0,0
90,212.5,15,0,0,0,0
90,214.0625,0,0,0,0,0
90,215.625,1,0,0,0,0
90,217.1875,2,0,0,0,0
90,218.75,3,0,0,0,0
90,220.3125,4,0,0,0,0
90,221.875,5,0,0,0,0
90,223.4375,6,0,0,0,0
90,225.0,7,0,0,0,0
90,226.5625,8,0,0,0,0
90,228.125,9,0,0,0,0
90,229.6875,10,0,0,0,0
90,231.25,11,0,0,0,0
90,232.8125,12,0,0,0,0
90,234.375,13,0,0,0,0
90,235.9375,14,0,0,0,0
90,237.5,15,0,0,0,0
90,239.0625,0,0,0,0,0
90,240.625,1,0,0,0,0
90,242.1875,2,0,0,0,0
90,243.75,3,0,0,0,0
90,245.3125,4,0,0,0,0
90,246.875,5,0,0,0,0
90,248.4375,6,0,0,0,0
90,250.0,7,0,0,0,0
90,251.5625,8,0,0,0,0
90,253.125,9,0,0,0,0
90,254.6875,10,0,0,0,0
90,256.25,11,0,0,0,0
90,257.8125,12,0,0,0,0
90,259.375,13,0,0,0,0
90,260.9375,14,0,0,0,0
90,262.5,15,0,0,0,0
90,264.0625,0,0,0,0,0
90,265.625,1,0,0,0,0
90,267.1875,2,0,0,0,0
90,268.75,3,0,0,0,0
90,270.3125,4,0,0,0,0
90,271.875,5,0,0,0,0
90,273.4375,6,0,0,0,0
91,0.0,7,0,0,0,0
91,1.5625,8,0,0,0,0
91,3.125,9,0,0,0,0
91,4.6875,10,0,0,0,0
91,6.25,11,0,0,0,0
91,7.8125,12,0,0,0,0
91,9.375,13,0,0,0,0
91,10.9375,14,0,0,0,0
91,12.5,15,0,0,0,0
91,14.0625,0,0,0,0,0
91,15.625,1,0,0,0,0
91,17.1875,2,0,0,0,0
91,18.75,3,0,0,0,0
91,20.3125,4,0,0,0,0
91,21.875,5,0,0,0,0
91,23.4375,6,0,0,0,0
91,25.0,7,0,0,0,0
91,26.5625,8,0,0,0,0
91,28.125,9,0,0,0,0
91,29.6875,10,0,0,0,0
91,31.25,11,0,0,0,0
91,32.8125,12,0,0,0,0
91,34.375,13,0,0,0,0
91,35.9375,14,0,0,0,0
91,37.5,15,0,0,0,0
91,39.0625,0,0,0,0,0
91,40.625,1,0,0,0,0
91,42.1875,2,0,0,0,0
91,43.75,3,0,0,0,0
91,45.3125,4,0,0,0,0
91,46.875,5,0,0,0,0
91,48.4375,6,0,0,0,0
91,50.0,7,0,0,0,0
91,51.5625,8,0,0,0,0
91,53.125,9,0,0,0,0
91,54.6875,10,0,0,0,0
91,56.25,11,0,0,0,0
91,57.8125,12,0,0,0,0
91,59.375,13,0,0,0,0
91,60.9375,14,0,0,0,0
91,62.5,15,0,0,0,0
91,64.0625,0,0,0,0,0
91,65.625,1,0,0,0,0
91,67.1875,2,0,0,0,0
91,68.75,3,0,0,0,0
91,70.3125,4,0,0,0,0
91,71.875,5,0,0,0,0
91,73.4375,6,0,0,0,0
91,75.0,7,0,0,0,0
91,76.5625,8,0,0,0,0
91,78.125,9,0,0,0,0
91,79.6875,10,0,0,0,0
91,81.25,11,0,0,0,0
91,82.8125,12,0,0,0,0
91,84.375,13,0,0,0,0
91,85.9375,14,0,0,0,0
91,87.5,15,0,0,0,0
91,89.0625,0,0,0,0,0
91,90.625,1,0,0,0,0
91,92.1875,2,0,0,0,0
91,93.75,3,0,0,0,0
91,95.3125,4,0,0,0,0
91,96.875,5,0,0,0,0
91,98.4375,6,0,0,0,0
91,100.0,7,0,0,0,0
91,101.5625,8,0,0,0,0
91,103.125,9,0,0,0,0
91,104.6875,10,0,0,0,0
91,106.25,11,0,0,0,0
91,107.8125,12,0,0,0,0
91,109.375,13,0,0,0,0
91,110.9375,14,0,0,0,0
91,112.5,15,0,0,0,0
91,114.0625,0,0,0,0,0
91,115.625,1,0,0,0,0
91,117.1875,2,0,0,0,0
91,118.75,3,0,0,0,0
91,120.3125,4,0,0,0,0
91,121.875,5,0,0,0,0
91,123.4375,6,0,0,0,0
91,125.0,7,0,0,0,0
91,126.5625,8,0,0,0,0
91,128.125,9,0,0,0,0
91,129.6875,10,0,0,0,0
91,131.25,11,0,0,0,0
91,132.8125,12,0,0,0,0
91,134.375,13,0,0,0,0
91,135.9375,14,0,0,0,0
91,137.5,15,0,0,0,0
91,139.0625,0,0,0,0,0
91,140.625,1,0,0,0,0
91,142.1875,2,0,0,0,0
91,143.75,3,0,0,0,0
91,145.3125,4,0,0,0,0
91,146.875,5,0,0,0,0
91,148.4375,6,0,0,0,0
91,150.0,7,0,0,0,0
91,151.5625,8,0,0,0,0
91,153.125,9,0,0,0,0
91,154.6875,10,0,0,0,0
91,156.25,11,0,0,0,0
91,157.8125,12,0,0,0,0
91,159.375,13,0,0,0,0
91,160.9375,14,0,0,0,0
91,162.5,15,0,0,0,0
91,164.0625,0,0,0,0,0
91,165.625,1,0,0,0,0
91,167.1875,2,0,0,0,0
91,168.75,3,0,0,0,0
91,170.3125,4,0,0,0,0
91,171.875,5,0,0,0,0
91,173.4375,6,0,0,0,0
91,175.0,7,0,0,0,0
91,176.5625,8,0,0,0,0
91,178.125,9,0,0,0,0
91,179.6875,10,0,0,0,0
91,181.25,11,0,0,0,0
91,182.8125,12,0,0,0,0
91,184.375,13,0,0,0,0
91,185.9375,14,0,0,0,0
91,187.5,15,0,0,0,0
91,189.0625,0,0,0,0,0
91,190.625,1,0,0,0,0
91,192.1875,2,0,0,0,0
91,193.75,3,0,0,0,0
91,195.3125,4,0,0,0,0
91,196.875,5,0,0,0,0
91,198.4375,6,0,0,0,0
91,200.0,7,0,0,0,0
91,201.5625,8,0,0,0,0
91,203.125,9,0,0,0,0
91,204.6875,10,0,0,0,0
91,206.25,11,0,0,0,0
91,207.8125,12,0,0,0,0
91,209.375,13,0,0,0,0
91,210.9375,14,0,0,0,0
91,212.5,15,0,0,0,0
91,214.0625,0,0,0,0,0
91,215.625,1,0,0,0,0
91,217.1875,2,0,0,0,0
91,218.75,3,0,0,0,0
91,220.3125,4,0,0,0,0
91,221.875,5,0,0,0,0
91,223.4375,6,0,0,0,0
91,225.0,7,0,0,0,0
91,226.5625,8,0,0,0,0
91,228.125,9,0,0,0,0
91,229.6875,10,0,0,0,0
91,231.25,11,0,0,0,0
91,232.8125,12,0,0,0,0
91,234.375,13,0,0,0,0
91,235.9375,14,0,0,0,0
91,237.5,15,0,0,0,0
91,239.0625,0,0,0,0,0
91,240.625,1,0,0,0,0
91,242.1875,2,0,0,0,0
91,243.75,3,0,0,0,0
91,245.3125,4,0,0,0,0
91,246.875,5,0,0,0,0
91,248.4375,6,0,0,0,0
91,250.0,7,0,0,0,0
91,251.5625,8,0,0,0,0
91,253.125,9,0,0,0,0
91,254.6875,10,0,0,0,0
91,256.25,11,0,0,0,0
91,257.8125,12,0,0,0,0
91,259.375,13,0,0,0,0
91,260.9375,14,0,0,0,0
91,262.5,15,0,0,0,0
91,264.0625,0,0,0,0,0
91,265.625,1,0,0,0,0
91,267.1875,2,0,0,0,0
91,268.75,3,0,0,0,0
91,270.3125,4,0,0,0,0
91,271.875,5,0,0,0,0
91,273.4375,6,0,0,0,0
92,0.0,7,0,0,0,0
92,1.5625,8,0,0,0,0
92,3.125,9,0,0,0,0
92,4.6875,10,0,0,0,0
92,6.25,11,0,0,0,0
92,7.8125,12,0,0,0,0
92,9.375,13,0,0,0,0
92,10.9375,14,0,0,0,0
92,12.5,15,0,0,0,0
92,14.0625,0,0,0,0,0
92,15.625,1,0,0,0,0
92,17.1875,2,0,0,0,0
92,18.75,3,0,0,0,0
92,20.3125,4,0,0,0,0
92,21.875,5,0,0,0,0
92,23.4375,6,0,0,0,0
92,25.0,7,0,0,0,0
92,26.5625,8,0,0,0,0
92,28.125,9,0,0,0,0
92,29.6875,10,0,0,0,0
92,31.25,11,0,0,0,0
92,32.8125,12,0,0,0,0
92,34.375,13,0,0,0,0
92,35.9375,14,0,0,0,0
92,37.5,15,0,0,0,0
92,39.0625,0,0,0,0,0
92,40.625,1,0,0,0,0
92,42.1875,2,0,0,0,0
92,43.75,3,0,0,0,0
92,45.3125,4,0,0,0,0
92,46.875,5,0,0,0,0
92,48.4375,6,0,0,0,0
92,50.0,7,0,0,0,0
92,51.5625,8,0,0,0,0
92,53.125,9,0,0,0,0
92,54.6875,10,0,0,0,0
92,56.25,11,0,0,0,0
92,57.8125,12,0,0,0,0
92,59.375,13,0,0,0,0
92,60.9375,14,0,0,0,0
92,62.5,15,0,0,0,0
92,64.0625,0,0,0,0,0
92,65.625,1,0,0,0,0
92,67.1875,2,0,0,0,0
92,68.75,3,0,0,0,0
92,70.3125,4,0,0,0,0
92,71.875,5,0,0,0,0
92,73.4375,6,0,0,0,0
92,75.0,7,0,0,0,0
92,76.5625,8,0,0,0,0
92,78.125,9,0,0,0,0
92,79.6875,10,0,0,0,0
92,81.25,11,0,0,0,0
92,82.8125,12,0,0,0,0
92,84.375,13,0,0,0,0
92,85.9375,14,0,0,0,0
92,87.5,15,0,0,0,0
92,89.0625,0,0,0,0,0
92,90.625,1,0,0,0,0
92,92.1875,2,0,0,0,0
92,93.75,3,0,0,0,0
92,95.3125,4,0,0,0,0
92,96.875,5,0,0,0,0
92,98.4375,6,0,0,0,0
92,100.0,7,0,0,0,0
92,101.5625,8,0,0,0,0
92,103.125,9,0,0,0,0
92,104.6875,10,0,0,0,0
92,106.25,11,0,0,0,0
92,107.8125,12,0,0,0,0
92,109.375,13,0,0,0,0
92,110.9375,14,0,0,0,0
92,112.5,15,0,0,0,0
92,114.0625,0,0,0,0,0
92,115.625,1,0,0,0,0
92,117.1875,2,0,0,0,0
92,118.75,3,0,0,0,0
92,120.3125,4,0,0,0,0
92,121.875,5,0,0,0,0
92,123.4375,6,0,0,0,0
92,125.0,7,0,0,0,0
92,126.5625,8,0,0,0,0
92,128.125,9,0,0,0,0
92,129.6875,10,0,0,0,0
92,131.25,11,0,0,0,0
92,132.8125,12,0,0,0,0
92,134.375,13,0,0,0,0
92,135.9375,14,0,0,0,0
92,137.5,15,0,0,0,0
92,139.0625,0,0,0,0,0
92,140.625,1,0,0,0,0
92,142.1875,2,0,0,0,0
92,143.75,3,0,0,0,0
92,145.3125,4,0,0,0,0
92,146.875,5,0,0,0,0
92,148.4375,6,0,0,0,0
92,150.0,7,0,0,0,0
92,151.5625,8,0,0,0,0
92,153.125,9,0,0,0,0
92,154.6875,10,0,0,0,0
92,156.25,11,0,0,0,0
92,157.8125,12,0,0,0,0
92,159.375,13,0,0,0,0
92,160.9375,14,0,0,0,0
92,162.5,15,0,0,0,0
92,164.0625,0,0,0,0,0
92,165.625,1,0,0,0,0
92,167.1875,2,0,0,0,0
92,168.75,3,0,0,0,0
92,170.3125,4,0,0,0,0
92,171.875,5,0,0,0,0
92,173.4375,6,0,0,0,0
92,175.0,7,0,0,0,0
92,176.5625,8,0,0,0,0
92,178.125,9,0,0,0,0
92,179.6875,10,0,0,0,0
92,181.25,11,0,0,0,0
92,182.8125,12,0,0,0,0
92,184.375,13,0,0,0,0
92,185.9375,14,0,0,0,0
92,187.5,15,0,0,0,0
92,189.0625,0,0,0,0,0
92,190.625,1,0,0,0,0
92,192.1875,2,0,0,0,0
92,193.75,3,0,0,0,0
92,195.3125,4,0,0,0,0
92,196.875,5,0,0,0,0
92,198.4375,6,0,0,0,0
92,200.0,7,0,0,0,0
92,201.5625,8,0,0,0,0
92,203.125,9,0,0,0,0
92,204.6875,10,0,0,0,0
92,206.25,11,0,0,0,0
92,207.8125,12,0,0,0,0
92,209.375,13,0,0,0,0
92,210.9375,14,0,0,0,0
92,212.5,15,0,0,0,0
92,214.0625,0,0,0,0,0
92,215.625,1,0,0,0,0
92,217.1875,2,0,0,0,0
92,218.75,3,0,0,0,0
92,220.3125,4,0,0,0,0
92,221.875,5,0,0,0,0
92,223.4375,6,0,0,0,0
92,225.0,7,0,0,0,0
92,226.5625,8,0,0,0,0
92,228.125,9,0,0,0,0
92,229.6875,10,0,0,0,0
92,231.25,11,0,0,0,0
92,232.8125,12,0,0,0,0
92,234.375,13,0,0,0,0
92,235.9375,14,0,0,0,0
92,237.5,15,0,0,0,0
92,239.0625,0,0,0,0,0
92,240.625,1,0,0,0,0
92,242.1875,2,0,0,0,0
92,243.75,3,0,0,0,0
92,245.3125,4,0,0,0,0
92,246.875,5,0,0,0,0
92,248.4375,6,0,0,0,0
92,250.0,7,0,0,0,0
92,251.5625,8,0,0,0,0
92,253.125,9,0,0,0,0
92,254.6875,10,0,0,0,0
92,256.25,11,0,0,0,0
92,257.8125,12,0,0,0,0
92,259.375,13,0,0,0,0
92,260.9375,14,0,0,0,0
92,262.5,15,0,0,0,0
92,264.0625,0,0,0,0,0
92,265.625,1,0,0,0,0
92,267.1875,2,0,0,0,0
92,268.75,3,0,0,0,0
92,270.3125,4,0,0,0,0
92,271.875,5,0,0,0,0
92,273.4375,6,0,0,0,0
93,0.0,7,0,0,0,0
93,1.5625,8,0,0,0,0
93,3.125,9,0,0,0,0
93,4.6875,10,0,0,0,0
93,6.25,11,0,0,0,0
93,7.8125,12,0,0,0,0
93,9.375,13,0,0,0,0
93,10.9375,14,0,0,0,0
93,12.5,15,0,0,0,0
93,14.0625,0,0,0,0,0
93,15.625,1,0,0,0,0
93,17.1875,2,0,0,0,0
93,18.75,3,0,0,0,0
93,20.3125,4,0,0,0,0
93,21.875,5,0,0,0,0
93,23.4375,6,0,0,0,0
93,25.0,7,0,0,0,0
93,26.5625,8,0,0,0,0
93,28.125,9,0,0,0,0
93,29.6875,10,0,0,0,0
93,31.25,11,0,0,0,0
93,32.8125,12,0,0,0,0
93,34.375,13,0,0,0,0
93,35.9375,14,0,0,0,0
93,37.5,15,0,0,0,0
93,39.0625,0,0,0,0,0
93,40.625,1,0,0,0,0
93,42.1875,2,0,0,0,0
93,43.75,3,0,0,0,0
93,45.3125,4,0,0,0,0
93,46.875,5,0,0,0,0
93,48.4375,6,0,0,0,0
93,50.0,7,0,0,0,0
93,51.5625,8,0,0,0,0
93,53.125,9,0,0,0,0
93,54.6875,10,0,0,0,0
93,56.25,11,0,0,0,0
93,57.8125,12,0,0,0,0
93,59.375,13,0,0,0,0
93,60.9375,14,0,0,0,0
93,62.5,15,0,0,0,0
93,64.0625,0,0,0,0,0
93,65.625,1,0,0,0,0
93,67.1875,2,0,0,0,0
93,68.75,3,0,0,0,0
93,70.3125,4,0,0,0,0
93,71.875,5,0,0,0,0
93,73.4375,6,0,0,0,0
93,75.0,7,0,0,0,0
93,76.5625,8,0,0,0,0
93,78.125,9,0,0,0,0
93,79.6875,10,0,0,0,0
93,81.25,11,0,0,0,0
93,82.8125,12,0,0,0,0
93,84.375,13,0,0,0,0
93,85.9375,14,0,0,0,0
93,87.5,15,0,0,0,0
93,89.0625,0,0,0,0,0
93,90.625,1,0,0,0,0
93,92.1875,2,0,0,0,0
93,93.75,3,0,0,0,0
93,95.3125,4,0,0,0,0
93,96.875,5,0,0,0,0
93,98.4375,6,0,0,0,0
93,100.0,7,0,0,0,0
93,101.5625,8,0,0,0,0
93,103.125,9,0,0,0,0
93,104.6875,10,0,0,0,0
93,106.25,11,0,0,0,0
93,107.8125,12,0,0,0,0
93,109.375,13,0,0,0,0
93,110.9375,14,0,0,0,0
93,112.5,15,0,0,0,0
93,114.0625,0,0,0,0,0
93,115.625,1,0,0,0,0
93,117.1875,2,0,0,0,0
93,118.75,3,0,0,0,0
93,120.3125,4,0,0,0,0
93,121.875,5,0,0,0,0
93,123.4375,6,0,0,0,0
93,125.0,7,0,0,0,0
93,126.5625,8,0,0,0,0
93,128.125,9,0,0,0,0
93,129.6875,10,0,0,0,0
93,131.25,11,0,0,0,0
93,132.8125,12,0,0,0,0
93,134.375,13,0,0,0,0
93,135.9375,14,0,0,0,0
93,137.5,15,0,0,0,0
93,139.0625,0,0,0,0,0
93,140.625,1,0,0,0,0
93,142.1875,2,0,0,0,0
93,143.75,3,0,0,0,0
93,145.3125,4,0,0,0,0
93,146.875,5,0,0,0,0
93,148.4375,6,0,0,0,0
93,150.0,7,0,0,0,0
93,151.5625,8,0,0,0,0
93,153.125,9,0,0,0,0
93,154.6875,10,0,0,0,0
93,156.25,11,0,0,0,0
93,157.8125,12,0,0,0,0
93,159.375,13,0,0,0,0
93,160.9375,14,0,0,0,0
93,162.5,15,0,0,0,0
93,164.0625,0,0,0,0,0
93,165.625,1,0,0,0,0
93,167.1875,2,0,0,0,0
93,168.75,3,0,0,0,0
93,170.3125,4,0,0,0,0
93,171.875,5,0,0,0,0
93,173.4375,6,0,0,0,0
93,175.0,7,0,0,0,0
93,176.5625,8,0,0,0,0
93,178.125,9,0,0,0,0
93,179.6875,10,0,0,0,0
93,181.25,11,0,0,0,0
93,182.8125,12,0,0,0,0
93,184.375,13,0,0,0,0
93,185.9375,14,0,0,0,0
93,187.5,15,0,0,0,0
93,189.0625,0,0,0,0,0
93,190.625,1,0,0,0,0
93,192.1875,2,0,0,0,0
93,193.75,3,0,0,0,0
93,195.3125,4,0,0,0,0
93,196.875,5,0,0,0,0
93,198.4375,6,0,0,0,0
93,200.0,7,0,0,0,0
93,201.5625,8,0,0,0,0
93,203.125,9,0,0,0,0
93,204.6875,10,0,0,0,0
93,206.25,11,0,0,0,0
93,207.8125,12,0,0,0,0
93,209.375,13,0,0,0,0
93,210.9375,14,0,0,0,0
93,212.5,15,0,0,0,0
93,214.0625,0,0,0,0,0
93,215.625,1,0,0,0,0
93,217.1875,2,0,0,0,0
93,218.75,3,0,0,0,0
93,220.3125,4,0,0,0,0
93,221.875,5,0,0,0,0
93,223.4375,6,0,0,0,0
93,225.0,7,0,0,0,0
93,226.5625,8,0,0,0,0
93,228.125,9,0,0,0,0
93,229.6875,10,0,0,0,0
93,231.25,11,0,0,0,0
93,232.8125,12,0,0,0,0
93,234.375,13,0,0,0,0
93,235.9375,14,0,0,0,0
93,237.5,15,0,0,0,0
93,239.0625,0,0,0,0,0
93,240.625,1,0,0,0,0
93,242.1875,2,0,0,0,0
93,243.75,3,0,0,0,0
93,245.3125,4,0,0,0,0
93,246.875,5,0,0,0,0
93,248.4375,6,0,0,0,0
93,250.0,7,0,0,0,0
93,251.5625,8,0,0,0,0
93,253.125,9,0,0,0,0
93,254.6875,10,0,0,0,0
93,256.25,11,0,0,0,0
93,257.8125,12,0,0,0,0
93,259.375,13,0,0,0,0
93,260.9375,14,0,0,0,0
93,262.5,15,0,0,0,0
93,264.0625,0,0,0,0,0
93,265.625,1,0,0,0,0
93,267.1875,2,0,0,0,0
93,268.75,3,0,0,0,0
93,270.3125,4,0,0,0,0
93,271.875,5,0,0,0,0
93,273.4375,6,0,0,0,0
94,0.0,7,0,0,0,0
94,1.5625,8,0,0,0,0
94,3.125,9,0,0,0,0
94,4.6875,10,0,0,0,0
94,6.25,11,0,0,0,0
94,7.8125,12,0,0,0,0
94,9.375,13,0,0,0,0
94,10.9375,14,0,0,0,0
94,12.5,15,0,0,0,0
94,14.0625,0,0,0,0,0
94,15.625,1,0,0,0,0
94,17.1875,2,0,0,0,0
94,18.75,3,0,0,0,0
94,20.3125,4,0,0,0,0
94,21.875,5,0,0,0,0
94,23.4375,6,0,0,0,0
94,25.0,7,0,0,0,0
94,26.5625,8,0,0,0,0
94,28.125,9,0,0,0,0
94,29.6875,10,0,0,0,0
94,31.25,11,0,0,0,0
94,32.8125,12,0,0,0,0
94,34.375,13,0,0,0,0
94,35.9375,14,0,0,0,0
94,37.5,15,0,0,0,0
94,39.0625,0,0,0,0,0
94,40.625,1,0,0,0,0
94,42.1875,2,0,0,0,0
94,43.75,3,0,0,0,0
94,45.3125,4,0,0,0,0
94,46.875,5,0,0,0,0
94,48.4375,6,0,0,0,0
94,50.0,7,0,0,0,0
94,51.5625,8,0,0,0,0
94,53.125,9,0,0,0,0
94,54.6875,10,0,0,0,0
94,56.25,11,0,0,0,0
94,57.8125,12,0,0,0,0
94,59.375,13,0,0,0,0
94,60.9375,14,0,0,0,0
94,62.5,15,0,0,0,0
94,64.0625,0,0,0,0,0
94,65.625,1,0,0,0,0
94,67.1875,2,0,0,0,0
94,68.75,3,0,0,0,0
94,70.3125,4,0,0,0,0
94,71.875,5,0,0,0,0
94,73.4375,6,0,0,0,0
94,75.0,7,0,0,0,0
94,76.5625,8,0,0,0,0
94,78.125,9,0,0,0,0
94,79.6875,10,0,0,0,0
94,81.25,11,0,0,0,0
94,82.8125,12,0,0,0,0
94,84.375,13,0,0,0,0
94,85.9375,14,0,0,0,0
94,87.5,15,0,0,0,0
94,89.0625,0,0,0,0,0
94,90.625,1,0,0,0,0
94,92.1875,2,0,0,0,0
94,93.75,3,0,0,0,0
94,95.3125,4,0,0,0,0
94,96.875,5,0,0,0,0
94,98.4375,6,0,0,0,0
94,100.0,7,0,0,0,0
94,101.5625,8,0,0,0,0
94,103.125,9,0,0,0,0
94,104.6875,10,0,0,0,0
94,106.25,11,0,0,0,0
94,107.8125,12,0,0,0,0
94,109.375,13,0,0,0,0
94,110.9375,14,0,0,0,0
94,112.5,15,0,0,0,0
94,114.0625,0,0,0,0,0
94,115.625,1,0,0,0,0
94,117.1875,2,0,0,0,0
94,118.75,3,0,0,0,0
94,120.3125,4,0,0,0,0
94,121.875,5,0,0,0,0
94,123.4375,6,0,0,0,0
94,125.0,7,0,0,0,0
94,126.5625,8,0,0,0,0
94,128.125,9,0,0,0,0
94,129.6875,10,0,0,0,0
94,131.25,11,0,0,0,0
94,132.8125,12,0,0,0,0
94,134.375,13,0,0,0,0
94,135.9375,14,0,0,0,0
94,137.5,15,0,0,0,0
94,139.0625,0,0,0,0,0
94,140.625,1,0,0,0,0
94,142.1875,2,0,0,0,0
94,143.75,3,0,0,0,0
94,145.3125,4,0,0,0,0
94,146.875,5,0,0,0,0
94,148.4375,6,0,0,0,0
94,150.0,7,0,0,0,0
94,151.5625,8,0,0,0,0
94,153.125,9,0,0,0,0
94,154.6875,10,0,0,0,0
94,156.25,11,0,0,0,0
94,157.8125,12,0,0,0,0
94,159.375,13,0,0,0,0
94,160.9375,14,0,0,0,0
94,162.5,15,0,0,0,0
94,164.0625,0,0,0,0,0
94,165.625,1,0,0,0,0
94,167.1875,2,0,0,0,0
94,168.75,3,0,0,0,0
94,170.3125,4,0,0,0,0
94,171.875,5,0,0,0,0
94,173.4375,6,0,0,0,0
94,175.0,7,0,0,0,0
94,176.5625,8,0,0,0,0
94,178.125,9,0,0,0,0
94,179.6875,10,0,0,0,0
94,181.25,11,0,0,0,0
94,182.8125,12,0,0,0,0
94,184.375,13,0,0,0,0
94,185.9375,14,0,0,0,0
94,187.5,15,0,0,0,0
94,189.0625,0,0,0,0,0
94,190.625,1,0,0,0,0
94,192.1875,2,0,0,0,0
94,193.75,3,0,0,0,0
94,195.3125,4,0,0,0,0
94,196.875,5,0,0,0,0
94,198.4375,6,0,0,0,0
94,200.0,7,0,0,0,0
94,201.5625,8,0,0,0,0
94,203.125,9,0,0,0,0
94,204.6875,10,0,0,0,0
94,206.25,11,0,0,0,0
94,207.8125,12,0,0,0,0
94,209.375,13,0,0,0,0
94,210.9375,14,0,0,0,0
94,212.5,15,0,0,0,0
94,214.0625,0,0,0,0,0
94,215.625,1,0,0,0,0
94,217.1875,2,0,0,0,0
94,218.75,3,0,0,0,0
94,220.3125,4,0,0,0,0
94,221.875,5,0,0,0,0
94,223.4375,6,0,0,0,0
94,225.0,7,0,0,0,0
94,226.5625,8,0,0,0,0
94,228.125,9,0,0,0,0
94,229.6875,10,0,0,0,0
94,231.25,11,0,0,0,0
94,232.8125,12,0,0,0,0
94,234.375,13,0,0,0,0
94,235.9375,14,0,0,0,0
94,237.5,15,0,0,0,0
94,239.0625,0,0,0,0,0
94,240.625,1,0,0,0,0
94,242.1875,2,0,0,0,0
94,243.75,3,0,0,0,0
94,245.3125,4,0,0,0,0
94,246.875,5,0,0,0,0
94,248.4375,6,0,0,0,0
94,250.0,7,0,0,0,0
94,251.5625,8,0,0,0,0
94,253.125,9,0,0,0,0
94,254.6875,10,0,0,0,0
94,256.25,11,0,0,0,0
94,257.8125,12,0,0,0,0
94,259.375,13,0,0,0,0
94,260.9375,14,0,0,0,0
94,262.5,15,0,0,0,0
94,264.0625,0,0,0,0,0
94,265.625,1,0,0,0,0
94,267.1875,2,0,0,0,0
94,268.75,3,0,0,0,0
94,270.3125,4,0,0,0,0
94,271.875,5,0,0,0,0
94,273.4375,6,0,0,0,0
95,0.0,7,0,0,0,0
95,1.5625,8,0,0,0,0
95,3.125,9,0,0,0,0
95,4.6875,10,0,0,0,0
95,6.25,11,0,0,0,0
95,7.8125,12,0,0,0,0
95,9.375,13,0,0,0,0
95,10.9375,14,0,0,0,0
95,12.5,15,0,0,0,0
95,14.0625,0,0,0,0,0
95,15.625,1,0,0,0,0
95,17.1875,2,0,0,0,0
95,18.75,3,0,0,0,0
95,20.3125,4,0,0,0,0
95,21.875,5,0,0,0,0
95,23.4375,6,0,0,0,0
95,25.0,7,0,0,0,0
95,26.5625,8,0,0,0,0
95,28.125,9,0,0,0,0
95,29.6875,10,0,0,0,0
95,31.25,11,0,0,0,0
95,32.8125,12,0,0,0,0
95,34.375,13,0,0,0,0
95,35.9375,14,0,0,0,0
95,37.5,15,0,0,0,0
95,39.0625,0,0,0,0,0
95,40.625,1,0,0,0,0
95,42.1875,2,0,0,0,0
95,43.75,3,0,0,0,0
95,45.3125,4,0,0,0,0
95,46.875,5,0,0,0,0
95,48.4375,6,0,0,0,0
95,50.0,7,0,0,0,0
95,51.5625,8,0,0,0,0
95,53.125,9,0,0,0,0
95,54.6875,10,0,0,0,0
95,56.25,11,0,0,0,0
95,57.8125,12,0,0,0,0
95,59.375,13,0,0,0,0
95,60.9375,14,0,0,0,0
95,62.5,15,0,0,0,0
95,64.0625,0,0,0,0,0
95,65.625,1,0,0,0,0
95,67.1875,2,0,0,0,0
95,68.75,3,0,0,0,0
95,70.3125,4,0,0,0,0
95,71.875,5,0,0,0,0
95,73.4375,6,0,0,0,0
95,75.0,7,0,0,0,0
95,76.5625,8,0,0,0,0
95,78.125,9,0,0,0,0
95,79.6875,10,0,0,0,0
95,81.25,11,0,0,0,0
95,82.8125,12,0,0,0,0
95,84.375,13,0,0,0,0
95,85.9375,14,0,0,0,0
95,87.5,15,0,0,0,0
95,89.0625,0,0,0,0,0
95,90.625,1,0,0,0,0
95,92.1875,2,0,0,0,0
95,93.75,3,0,0,0,0
95,95.3125,4,0,0,0,0
95,96.875,5,0,0,0,0
95,98.4375,6,0,0,0,0
95,100.0,7,0,0,0,0
95,101.5625,8,0,0,0,0
95,103.125,9,0,0,0,0
95,104.6875,10,0,0,0,0
95,106.25,11,0,0,0,0
95,107.8125,12,0,0,0,0
95,109.375,13,0,0,0,0
95,110.9375,14,0,0,0,0
95,112.5,15,0,0,0,0
95,114.0625,0,0,0,0,0
95,115.625,1,0,0,0,0
95,117.1875,2,0,0,0,0
95,118.75,3,0,0,0,0
95,120.3125,4,0,0,0,0
95,121.875,5,0,0,0,0
95,123.4375,6,0,0,0,0
95,125.0,7,0,0,0,0
95,126.5625,8,0,0,0,0
95,128.125,9,0,0,0,0
95,129.6875,10,0,0,0,0
95,131.25,11,0,0,0,0
95,132.8125,12,0,0,0,0
95,134.375,13,0,0,0,0
95,135.9375,14,0,0,0,0
95,137.5,15,0,0,0,0
95,139.0625,0,0,0,0,0
95,140.625,1,0,0,0,0
95,142.1875,2,0,0,0,0
95,143.75,3,0,0,0,0
95,145.3125,4,0,0,0,0
95,146.875,5,0,0,0,0
95,148.4375,6,0,0,0,0
95,150.0,7,0,0,0,0
95,151.5625,8,0,0,0,0
95,153.125,9,0,0,0,0
95,154.6875,10,0,0,0,0
95,156.25,11,0,0,0,0
95,157.8125,12,0,0,0,0
95,159.375,13,0,0,0,0
95,160.9375,14,0,0,0,0
95,162.5,15,0,0,0,0
95,164.0625,0,0,0,0,0
95,165.625,1,0,0,0,0
95,167.1875,2,0,0,0,0
95,168.75,3,0,0,0,0
95,170.3125,4,0,0,0,0
95,171.875,5,0,0,0,0
95,173.4375,6,0,0,0,0
95,175.0,7,0,0,0,0
95,176.5625,8,0,0,0,0
95,178.125,9,0,0,0,0
95,179.6875,10,0,0,0,0
95,181.25,11,0,0,0,0
95,182.8125,12,0,0,0,0
95,184.375,13,0,0,0,0
95,185.9375,14,0,0,0,0
95,187.5,15,0,0,0,0
95,189.0625,0,0,0,0,0
95,190.625,1,0,0,0,0
95,192.1875,2,0,0,0,0
95,193.75,3,0,0,0,0
95,195.3125,4,0,0,0,0
95,196.875,5,0,0,0,0
95,198.4375,6,0,0,0,0
95,200.0,7,0,0,0,0
95,201.5625,8,0,0,0,0
95,203.125,9,0,0,0,0
95,204.6875,10,0,0,0,0
95,206.25,11,0,0,0,0
95,207.8125,12,0,0,0,0
95,209.375,13,0,0,0,0
95,210.9375,14,0,0,0,0
95,212.5,15,0,0,0,0
95,214.0625,0,0,0,0,0
95,215.625,1,0,0,0,0
95,217.1875,2,0,0,0,0
95,218.75,3,0,0,0,0
95,220.3125,4,0,0,0,0
95,221.875,5,0,0,0,0
95,223.4375,6,0,0,0,0
95,225.0,7,0,0,0,0
95,226.5625,8,0,0,0,0
95,228.125,9,0,0,0,0
95,229.6875,10,0,0,0,0
95,231.25,11,0,0,0,0
95,232.8125,12,0,0,0,0
95,234.375,13,0,0,0,0
95,235.9375,14,0,0,0,0
95,237.5,15,0,0,0,0
95,239.0625,0,0,0,0,0
95,240.625,1,0,0,0,0
95,242.1875,2,0,0,0,0
95,243.75,3,0,0,0,0
95,245.3125,4,0,0,0,0
95,246.875,5,0,0,0,0
95,248.4375,6,0,0,0,0
95,250.0,7,0,0,0,0
95,251.5625,8,0,0,0,0
95,253.125,9,0,0,0,0
95,254.6875,10,0,0,0,0
95,256.25,11,0,0,0,0
95,257.8125,12,0,0,0,0
95,259.375,13,0,0,0,0
95,260.9375,14,0,0,0,0
95,262.5,15,0,0,0,0
95,264.0625,0,0,0,0,0
95,265.625,1,0,0,0,0
95,267.1875,2,0,0,0,0
95,268.75,3,0,0,0,0
95,270.3125,4,0,0,0,0
95,271.875,5,0,0,0,0
95,273.4375,6,0,0,0,0
96,0.0,7,0,0,0,0
96,1.5625,8,0,0,0,0
96,3.125,9,0,0,0,0
96,4.6875,10,0,0,0,0
96,6.25,11,0,0,0,0
96,7.8125,12,0,0,0,0
96,9.375,13,0,0,0,0
96,10.9375,14,0,0,0,0
96,12.5,15,0,0,0,0
96,14.0625,0,0,0,0,0
96,15.625,1,0,0,0,0
96,17.1875,2,0,0,0,0
96,18.75,3,0,0,0,0
96,20.3125,4,0,0,0,0
96,21.875,5,0,0,0,0
96,23.4375,6,0,0,0,0
96,25.0,7,0,0,0,0
96,26.5625,8,0,0,0,0
96,28.125,9,0,0,0,0
96,29.6875,10,0,0,0,0
96,31.25,11,0,0,0,0
96,32.8125,12,0,0,0,0
96,34.375,13,0,0,0,0
96,35.9375,14,0,0,0,0
96,37.5,15,0,0,0,0
96,39.0625,0,0,0,0,0
96,40.625,1,0,0,0,0
96,42.1875,2,0,0,0,0
96,43.75,3,0,0,0,0
96,45.3125,4,0,0,0,0
96,46.875,5,0,0,0,0
96,48.4375,6,0,0,0,0
96,50.0,7,0,0,0,0
96,51.5625,8,0,0,0,0
96,53.125,9,0,0,0,0
96,54.6875,10,0,0,0,0
96,56.25,11,0,0,0,0
96,57.8125,12,0,0,0,0
96,59.375,13,0,0,0,0
96,60.9375,14,0,0,0,0
96,62.5,15,0,0,0,0
96,64.0625,0,0,0,0,0
96,65.625,1,0,0,0,0
96,67.1875,2,0,0,0,0
96,68.75,3,0,0,0,0
96,70.3125,4,0,0,0,0
96,71.875,5,0,0,0,0
96,73.4375,6,0,0,0,0
96,75.0,7,0,0,0,0
96,76.5625,8,0,0,0,0
96,78.125,9,0,0,0,0
96,79.6875,10,0,0,0,0
96,81.25,11,0,0,0,0
96,82.8125,12,0,0,0,0
96,84.375,13,0,0,0,0
96,85.9375,14,0,0,0,0
96,87.5,15,0,0,0,0
96,89.0625,0,0,0,0,0
96,90.625,1,0,0,0,0
96,92.1875,2,0,0,0,0
96,93.75,3,0,0,0,0
96,95.3125,4,0,0,0,0
96,96.875,5,0,0,0,0
96,98.4375,6,0,0,0,0
96,100.0,7,0,0,0,0
96,101.5625,8,0,0,0,0
96,103.125,9,0,0,0,0
96,104.6875,10,0,0,0,0
96,106.25,11,0,0,0,0
96,107.8125,12,0,0,0,0
96,109.375,13,0,0,0,0
96,110.9375,14,0,0,0,0
96,112.5,15,0,0,0,0
96,114.0625,0,0,0,0,0
96,115.625,1,0,0,0,0
96,117.1875,2,0,0,0,0
96,118.75,3,0,0,0,0
96,120.3125,4,0,0,0,0
96,121.875,5,0,0,0,0
96,123.4375,6,0,0,0,0
96,125.0,7,0,0,0,0
96,126.5625,8,0,0,0,0
96,128.125,9,0,0,0,0
96,129.6875,10,0,0,0,0
96,131.25,11,0,0,0,0
96,132.8125,12,0,0,0,0
96,134.375,13,0,0,0,0
96,135.9375,14,0,0,0,0
96,137.5,15,0,0,0,0
96,139.0625,0,0,0,0,0
96,140.625,1,0,0,0,0
96,142.1875,2,0,0,0,0
96,143.75,3,0,0,0,0
96,145.3125,4,0,0,0,0
96,146.875,5,0,0,0,0
96,148.4375,6,0,0,0,0
96,150.0,7,0,0,0,0
96,151.5625,8,0,0,0,0
96,153.125,9,0,0,0,0
96,154.6875,10,0,0,0,0
96,156.25,11,0,0,0,0
96,157.8125,12,0,0,0,0
96,159.375,13,0,0,0,0
96,160.9375,14,0,0,0,0
96,162.5,15,0,0,0,0
96,164.0625,0,0,0,0,0
96,165.625,1,0,0,0,0
96,167.1875,2,0,0,0,0
96,168.75,3,0,0,0,0
96,170.3125,4,0,0,0,0
96,171.875,5,0,0,0,0
96,173.4375,6,0,0,0,0
96,175.0,7,0,0,0,0
96,176.5625,8,0,0,0,0
96,178.125,9,0,0,0,0
96,179.6875,10,0,0,0,0
96,181.25,11,0,0,0,0
96,182.8125,12,0,0,0,0
96,184.375,13,0,0,0,0
96,185.9375,14,0,0,0,0
96,187.5,15,0,0,0,0
96,189.0625,0,0,0,0,0
96,190.625,1,0,0,0,0
96,192.1875,2,0,0,0,0
96,193.75,3,0,0,0,0
96,195.3125,4,0,0,0,0
96,196.875,5,0,0,0,0
96,198.4375,6,0,0,0,0
96,200.0,7,0,0,0,0
96,201.5625,8,0,0,0,0
96,203.125,9,0,0,0,0
96,204.6875,10,0,0,0,0
96,206.25,11,0,0,0,0
96,207.8125,12,0,0,0,0
96,209.375,13,0,0,0,0
96,210.9375,14,0,0,0,0
96,212.5,15,0,0,0,0
96,214.0625,0,0,0,0,0
96,215.625,1,0,0,0,0
96,217.1875,2,0,0,0,0
96,218.75,3,0,0,0,0
96,220.3125,4,0,0,0,0
96,221.875,5,0,0,0,0
96,223.4375,6,0,0,0,0
96,225.0,7,0,0,0,0
96,226.5625,8,0,0,0,0
96,228.125,9,0,0,0,0
96,229.6875,10,0,0,0,0
96,231.25,11,0,0,0,0
96,232.8125,12,0,0,0,0
96,234.375,13,0,0,0,0
96,235.9375,14,0,0,0,0
96,237.5,15,0,0,0,0
96,239.0625,0,0,0,0,0
96,240.625,1,0,0,0,0
96,242.1875,2,0,0,0,0
96,243.75,3,0,0,0,0
96,245.3125,4,0,0,0,0
96,246.875,5,0,0,0,0
96,248.4375,6,0,0,0,0
96,250.0,7,0,0,0,0
96,251.5625,8,0,0,0,0
96,253.125,9,0,0,0,0
96,254.6875,10,0,0,0,0
96,256.25,11,0,0,0,0
96,257.8125,12,0,0,0,0
96,259.375,13,0,0,0,0
96,260.9375,14,0,0,0,0
96,262.5,15,0,0,0,0
96,264.0625,0,0,0,0,0
96,265.625,1,0,0,0,0
96,267.1875,2,0,0,0,0
96,268.75,3,0,0,0,0
96,270.3125,4,0,0,0,0
96,271.875,5,0,0,0,0
96,273.4375,6,0,0,0,0
97,0.0,7,0,0,0,0
97,1.5625,8,0,0,0,0
97,3.125,9,0,0,0,0
97,4.6875,10,0,0,0,0
97,6.25,11,0,0,0,0
97,7.8125,12,0,0,0,0
97,9.375,13,0,0,0,0
97,10.9375,14,0,0,0,0
97,12.5,15,0,0,0,0
97,14.0625,0,0,0,0,0
97,15.625,1,0,0,0,0
97,17.1875,2,0,0,0,0
97,18.75,3,0,0,0,0
97,20.3125,4,0,0,0,0
97,21.875,5,0,0,0,0
97,23.4375,6,0,0,0,0
97,25.0,7,0,0,0,0
97,26.5625,8,0,0,0,0
97,28.125,9,0,0,0,0
97,29.6875,10,0,0,0,0
97,31.25,11,0,0,0,0
97,32.8125,12,0,0,0,0
97,34.375,13,0,0,0,0
97,35.9375,14,0,0,0,0
97,37.5,15,0,0,0,0
97,39.0625,0,0,0,0,0
97,40.625,1,0,0,0,0
97,42.1875,2,0,0,0,0
97,43.75,3,0,0,0,0
97,45.3125,4,0,0,0,0
97,46.875,5,0,0,0,0
97,48.4375,6,0,0,0,0
97,50.0,7,0,0,0,0
97,51.5625,8,0,0,0,0
97,53.125,9,0,0,0,0
97,54.6875,10,0,0,0,0
97,56.25,11,0,0,0,0
97,57.8125,12,0,0,0,0
97,59.375,13,0,0,0,0
97,60.9375,14,0,0,0,0
97,62.5,15,0,0,0,0
97,64.0625,0,0,0,0,0
97,65.625,1,0,0,0,0
97,67.1875,2,0,0,0,0
97,68.75,3,0,0,0,0
97,70.3125,4,0,0,0,0
97,71.875,5,0,0,0,0
97,73.4375,6,0,0,0,0
97,75.0,7,0,0,0,0
97,76.5625,8,0,0,0,0
97,78.125,9,0,0,0,0
97,79.6875,10,0,0,0,0
97,81.25,11,0,0,0,0
97,82.8125,12,0,0,0,0
97,84.375,13,0,0,0,0
97,85.9375,14,0,0,0,0
97,87.5,15,0,0,0,0
97,89.0625,0,0,0,0,0
97,90.625,1,0,0,0,0
97,92.1875,2,0,0,0,0
97,93.75,3,0,0,0,0
97,95.3125,4,0,0,0,0
97,96.875,5,0,0,0,0
97,98.4375,6,0,0,0,0
97,100.0,7,0,0,0,0
97,101.5625,8,0,0,0,0
97,103.125,9,0,0,0,0
97,104.6875,10,0,0,0,0
97,106.25,11,0,0,0,0
97,107.8125,12,0,0,0,0
97,109.375,13,0,0,0,0
97,110.9375,14,0,0,0,0
97,112.5,15,0,0,0,0
97,114.0625,0,0,0,0,0
97,115.625,1,0,0,0,0
97,117.1875,2,0,0,0,0
97,118.75,3,0,0,0,0
97,120.3125,4,0,0,0,0
97,121.875,5,0,0,0,0
97,123.4375,6,0,0,0,0
97,125.0,7,0,0,0,0
97,126.5625,8,0,0,0,0
97,128.125,9,0,0,0,0
97,129.6875,10,0,0,0,0
97,131.25,11,0,0,0,0
97,132.8125,12,0,0,0,0
97,134.375,13,0,0,0,0
97,135.9375,14,0,0,0,0
97,137.5,15,0,0,0,0
97,139.0625,0,0,0,0,0
97,140.625,1,0,0,0,0
97,142.1875,2,0,0,0,0
97,143.75,3,0,0,0,0
97,145.3125,4,0,0,0,0
97,146.875,5,0,0,0,0
97,148.4375,6,0,0,0,0
97,150.0,7,0,0,0,0
97,151.5625,8,0,0,0,0
97,153.125,9,0,0,0,0
97,154.6875,10,0,0,0,0
97,156.25,11,0,0,0,0
97,157.8125,12,0,0,0,0
97,159.375,13,0,0,0,0
97,160.9375,14,0,0,0,0
97,162.5,15,0,0,0,0
97,164.0625,0,0,0,0,0
97,165.625,1,0,0,0,0
97,167.1875,2,0,0,0,0
97,168.75,3,0,0,0,0
97,170.3125,4,0,0,0,0
97,171.875,5,0,0,0,0
97,173.4375,6,0,0,0,0
97,175.0,7,0,0,0,0
97,176.5625,8,0,0,0,0
97,178.125,9,0,0,0,0
97,179.6875,10,0,0,0,0
97,181.25,11,0,0,0,0
97,182.8125,12,0,0,0,0
97,184.375,13,0,0,0,0
97,185.9375,14,0,0,0,0
97,187.5,15,0,0,0,0
97,189.0625,0,0,0,0,0
97,190.625,1,0,0,0,0
97,192.1875,2,0,0,0,0
97,193.75,3,0,0,0,0
97,195.3125,4,0,0,0,0
97,196.875,5,0,0,0,0
97,198.4375,6,0,0,0,0
97,200.0,7,0,0,0,0
97,201.5625,8,0,0,0,0
97,203.125,9,0,0,0,0
97,204.6875,10,0,0,0,0
97,206.25,11,0,0,0,0
97,207.8125,12,0,0,0,0
97,209.375,13,0,0,0,0
97,210.9375,14,0,0,0,0
97,212.5,15,0,0,0,0
97,214.0625,0,0,0,0,0
97,215.625,1,0,0,0,0
97,217.1875,2,0,0,0,0
97,218.75,3,0,0,0,0
97,220.3125,4,0,0,0,0
97,221.875,5,0,0,0,0
97,223.4375,6,0,0,0,0
97,225.0,7,0,0,0,0
97,226.5625,8,0,0,0,0
97,228.125,9,0,0,0,0
97,229.6875,10,0,0,0,0
97,231.25,11,0,0,0,0
97,232.8125,12,0,0,0,0
97,234.375,13,0,0,0,0
97,235.9375,14,0,0,0,0
97,237.5,15,0,0,0,0
97,239.0625,0,0,0,0,0
97,240.625,1,0,0,0,0
97,242.1875,2,0,0,0,0
97,243.75,3,0,0,0,0
97,245.3125,4,0,0,0,0
97,246.875,5,0,0,0,0
97,248.4375,6,0,0,0,0
97,250.0,7,0,0,0,0
97,251.5625,8,0,0,0,0
97,253.125,9,0,0,0,0
97,254.6875,10,0,0,0,0
97,256.25,11,0,0,0,0
97,257.8125,12,0,0,0,0
97,259.375,13,0,0,0,0
97,260.9375,14,0,0,0,0
97,262.5,15,0,0,0,0
97,264.0625,0,0,0,0,0
97,265.625,1,0,0,0,0
97,267.1875,2,0,0,0,0
97,268.75,3,0,0,0,0
97,270.3125,4,0,0,0,0
97,271.875,5,0,0,0,0
97,273.4375,6,0,0,0,0
98,0.0,7,0,0,0,0
98,1.5625,8,0,0,0,0
98,3.125,9,0,0,0,0
98,4.6875,10,0,0,0,0
98,6.25,11,0,0,0,0
98,7.8125,12,0,0,0,0
98,9.375,13,0,0,0,0
98,10.9375,14,0,0,0,0
98,12.5,15,0,0,0,0
98,14.0625,0,0,0,0,0
98,15.625,1,0,0,0,0
98,17.1875,2,0,0,0,0
98,18.75,3,0,0,0,0
98,20.3125,4,0,0,0,0
98,21.875,5,0,0,0,0
98,23.4375,6,0,0,0,0
98,25.0,7,0,0,0,0
98,26.5625,8,0,0,0,0
98,28.125,9,0,0,0,0
98,29.6875,10,0,0,0,0
98,31.25,11,0,0,0,0
98,32.8125,12,0,0,0,0
98,34.375,13,0,0,0,0
98,35.9375,14,0,0,0,0
98,37.5,15,0,0,0,0
98,39.0625,0,0,0,0,0
98,40.625,1,0,0,0,0
98,42.1875,2,0,0,0,0
98,43.75,3,0,0,0,0
98,45.3125,4,0,0,0,0
98,46.875,5,0,0,0,0
98,48.4375,6,0,0,0,0
98,50.0,7,0,0,0,0
98,51.5625,8,0,0,0,0
98,53.125,9,0,0,0,0
98,54.6875,10,0,0,0,0
98,56.25,11,0,0,0,0
98,57.8125,12,0,0,0,0
98,59.375,13,0,0,0,0
98,60.9375,14,0,0,0,0
98,62.5,15,0,0,0,0
98,64.0625,0,0,0,0,0
98,65.625,1,0,0,0,0
98,67.1875,2,0,0,0,0
98,68.75,3,0,0,0,0
98,70.3125,4,0,0,0,0
98,71.875,5,0,0,0,0
98,73.4375,6,0,0,0,0
98,75.0,7,0,0,0,0
98,76.5625,8,0,0,0,0
98,78.125,9,0,0,0,0
98,79.6875,10,0,0,0,0
98,81.25,11,0,0,0,0
98,82.8125,12,0,0,0,0
98,84.375,13,0,0,0,0
98,85.9375,14,0,0,0,0
98,87.5,15,0,0,0,0
98,89.0625,0,0,0,0,0
98,90.625,1,0,0,0,0
98,92.1875,2,0,0,0,0
98,93.75,3,0,0,0,0
98,95.3125,4,0,0,0,0
98,96.875,5,0,0,0,0
98,98.4375,6,0,0,0,0
98,100.0,7,0,0,0,0
98,101.5625,8,0,0,0,0
98,103.125,9,0,0,0,0
98,104.6875,10,0,0,0,0
98,106.25,11,0,0,0,0
98,107.8125,12,0,0,0,0
98,109.375,13,0,0,0,0
98,110.9375,14,0,0,0,0
98,112.5,15,0,0,0,0
98,114.0625,0,0,0,0,0
98,115.625,1,0,0,0,0
98,117.1875,2,0,0,0,0
98,118.75,3,0,0,0,0
98,120.3125,4,0,0,0,0
98,121.875,5,0,0,0,0
98,123.4375,6,0,0,0,0
98,125.0,7,0,0,0,0
98,126.5625,8,0,0,0,0
98,128.125,9,0,0,0,0
98,129.6875,10,0,0,0,0
98,131.25,11,0,0,0,0
98,132.8125,12,0,0,0,0
98,134.375,13,0,0,0,0
98,135.9375,14,0,0,0,0
98,137.5,15,0,0,0,0
98,139.0625,0,0,0,0,0
98,140.625,1,0,0,0,0
98,142.1875,2,0,0,0,0
98,143.75,3,0,0,0,0
98,145.3125,4,0,0,0,0
98,146.875,5,0,0,0,0
98,148.4375,6,0,0,0,0
98,150.0,7,0,0,0,0
98,151.5625,8,0,0,0,0
98,153.125,9,0,0,0,0
98,154.6875,10,0,0,0,0
98,156.25,11,0,0,0,0
98,157.8125,12,0,0,0,0
98,159.375,13,0,0,0,0
98,160.9375,14,0,0,0,0
98,162.5,15,0,0,0,0
98,164.0625,0,0,0,0,0
98,165.625,1,0,0,0,0
98,167.1875,2,0,0,0,0
98,168.75,3,0,0,0,0
98,170.3125,4,0,0,0,0
98,171.875,5,0,0,0,0
98,173.4375,6,0,0,0,0
98,175.0,7,0,0,0,0
98,176.5625,8,0,0,0,0
98,178.125,9,0,0,0,0
98,179.6875,10,0,0,0,0
98,181.25,11,0,0,0,0
98,182.8125,12,0,0,0,0
98,184.375,13,0,0,0,0
98,185.9375,14,0,0,0,0
98,187.5,15,0,0,0,0
98,189.0625,0,0,0,0,0
98,190.625,1,0,0,0,0
98,192.1875,2,0,0,0,0
98,193.75,3,0,0,0,0
98,195.3125,4,0,0,0,0
98,196.875,5,0,0,0,0
98,198.4375,6,0,0,0,0
98,200.0,7,0,0,0,0
98,201.5625,8,0,0,0,0
98,203.125,9,0,0,0,0
98,204.6875,10,0,0,0,0
98,206.25,11,0,0,0,0
98,207.8125,12,0,0,0,0
98,209.375,13,0,0,0,0
98,210.9375,14,0,0,0,0
98,212.5,15,0,0,0,0
98,214.0625,0,0,0,0,0
98,215.625,1,0,0,0,0
98,217.1875,2,0,0,0,0
98,218.75,3,0,0,0,0
98,220.3125,4,0,0,0,0
98,221.875,5,0,0,0,0
98,223.4375,6,0,0,0,0
98,225.0,7,0,0,0,0
98,226.5625,8,0,0,0,0
98,228.125,9,0,0,0,0
98,229.6875,10,0,0,0,0
98,231.25,11,0,0,0,0
98,232.8125,12,0,0,0,0
98,234.375,13,0,0,0,0
98,235.9375,14,0,0,0,0
98,237.5,15,0,0,0,0
98,239.0625,0,0,0,0,0
98,240.625,1,0,0,0,0
98,242.1875,2,0,0,0,0
98,243.75,3,0,0,0,0
98,245.3125,4,0,0,0,0
98,246.875,5,0,0,0,0
98,248.4375,6,0,0,0,0
98,250.0,7,0,0,0,0
98,251.5625,8,0,0,0,0
98,253.125,9,0,0,0,0
98,254.6875,10,0,0,0,0
98,256.25,11,0,0,0,0
98,257.8125,12,0,0,0,0
98,259.375,13,0,0,0,0
98,260.9375,14,0,0,0,0
98,262.5,15,0,0,0,0
98,264.0625,0,0,0,0,0
98,265.625,1,0,0,0,0
98,267.1875,2,0,0,0,0
98,268.75,3,0,0,0,0
98,270.3125,4,0,0,0,0
98,271.875,5,0,0,0,0
98,273.4375,6,0,0,0,0
99,0.0,7,0,0,0,0
99,1.5625,8,0,0,0,0
99,3.125,9,0,0,0,0
99,4.6875,10,0,0,0,0
99,6.25,11,0,0,0,0
99,7.8125,12,0,0,0,0
99,9.375,13,0,0,0,0
99,10.9375,14,0,0,0,0
99,12.5,15,0,0,0,0
99,14.0625,0,0,0,0,0
99,15.625,1,0,0,0,0
99,17.1875,2,0,0,0,0
99,18.75,3,0,0,0,0
99,20.3125,4,0,0,0,0
99,21.875,5,0,0,0,0
99,23.4375,6,0,0,0,0
99,25.0,7,0,0,0,0
99,26.5625,8,0,0,0,0
99,28.125,9,0,0,0,0
99,29.6875,10,0,0,0,0
99,31.25,11,0,0,0,0
99,32.8125,12,0,0,0,0
99,34.375,13,0,0,0,0
99,35.9375,14,0,0,0,0
99,37.5,15,0,0,0,0
99,39.0625,0,0,0,0,0
99,40.625,1,0,0,0,0
99,42.1875,2,0,0,0,0
99,43.75,3,0,0,0,0
99,45.3125,4,0,0,0,0
99,46.875,5,0,0,0,0
99,48.4375,6,0,0,0,0
99,50.0,7,0,0,0,0
99,51.5625,8,0,0,0,0
99,53.125,9,0,0,0,0
99,54.6875,10,0,0,0,0
99,56.25,11,0,0,0,0
99,57.8125,12,0,0,0,0
99,59.375,13,0,0,0,0
99,60.9375,14,0,0,0,0
99,62.5,15,0,0,0,0
99,64.0625,0,0,0,0,0
99,65.625,1,0,0,0,0
99,67.1875,2,0,0,0,0
99,68.75,3,0,0,0,0
99,70.3125,4,0,0,0,0
99,71.875,5,0,0,0,0
99,73.4375,6,0,0,0,0
99,75.0,7,0,0,0,0
99,76.5625,8,0,0,0,0
99,78.125,9,0,0,0,0
99,79.6875,10,0,0,0,0
99,81.25,11,0,0,0,0
99,82.8125,12,0,0,0,0
99,84.375,13,0,0,0,0
99,85.9375,14,0,0,0,0
99,87.5,15,0,0,0,0
99,89.0625,0,0,0,0,0
99,90.625,1,0,0,0,0
99,92.1875,2,0,0,0,0
99,93.75,3,0,0,0,0
99,95.3125,4,0,0,0,0
99,96.875,5,0,0,0,0
99,98.4375,6,0,0,0,0
99,100.0,7,0,0,0,0
99,101.5625,8,0,0,0,0
99,103.125,9,0,0,0,0
99,104.6875,10,0,0,0,0
99,106.25,11,0,0,0,0
99,107.8125,12,0,0,0,0
99,109.375,13,0,0,0,0
99,110.9375,14,0,0,0,0
99,112.5,15,0,0,0,0
99,114.0625,0,0,0,0,0
99,115.625,1,0,0,0,0
99,117.1875,2,0,0,0,0
99,118.75,3,0,0,0,0
99,120.3125,4,0,0,0,0
99,121.875,5,0,0,0,0
99,123.4375,6,0,0,0,0
99,125.0,7,0,0,0,0
99,126.5625,8,0,0,0,0
99,128.125,9,0,0,0,0
99,129.6875,10,0,0,0,0
99,131.25,11,0,0,0,0
99,132.8125,12,0,0,0,0
99,134.375,13,0,0,0,0
99,135.9375,14,0,0,0,0
99,137.5,15,0,0,0,0
99,139.0625,0,0,0,0,0
99,140.625,1,0,0,0,0
99,142.1875,2,0,0,0,0
99,143.75,3,0,0,0,0
99,145.3125,4,0,0,0,0
99,146.875,5,0,0,0,0
99,148.4375,6,0,0,0,0
99,150.0,7,0,0,0,0
99,151.5625,8,0,0,0,0
99,153.125,9,0,0,0,0
99,154.6875,10,0,0,0,0
99,156.25,11,0,0,0,0
99,157.8125,12,0,0,0,0
99,159.375,13,0,0,0,0
99,160.9375,14,0,0,0,0
99,162.5,15,0,0,0,0
99,164.0625,0,0,0,0,0
99,165.625,1,0,0,0,0
99,167.1875,2,0,0,0,0
99,168.75,3,0,0,0,0
99,170.3125,4,0,0,0,0
99,171.875,5,0,0,0,0
99,173.4375,6,0,0,0,0
99,175.0,7,0,0,0,0
99,176.5625,8,0,0,0,0
99,178.125,9,0,0,0,0
99,179.6875,10,0,0,0,0
99,181.25,11,0,0,0,0
99,182.8125,12,0,0,0,0
99,184.375,13,0,0,0,0
99,185.9375,14,0,0,0,0
99,187.5,15,0,0,0,0
99,189.0625,0,0,0,0,0
99,190.625,1,0,0,0,0
99,192.1875,2,0,0,0,0
99,193.75,3,0,0,0,0
99,195.3125,4,0,0,0,0
99,196.875,5,0,0,0,0
99,198.4375,6,0,0,0,0
99,200.0,7,0,0,0,0
99,201.5625,8,0,0,0,0
99,203.125,9,0,0,0,0
99,204.6875,10,0,0,0,0
99,206.25,11,0,0,0,0
99,207.8125,12,0,0,0,0
99,209.375,13,0,0,0,0
99,210.9375,14,0,0,0,0
99,212.5,15,0,0,0,0
99,214.0625,0,0,0,0,0
99,215.625,1,0,0,0,0
99,217.1875,2,0,0,0,0
99,218.75,3,0,0,0,0
99,220.3125,4,0,0,0,0
99,221.875,5,0,0,0,0
99,223.4375,6,0,0,0,0
99,225.0,7,0,0,0,0
99,226.5625,8,0,0,0,0
99,228.125,9,0,0,0,0
99,229.6875,10,0,0,0,0
99,231.25,11,0,0,0,0
99,232.8125,12,0,0,0,0
99,234.375,13,0,0,0,0
99,235.9375,14,0,0,0,0
99,237.5,15,0,0,0,0
99,239.0625,0,0,0,0,0
99,240.625,1,0,0,0,0
99,242.1875,2,0,0,0,0
99,243.75,3,0,0,0,0
99,245.3125,4,0,0,0,0
99,246.875,5,0,0,0,0
99,248.4375,6,0,0,0,0
99,250.0,7,0,0,0,0
99,251.5625,8,0,0,0,0
99,253.125,9,0,0,0,0
99,254.6875,10,0,0,0,0
99,256.25,11,0,0,0,0
99,257.8125,12,0,0,0,0
99,259.375,13,0,0,0,0
99,260.9375,14,0,0,0,0
99,262.5,15,0,0,0,0
99,264.0625,0,0,0,0,0
99,265.625,1,0,0,0,0
99,267.1875,2,0,0,0,0
99,268.75,3,0,0,0,0
99,270.3125,4,0,0,0,0
99,271.875,5,0,0,0,0
99,273.4375,6,0,0,0,0
100,0.0,7,0,0,0,0
100,1.5625,8,0,0,0,0
100,3.125,9,0,0,0,0
100,4.6875,10,0,0,0,0
100,6.25,11,0,0,0,0
100,7.8125,12,0,0,0,0
100,9.375,13,0,0,0,0
100,10.9375,14,0,0,0,0
100,12.5,15,0,0,0,0
100,14.0625,0,0,0,0,0
100,15.625,1,0,0,0,0
100,17.1875,2,0,0,0,0
100,18.75,3,0,0,0,0
100,20.3125,4,0,0,0,0
100,21.875,5,0,0,0,0
100,23.4375,6,0,0,0,0
100,25.0,7,0,0,0,0
100,26.5625,8,0,0,0,0
100,28.125,9,0,0,0,0
100,29.6875,10,0,0,0,0
100,31.25,11,0,0,0,0
100,32.8125,12,0,0,0,0
100,34.375,13,0,0,0,0
100,35.9375,14,0,0,0,0
100,37.5,15,0,0,0,0
100,39.0625,0,0,0,0,0
100,40.625,1,0,0,0,0
100,42.1875,2,0,0,0,0
100,43.75,3,0,0,0,0
100,45.3125,4,0,0,0,0
100,46.875,5,0,0,0,0
100,48.4375,6,0,0,0,0
100,50.0,7,0,0,0,0
100,51.5625,8,0,0,0,0
100,53.125,9,0,0,0,0
100,54.6875,10,0,0,0,0
100,56.25,11,0,0,0,0
100,57.8125,12,0,0,0,0
100,59.375,13,0,0,0,0
100,60.9375,14,0,0,0,0
100,62.5,15,0,0,0,0
100,64.0625,0,0,0,0,0
100,65.625,1,0,0,0,0
100,67.1875,2,0,0,0,0
100,68.75,3,0,0,0,0
100,70.3125,4,0,0,0,0
100,71.875,5,0,0,0,0
100,73.4375,6,0,0,0,0
100,75.0,7,0,0,0,0
100,76.5625,8,0,0,0,0
100,78.125,9,0,0,0,0
100,79.6875,10,0,0,0,0
100,81.25,11,0,0,0,0
100,82.8125,12,0,0,0,0
100,84.375,13,0,0,0,0
100,85.9375,14,0,0,0,0
100,87.5,15,0,0,0,0
100,89.0625,0,0,0,0,0
100,90.625,1,0,0,0,0
100,92.1875,2,0,0,0,0
100,93.75,3,0,0,0,0
100,95.3125,4,0,0,0,0
100,96.875,5,0,0,0,0
100,98.4375,6,0,0,0,0
100,100.0,7,0,0,0,0
100,101.5625,8,0,0,0,0
100,103.125,9,0,0,0,0
100,104.6875,10,0,0,0,0
100,106.25,11,0,0,0,0
100,107.8125,12,0,0,0,0
100,109.375,13,0,0,0,0
100,110.9375,14,0,0,0,0
100,112.5,15,0,0,0,0
100,114.0625,0,0,0,0,0
100,115.625,1,0,0,0,0
100,117.1875,2,0,0,0,0
100,118.75,3,0,0,0,0
100,120.3125,4,0,0,0,0
100,121.875,5,0,0,0,0
100,123.4375,6,0,0,0,0
100,125.0,7,0,0,0,0
100,126.5625,8,0,0,0,0
100,128.125,9,0,0,0,0
100,129.6875,10,0,0,0,0
100,131.25,11,0,0,0,0
100,132.8125,12,0,0,0,0
100,134.375,13,0,0,0,0
100,135.9375,14,0,0,0,0
100,137.5,15,0,0,0,0
100,139.0625,0,0,0,0,0
100,140.625,1,0,0,0,0
100,142.1875,2,0,0,0,0
100,143.75,3,0,0,0,0
100,145.3125,4,0,0,0,0
100,146.875,5,0,0,0,0
100,148.4375,6,0,0,0,0
100,150.0,7,0,0,0,0
100,151.5625,8,0,0,0,0
100,153.125,9,0,0,0,0
100,154.6875,10,0,0,0,0
100,156.25,11,0,0,0,0
100,157.8125,12,0,0,0,0
100,159.375,13,0,0,0,0
100,160.9375,14,0,0,0,0
100,162.5,15,0,0,0,0
100,164.0625,0,0,0,0,0
100,165.625,1,0,0,0,0
100,167.1875,2,0,0,0,0
100,168.75,3,0,0,0,0
100,170.3125,4,0,0,0,0
100,171.875,5,0,0,0,0
100,173.4375,6,0,0,0,0
100,175.0,7,0,0,0,0
100,176.5625,8,0,0,0,0
100,178.125,9,0,0,0,0
100,179.6875,10,0,0,0,0
100,181.25,11,0,0,0,0
100,182.8125,12,0,0,0,0
100,184.375,13,0,0,0,0
100,185.9375,14,0,0,0,0
100,187.5,15,0,0,0,0
100,189.0625,0,0,0,0,0
100,190.625,1,0,0,0,0
100,192.1875,2,0,0,0,0
100,193.75,3,0,0,0,0
100,195.3125,4,0,0,0,0
100,196.875,5,0,0,0,0
100,198.4375,6,0,0,0,0
100,200.0,7,0,0,0,0
100,201.5625,8,0,0,0,0
100,203.125,9,0,0,0,0
100,204.6875,10,0,0,0,0
100,206.25,11,0,0,0,0
100,207.8125,12,0,0,0,0
100,209.375,13,0,0,0,0
100,210.9375,14,0,0,0,0
100,212.5,15,0,0,0,0
100,214.0625,0,0,0,0,0
100,215.625,1,0,0,0,0
100,217.1875,2,0,0,0,0
100,218.75,3,0,0,0,0
100,220.3125,4,0,0,0,0
100,221.875,5,0,0,0,0
100,223.4375,6,0,0,0,0
100,225.0,7,0,0,0,0
100,226.5625,8,0,0,0,0
100,228.125,9,0,0,0,0
100,229.6875,10,0,0,0,0
100,231.25,11,0,0,0,0
100,232.8125,12,0,0,0,0
100,234.375,13,0,0,0,0
100,235.9375,14,0,0,0,0
100,237.5,15,0,0,0,0
100,239.0625,0,0,0,0,0
100,240.625,1,0,0,0,0
100,242.1875,2,0,0,0,0
100,243.75,3,0,0,0,0
100,245.3125,4,0,0,0,0
100,246.875,5,0,0,0,0
100,248.4375,6,0,0,0,0
100,250.0,7,0,0,0,0
100,251.5625,8,0,0,0,0
100,253.125,9,0,0,0,0
100,254.6875,10,0,0,0,0
100,256.25,11,0,0,0,0
100,257.8125,12,0,0,0,0
100,259.375,13,0,0,0,0
100,260.9375,14,0,0,0,0
100,262.5,15,0,0,0,0
100,264.0625,0,0,0,0,0
100,265.625,1,0,0,0,0
100,267.1875,2,0,0,0,0
100,268.75,3,0,0,0,0
100,270.3125,4,0,0,0,0
100,271.875,5,0,0,0,0
100,273.4375,6,0,0,0,0
101,0.0,7,0,0,0,0
101,1.5625,8,0,0,0,0
101,3.125,9,0,0,0,0
101,4.6875,10,0,0,0,0
101,6.25,11,0,0,0,0
101,7.8125,12,0,0,0,0
101,9.375,13,0,0,0,0
101,10.9375,14,0,0,0,0
101,12.5,15,0,0,0,0
101,14.0625,0,0,0,0,0
101,15.625,1,0,0,0,0
101,17.1875,2,0,0,0,0
101,18.75,3,0,0,0,0
101,20.3125,4,0,0,0,0
101,21.875,5,0,0,0,0
101,23.4375,6,0,0,0,0
101,25.0,7,0,0,0,0
101,26.5625,8,0,0,0,0
101,28.125,9,0,0,0,0
101,29.6875,10,0,0,0,0
101,31.25,11,0,0,0,0
101,32.8125,12,0,0,0,0
101,34.375,13,0,0,0,0
101,35.9375,14,0,0,0,0
101,37.5,15,0,0,0,0
101,39.0625,0,0,0,0,0
101,40.625,1,0,0,0,0
101,42.1875,2,0,0,0,0
101,43.75,3,0,0,0,0
101,45.3125,4,0,0,0,0
101,46.875,5,0,0,0,0
101,48.4375,6,0,0,0,0
101,50.0,7,0,0,0,0
101,51.5625,8,0,0,0,0
101,53.125,9,0,0,0,0
101,54.6875,10,0,0,0,0
101,56.25,11,0,0,0,0
101,57.8125,12,0,0,0,0
101,59.375,13,0,0,0,0
101,60.9375,14,0,0,0,0
101,62.5,15,0,0,0,0
101,64.0625,0,0,0,0,0
101,65.625,1,0,0,0,0
101,67.1875,2,0,0,0,0
101,68.75,3,0,0,0,0
101,70.3125,4,0,0,0,0
101,71.875,5,0,0,0,0
101,73.4375,6,0,0,0,0
101,75.0,7,0,0,0,0
101,76.5625,8,0,0,0,0
101,78.125,9,0,0,0,0
101,79.6875,10,0,0,0,0
101,81.25,11,0,0,0,0
101,82.8125,12,0,0,0,0
101,84.375,13,0,0,0,0
101,85.9375,14,0,0,0,0
101,87.5,15,0,0,0,0
101,89.0625,0,0,0,0,0
101,90.625,1,0,0,0,0
101,92.1875,2,0,0,0,0
101,93.75,3,0,0,0,0
101,95.3125,4,0,0,0,0
101,96.875,5,0,0,0,0
101,98.4375,6,0,0,0,0
101,100.0,7,0,0,0,0
101,101.5625,8,0,0,0,0
101,103.125,9,0,0,0,0
101,104.6875,10,0,0,0,0
101,106.25,11,0,0,0,0
101,107.8125,12,0,0,0,0
101,109.375,13,0,0,0,0
101,110.9375,14,0,0,0,0
101,112.5,15,0,0,0,0
101,114.0625,0,0,0,0,0
101,115.625,1,0,0,0,0
101,117.1875,2,0,0,0,0
101,118.75,3,0,0,0,0
101,120.3125,4,0,0,0,0
101,121.875,5,0,0,0,0
101,123.4375,6,0,0,0,0
101,125.0,7,0,0,0,0
101,126.5625,8,0,0,0,0
101,128.125,9,0,0,0,0
101,129.6875,10,0,0,0,0
101,131.25,11,0,0,0,0
101,132.8125,12,0,0,0,0
101,134.375,13,0,0,0,0
101,135.9375,14,0,0,0,0
101,137.5,15,0,0,0,0
101,139.0625,0,0,0,0,0
101,140.625,1,0,0,0,0
101,142.1875,2,0,0,0,0
101,143.75,3,0,0,0,0
101,145.3125,4,0,0,0,0
101,146.875,5,0,0,0,0
101,148.4375,6,0,0,0,0
101,150.0,7,0,0,0,0
101,151.5625,8,0,0,0,0
101,153.125,9,0,0,0,0
101,154.6875,10,0,0,0,0
101,156.25,11,0,0,0,0
101,157.8125,12,0,0,0,0
101,159.375,13,0,0,0,0
101,160.9375,14,0,0,0,0
101,162.5,15,0,0,0,0
101,164.0625,0,0,0,0,0
101,165.625,1,0,0,0,0
101,167.1875,2,0,0,0,0
101,168.75,3,0,0,0,0
101,170.3125,4,0,0,0,0
101,171.875,5,0,0,0,0
101,173.4375,6,0,0,0,0
101,175.0,7,0,0,0,0
101,176.5625,8,0,0,0,0
101,178.125,9,0,0,0,0
101,179.6875,10,0,0,0,0
101,181.25,11,0,0,0,0
101,182.8125,12,0,0,0,0
101,184.375,13,0,0,0,0
101,185.9375,14,0,0,0,0
101,187.5,15,0,0,0,0
101,189.0625,0,0,0,0,0
101,190.625,1,0,0,0,0
101,192.1875,2,0,0,0,0
101,193.75,3,0,0,0,0
101,195.3125,4,0,0,0,0
101,196.875,5,0,0,0,0
101,198.4375,6,0,0,0,0
101,200.0,7,0,0,0,0
101,201.5625,8,0,0,0,0
101,203.125,9,0,0,0,0
101,204.6875,10,0,0,0,0
101,206.25,11,0,0,0,0
101,207.8125,12,0,0,0,0
101,209.375,13,0,0,0,0
101,210.9375,14,0,0,0,0
101,212.5,15,0,0,0,0
101,214.0625,0,0,0,0,0
101,215.625,1,0,0,0,0
101,217.1875,2,0,0,0,0
101,218.75,3,0,0,0,0
101,220.3125,4,0,0,0,0
101,221.875,5,0,0,0,0
101,223.4375,6,0,0,0,0
101,225.0,7,0,0,0,0
101,226.5625,8,0,0,0,0
101,228.125,9,0,0,0,0
101,229.6875,10,0,0,0,0
101,231.25,11,0,0,0,0
101,232.8125,12,0,0,0,0
101,234.375,13,0,0,0,0
101,235.9375,14,0,0,0,0
101,237.5,15,0,0,0,0
101,239.0625,0,0,0,0,0
101,240.625,1,0,0,0,0
101,242.1875,2,0,0,0,0
101,243.75,3,0,0,0,0
101,245.3125,4,0,0,0,0
101,246.875,5,0,0,0,0
101,248.4375,6,0,0,0,0
101,250.0,7,0,0,0,0
101,251.5625,8,0,0,0,0
101,253.125,9,0,0,0,0
101,254.6875,10,0,0,0,0
101,256.25,11,0,0,0,0
101,257.8125,12,0,0,0,0
101,259.375,13,0,0,0,0
101,260.9375,14,0,0,0,0
101,262.5,15,0,0,0,0
101,264.0625,0,0,0,0,0
101,265.625,1,0,0,0,0
101,267.1875,2,0,0,0,0
101,268.75,3,0,0,0,0
101,270.3125,4,0,0,0,0
101,271.875,5,0,0,0,0
101,273.4375,6,0,0,0,0
102,0.0,7,0,0,0,0
102,1.5625,8,0,0,0,0
102,3.125,9,0,0,0,0
102,4.6875,10,0,0,0,0
102,6.25,11,0,0,0,0
102,7.8125,12,0,0,0,0
102,9.375,13,0,0,0,0
102,10.9375,14,0,0,0,0
102,12.5,15,0,0,0,0
102,14.0625,0,0,0,0,0
102,15.625,1,0,0,0,0
102,17.1875,2,0,0,0,0
102,18.75,3,0,0,0,0
102,20.3125,4,0,0,0,0
102,21.875,5,0,0,0,0
102,23.4375,6,0,0,0,0
102,25.0,7,0,0,0,0
102,26.5625,8,0,0,0,0
102,28.125,9,0,0,0,0
102,29.6875,10,0,0,0,0
102,31.25,11,0,0,0,0
102,32.8125,12,0,0,0,0
102,34.375,13,0,0,0,0
102,35.9375,14,0,0,0,0
102,37.5,15,0,0,0,0
102,39.0625,0,0,0,0,0
102,40.625,1,0,0,0,0
102,42.1875,2,0,0,0,0
102,43.75,3,0,0,0,0
102,45.3125,4,0,0,0,0
102,46.875,5,0,0,0,0
102,48.4375,6,0,0,0,0
102,50.0,7,0,0,0,0
102,51.5625,8,0,0,0,0
102,53.125,9,0,0,0,0
102,54.6875,10,0,0,0,0
102,56.25,11,0,0,0,0
102,57.8125,12,0,0,0,0
102,59.375,13,0,0,0,0
102,60.9375,14,0,0,0,0
102,62.5,15,0,0,0,0
102,64.0625,0,0,0,0,0
102,65.625,1,0,0,0,0
102,67.1875,2,0,0,0,0
102,68.75,3,0,0,0,0
102,70.3125,4,0,0,0,0
102,71.875,5,0,0,0,0
102,73.4375,6,0,0,0,0
102,75.0,7,0,0,0,0
102,76.5625,8,0,0,0,0
102,78.125,9,0,0,0,0
102,79.6875,10,0,0,0,0
102,81.25,11,0,0,0,0
102,82.8125,12,0,0,0,0
102,84.375,13,0,0,0,0
102,85.9375,14,0,0,0,0
102,87.5,15,0,0,0,0
102,89.0625,0,0,0,0,0
102,90.625,1,0,0,0,0
102,92.1875,2,0,0,0,0
102,93.75,3,0,0,0,0
102,95.3125,4,0,0,0,0
102,96.875,5,0,0,0,0
102,98.4375,6,0,0,0,0
102,100.0,7,0,0,0,0
102,101.5625,8,0,0,0,0
102,103.125,9,0,0,0,0
102,104.6875,10,0,0,0,0
102,106.25,11,0,0,0,0
102,107.8125,12,0,0,0,0
102,109.375,13,0,0,0,0
102,110.9375,14,0,0,0,0
102,112.5,15,0,0,0,0
102,114.0625,0,0,0,0,0
102,115.625,1,0,0,0,0
102,117.1875,2,0,0,0,0
102,118.75,3,0,0,0,0
102,120.3125,4,0,0,0,0
102,121.875,5,0,0,0,0
102,123.4375,6,0,0,0,0
102,125.0,7,0,0,0,0
102,126.5625,8,0,0,0,0
102,128.125,9,0,0,0,0
102,129.6875,10,0,0,0,0
102,131.25,11,0,0,0,0
102,132.8125,12,0,0,0,0
102,134.375,13,0,0,0,0
102,135.9375,14,0,0,0,0
102,137.5,15,0,0,0,0
102,139.0625,0,0,0,0,0
102,140.625,1,0,0,0,0
102,142.1875,2,0,0,0,0
102,143.75,3,0,0,0,0
102,145.3125,4,0,0,0,0
102,146.875,5,0,0,0,0
102,148.4375,6,0,0,0,0
102,150.0,7,0,0,0,0
102,151.5625,8,0,0,0,0
102,153.125,9,0,0,0,0
102,154.6875,10,0,0,0,0
102,156.25,11,0,0,0,0
102,157.8125,12,0,0,0,0
102,159.375,13,0,0,0,0
102,160.9375,14,0,0,0,0
102,162.5,15,0,0,0,0
102,164.0625,0,0,0,0,0
102,165.625,1,0,0,0,0
102,167.1875,2,0,0,0,0
102,168.75,3,0,0,0,0
102,170.3125,4,0,0,0,0
102,171.875,5,0,0,0,0
102,173.4375,6,0,0,0,0
102,175.0,7,0,0,0,0
102,176.5625,8,0,0,0,0
102,178.125,9,0,0,0,0
102,179.6875,10,0,0,0,0
102,181.25,11,0,0,0,0
102,182.8125,12,0,0,0,0
102,184.375,13,0,0,0,0
102,185.9375,14,0,0,0,0
102,187.5,15,0,0,0,0
102,189.0625,0,0,0,0,0
102,190.625,1,0,0,0,0
102,192.1875,2,0,0,0,0
102,193.75,3,0,0,0,0
102,195.3125,4,0,0,0,0
102,196.875,5,0,0,0,0
102,198.4375,6,0,0,0,0
102,200.0,7,0,0,0,0
102,201.5625,8,0,0,0,0
102,203.125,9,0,0,0,0
102,204.6875,10,0,0,0,0
102,206.25,11,0,0,0,0
102,207.8125,12,0,0,0,0
102,209.375,13,0,0,0,0
102,210.9375,14,0,0,0,0
102,212.5,15,0,0,0,0
102,214.0625,0,0,0,0,0
102,215.625,1,0,0,0,0
102,217.1875,2,0,0,0,0
102,218.75,3,0,0,0,0
102,220.3125,4,0,0,0,0
102,221.875,5,0,0,0,0
102,223.4375,6,0,0,0,0
102,225.0,7,0,0,0,0
102,226.5625,8,0,0,0,0
102,228.125,9,0,0,0,0
102,229.6875,10,0,0,0,0
102,231.25,11,0,0,0,0
102,232.8125,12,0,0,0,0
102,234.375,13,0,0,0,0
102,235.9375,14,0,0,0,0
102,237.5,15,0,0,0,0
102,239.0625,0,0,0,0,0
102,240.625,1,0,0,0,0
102,242.1875,2,0,0,0,0
102,243.75,3,0,0,0,0
102,245.3125,4,0,0,0,0
102,246.875,5,0,0,0,0
102,248.4375,6,0,0,0,0
102,250.0,7,0,0,0,0
102,251.5625,8,0,0,0,0
102,253.125,9,0,0,0,0
102,254.6875,10,0,0,0,0
102,256.25,11,0,0,0,0
102,257.8125,12,0,0,0,0
102,259.375,13,0,0,0,0
102,260.9375,14,0,0,0,0
102,262.5,15,0,0,0,0
102,264.0625,0,0,0,0,0
102,265.625,1,0,0,0,0
102,267.1875,2,0,0,0,0
102,268.75,3,0,0,0,0
102,270.3125,4,0,0,0,0
102,271.875,5,0,0,0,0
102,273.4375,6,0,0,0,0
103,0.0,7,0,0,0,0
103,1.5625,8,0,0,0,0
103,3.125,9,0,0,0,0
103,4.6875,10,0,0,0,0
103,6.25,11,0,0,0,0
103,7.8125,12,0,0,0,0
103,9.375,13,0,0,0,0
103,10.9375,14,0,0,0,0
103,12.5,15,0,0,0,0
103,14.0625,0,0,0,0,0
103,15.625,1,0,0,0,0
103,17.1875,2,0,0,0,0
103,18.75,3,0,0,0,0
103,20.3125,4,0,0,0,0
103,21.875,5,0,0,0,0
103,23.4375,6,0,0,0,0
103,25.0,7,0,0,0,0
103,26.5625,8,0,0,0,0
103,28.125,9,0,0,0,0
103,29.6875,10,0,0,0,0
103,31.25,11,0,0,0,0
103,32.8125,12,0,0,0,0
103,34.375,13,0,0,0,0
103,35.9375,14,0,0,0,0
103,37.5,15,0,0,0,0
103,39.0625,0,0,0,0,0
103,40.625,1,0,0,0,0
103,42.1875,2,0,0,0,0
103,43.75,3,0,0,0,0
103,45.3125,4,0,0,0,0
103,46.875,5,0,0,0,0
103,48.4375,6,0,0,0,0
103,50.0,7,0,0,0,0
103,51.5625,8,0,0,0,0
103,53.125,9,0,0,0,0
103,54.6875,10,0,0,0,0
103,56.25,11,0,0,0,0
103,57.8125,12,0,0,0,0
103,59.375,13,0,0,0,0
103,60.9375,14,0,0,0,0
103,62.5,15,0,0,0,0
103,64.0625,0,0,0,0,0
103,65.625,1,0,0,0,0
103,67.1875,2,0,0,0,0
103,68.75,3,0,0,0,0
103,70.3125,4,0,0,0,0
103,71.875,5,0,0,0,0
103,73.4375,6,0,0,0,0
103,75.0,7,0,0,0,0
103,76.5625,8,0,0,0,0
103,78.125,9,0,0,0,0
103,79.6875,10,0,0,0,0
103,81.25,11,0,0,0,0
103,82.8125,12,0,0,0,0
103,84.375,13,0,0,0,0
103,85.9375,14,0,0,0,0
103,87.5,15,0,0,0,0
103,89.0625,0,0,0,0,0
103,90.625,1,0,0,0,0
103,92.1875,2,0,0,0,0
103,93.75,3,0,0,0,0
103,95.3125,4,0,0,0,0
103,96.875,5,0,0,0,0
103,98.4375,6,0,0,0,0
103,100.0,7,0,0,0,0
103,101.5625,8,0,0,0,0
103,103.125,9,0,0,0,0
103,104.6875,10,0,0,0,0
103,106.25,11,0,0,0,0
103,107.8125,12,0,0,0,0
103,109.375,13,0,0,0,0
103,110.9375,14,0,0,0,0
103,112.5,15,0,0,0,0
103,114.0625,0,0,0,0,0
103,115.625,1,0,0,0,0
103,117.1875,2,0,0,0,0
103,118.75,3,0,0,0,0
103,120.3125,4,0,0,0,0
103,121.875,5,0,0,0,0
103,123.4375,6,0,0,0,0
103,125.0,7,0,0,0,0
103,126.5625,8,0,0,0,0
103,128.125,9,0,0,0,0
103,129.6875,10,0,0,0,0
103,131.25,11,0,0,0,0
103,132.8125,12,0,0,0,0
103,134.375,13,0,0,0,0
103,135.9375,14,0,0,0,0
103,137.5,15,0,0,0,0
103,139.0625,0,0,0,0,0
103,140.625,1,0,0,0,0
103,142.1875,2,0,0,0,0
103,143.75,3,0,0,0,0
103,145.3125,4,0,0,0,0
103,146.875,5,0,0,0,0
103,148.4375,6,0,0,0,0
103,150.0,7,0,0,0,0
103,151.5625,8,0,0,0,0
103,153.125,9,0,0,0,0
103,154.6875,10,0,0,0,0
103,156.25,11,0,0,0,0
103,157.8125,12,0,0,0,0
103,159.375,13,0,0,0,0
103,160.9375,14,0,0,0,0
103,162.5,15,0,0,0,0
103,164.0625,0,0,0,0,0
103,165.625,1,0,0,0,0
103,167.1875,2,0,0,0,0
103,168.75,3,0,0,0,0
103,170.3125,4,0,0,0,0
103,171.875,5,0,0,0,0
103,173.4375,6,0,0,0,0
103,175.0,7,0,0,0,0
103,176.5625,8,0,0,0,0
103,178.125,9,0,0,0,0
103,179.6875,10,0,0,0,0
103,181.25,11,0,0,0,0
103,182.8125,12,0,0,0,0
103,184.375,13,0,0,0,0
103,185.9375,14,0,0,0,0
103,187.5,15,0,0,0,0
103,189.0625,0,0,0,0,0
103,190.625,1,0,0,0,0
103,192.1875,2,0,0,0,0
103,193.75,3,0,0,0,0
103,195.3125,4,0,0,0,0
103,196.875,5,0,0,0,0
103,198.4375,6,0,0,0,0
103,200.0,7,0,0,0,0
103,201.5625,8,0,0,0,0
103,203.125,9,0,0,0,0
103,204.6875,10,0,0,0,0
103,206.25,11,0,0,0,0
103,207.8125,12,0,0,0,0
103,209.375,13,0,0,0,0
103,210.9375,14,0,0,0,0
103,212.5,15,0,0,0,0
103,214.0625,0,0,0,0,0
103,215.625,1,0,0,0,0
103,217.1875,2,0,0,0,0
103,218.75,3,0,0,0,0
103,220.3125,4,0,0,0,0
103,221.875,5,0,0,0,0
103,223.4375,6,0,0,0,0
103,225.0,7,0,0,0,0
103,226.5625,8,0,0,0,0
103,228.125,9,0,0,0,0
103,229.6875,10,0,0,0,0
103,231.25,11,0,0,0,0
103,232.8125,12,0,0,0,0
103,234.375,13,0,0,0,0
103,235.9375,14,0,0,0,0
103,237.5,15,0,0,0,0
103,239.0625,0,0,0,0,0
103,240.625,1,0,0,0,0
103,242.1875,2,0,0,0,0
103,243.75,3,0,0,0,0
103,245.3125,4,0,0,0,0
103,246.875,5,0,0,0,0
103,248.4375,6,0,0,0,0
103,250.0,7,0,0,0,0
103,251.5625,8,0,0,0,0
103,253.125,9,0,0,0,0
103,254.6875,10,0,0,0,0
103,256.25,11,0,0,0,0
103,257.8125,12,0,0,0,0
103,259.375,13,0,0,0,0
103,260.9375,14,0,0,0,0
103,262.5,15,0,0,0,0
103,264.0625,0,0,0,0,0
103,265.625,1,0,0,0,0
103,267.1875,2,0,0,0,0
103,268.75,3,0,0,0,0
103,270.3125,4,0,0,0,0
103,271.875,5,0,0,0,0
103,273.4375,6,0,0,0,0
104,0.0,7,0,0,0,0
104,1.5625,8,0,0,0,0
104,3.125,9,0,0,0,0
104,4.6875,10,0,0,0,0
104,6.25,11,0,0,0,0
104,7.8125,12,0,0,0,0
104,9.375,13,0,0,0,0
104,10.9375,14,0,0,0,0
104,12.5,15,0,0,0,0
104,14.0625,0,0,0,0,0
104,15.625,1,0,0,0,0
104,17.1875,2,0,0,0,0
104,18.75,3,0,0,0,0
104,20.3125,4,0,0,0,0
104,21.875,5,0,0,0,0
104,23.4375,6,0,0,0,0
104,25.0,7,0,0,0,0
104,26.5625,8,0,0,0,0
104,28.125,9,0,0,0,0
104,29.6875,10,0,0,0,0
104,31.25,11,0,0,0,0
104,32.8125,12,0,0,0,0
104,34.375,13,0,0,0,0
104,35.9375,14,0,0,0,0
104,37.5,15,0,0,0,0
104,39.0625,0,0,0,0,0
104,40.625,1,0,0,0,0
104,42.1875,2,0,0,0,0
104,43.75,3,0,0,0,0
104,45.3125,4,0,0,0,0
104,46.875,5,0,0,0,0
104,48.4375,6,0,0,0,0
104,50.0,7,0,0,0,0
104,51.5625,8,0,0,0,0
104,53.125,9,0,0,0,0
104,54.6875,10,0,0,0,0
104,56.25,11,0,0,0,0
104,57.8125,12,0,0,0,0
104,59.375,13,0,0,0,0
104,60.9375,14,0,0,0,0
104,62.5,15,0,0,0,0
104,64.0625,0,0,0,0,0
104,65.625,1,0,0,0,0
104,67.1875,2,0,0,0,0
104,68.75,3,0,0,0,0
104,70.3125,4,0,0,0,0
104,71.875,5,0,0,0,0
104,73.4375,6,0,0,0,0
104,75.0,7,0,0,0,0
104,76.5625,8,0,0,0,0
104,78.125,9,0,0,0,0
104,79.6875,10,0,0,0,0
104,81.25,11,0,0,0,0
104,82.8125,12,0,0,0,0
104,84.375,13,0,0,0,0
104,85.9375,14,0,0,0,0
104,87.5,15,0,0,0,0
104,89.0625,0,0,0,0,0
104,90.625,1,0,0,0,0
104,92.1875,2,0,0,0,0
104,93.75,3,0,0,0,0
104,95.3125,4,0,0,0,0
104,96.875,5,0,0,0,0
104,98.4375,6,0,0,0,0
104,100.0,7,0,0,0,0
104,101.5625,8,0,0,0,0
104,103.125,9,0,0,0,0
104,104.6875,10,0,0,0,0
104,106.25,11,0,0,0,0
104,107.8125,12,0,0,0,0
104,109.375,13,0,0,0,0
104,110.9375,14,0,0,0,0
104,112.5,15,0,0,0,0
104,114.0625,0,0,0,0,0
104,115.625,1,0,0,0,0
104,117.1875,2,0,0,0,0
104,118.75,3,0,0,0,0
104,120.3125,4,0,0,0,0
104,121.875,5,0,0,0,0
104,123.4375,6,0,0,0,0
104,125.0,7,0,0,0,0
104,126.5625,8,0,0,0,0
104,128.125,9,0,0,0,0
104,129.6875,10,0,0,0,0
104,131.25,11,0,0,0,0
104,132.8125,12,0,0,0,0
104,134.375,13,0,0,0,0
104,135.9375,14,0,0,0,0
104,137.5,15,0,0,0,0
104,139.0625,0,0,0,0,0
104,140.625,1,0,0,0,0
104,142.1875,2,0,0,0,0
104,143.75,3,0,0,0,0
104,145.3125,4,0,0,0,0
104,146.875,5,0,0,0,0
104,148.4375,6,0,0,0,0
104,150.0,7,0,0,0,0
104,151.5625,8,0,0,0,0
104,153.125,9,0,0,0,0
104,154.6875,10,0,0,0,0
104,156.25,11,0,0,0,0
104,157.8125,12,0,0,0,0
104,159.375,13,0,0,0,0
104,160.9375,14,0,0,0,0
104,162.5,15,0,0,0,0
104,164.0625,0,0,0,0,0
104,165.625,1,0,0,0,0
104,167.1875,2,0,0,0,0
104,168.75,3,0,0,0,0
104,170.3125,4,0,0,0,0
104,171.875,5,0,0,0,0
104,173.4375,6,0,0,0,0
104,175.0,7,0,0,0,0
104,176.5625,8,0,0,0,0
104,178.125,9,0,0,0,0
104,179.6875,10,0,0,0,0
104,181.25,11,0,0,0,0
104,182.8125,12,0,0,0,0
104,184.375,13,0,0,0,0
104,185.9375,14,0,0,0,0
104,187.5,15,0,0,0,0
104,189.0625,0,0,0,0,0
104,190.625,1,0,0,0,0
104,192.1875,2,0,0,0,0
104,193.75,3,0,0,0,0
104,195.3125,4,0,0,0,0
104,196.875,5,0,0,0,0
104,198.4375,6,0,0,0,0
104,200.0,7,0,0,0,0
104,201.5625,8,0,0,0,0
104,203.125,9,0,0,0,0
104,204.6875,10,0,0,0,0
104,206.25,11,0,0,0,0
104,207.8125,12,0,0,0,0
104,209.375,13,0,0,0,0
104,210.9375,14,0,0,0,0
104,212.5,15,0,0,0,0
104,214.0625,0,0,0,0,0
104,215.625,1,0,0,0,0
104,217.1875,2,0,0,0,0
104,218.75,3,0,0,0,0
104,220.3125,4,0,0,0,0
104,221.875,5,0,0,0,0
104,223.4375,6,0,0,0,0
104,225.0,7,0,0,0,0
104,226.5625,8,0,0,0,0
104,228.125,9,0,0,0,0
104,229.6875,10,0,0,0,0
104,231.25,11,0,0,0,0
104,232.8125,12,0,0,0,0
104,234.375,13,0,0,0,0
104,235.9375,14,0,0,0,0
104,237.5,15,0,0,0,0
104,239.0625,0,0,0,0,0
104,240.625,1,0,0,0,0
104,242.1875,2,0,0,0,0
104,243.75,3,0,0,0,0
104,245.3125,4,0,0,0,0
104,246.875,5,0,0,0,0
104,248.4375,6,0,0,0,0
104,250.0,7,0,0,0,0
104,251.5625,8,0,0,0,0
104,253.125,9,0,0,0,0
104,254.6875,10,0,0,0,0
104,256.25,11,0,0,0,0
104,257.8125,12,0,0,0,0
104,259.375,13,0,0,0,0
104,260.9375,14,0,0,0,0
104,262.5,15,0,0,0,0
104,264.0625,0,0,0,0,0
104,265.625,1,0,0,0,0
104,267.1875,2,0,0,0,0
104,268.75,3,0,0,0,0
104,270.3125,4,0,0,0,0
104,271.875,5,0,0,0,0
104,273.4375,6,0,0,0,0
105,0.0,7,0,0,0,0
105,1.5625,8,0,0,0,0
105,3.125,9,0,0,0,0
105,4.6875,10,0,0,0,0
105,6.25,11,0,0,0,0
105,7.8125,12,0,0,0,0
105,9.375,13,0,0,0,0
105,10.9375,14,0,0,0,0
105,12.5,15,0,0,0,0
105,14.0625,0,0,0,0,0
105,15.625,1,0,0,0,0
105,17.1875,2,0,0,0,0
105,18.75,3,0,0,0,0
105,20.3125,4,0,0,0,0
105,21.875,5,0,0,0,0
105,23.4375,6,0,0,0,0
105,25.0,7,0,0,0,0
105,26.5625,8,0,0,0,0
105,28.125,9,0,0,0,0
105,29.6875,10,0,0,0,0
105,31.25,11,0,0,0,0
105,32.8125,12,0,0,0,0
105,34.375,13,0,0,0,0
105,35.9375,14,0,0,0,0
105,37.5,15,0,0,0,0
105,39.0625,0,0,0,0,0
105,40.625,1,0,0,0,0
105,42.1875,2,0,0,0,0
105,43.75,3,0,0,0,0
105,45.3125,4,0,0,0,0
105,46.875,5,0,0,0,0
105,48.4375,6,0,0,0,0
105,50.0,7,0,0,0,0
105,51.5625,8,0,0,0,0
105,53.125,9,0,0,0,0
105,54.6875,10,0,0,0,0
105,56.25,11,0,0,0,0
105,57.8125,12,0,0,0,0
105,59.375,13,0,0,0,0
105,60.9375,14,0,0,0,0
105,62.5,15,0,0,0,0
105,64.0625,0,0,0,0,0
105,65.625,1,0,0,0,0
105,67.1875,2,0,0,0,0
105,68.75,3,0,0,0,0
105,70.3125,4,0,0,0,0
105,71.875,5,0,0,0,0
105,73.4375,6,0,0,0,0
105,75.0,7,0,0,0,0
105,76.5625,8,0,0,0,0
105,78.125,9,0,0,0,0
105,79.6875,10,0,0,0,0
105,81.25,11,0,0,0,0
105,82.8125,12,0,0,0,0
105,84.375,13,0,0,0,0
105,85.9375,14,0,0,0,0
105,87.5,15,0,0,0,0
105,89.0625,0,0,0,0,0
105,90.625,1,0,0,0,0
105,92.1875,2,0,0,0,0
105,93.75,3,0,0,0,0
105,95.3125,4,0,0,0,0
105,96.875,5,0,0,0,0
105,98.4375,6,0,0,0,0
105,100.0,7,0,0,0,0
105,101.5625,8,0,0,0,0
105,103.125,9,0,0,0,0
105,104.6875,10,0,0,0,0
105,106.25,11,0,0,0,0
105,107.8125,12,0,0,0,0
105,109.375,13,0,0,0,0
105,110.9375,14,0,0,0,0
105,112.5,15,0,0,0,0
105,114.0625,0,0,0,0,0
105,115.625,1,0,0,0,0
105,117.1875,2,0,0,0,0
105,118.75,3,0,0,0,0
105,120.3125,4,0,0,0,0
105,121.875,5,0,0,0,0
105,123.4375,6,0,0,0,0
105,125.0,7,0,0,0,0
105,126.5625,8,0,0,0,0
105,128.125,9,0,0,0,0
105,129.6875,10,0,0,0,0
105,131.25,11,0,0,0,0
105,132.8125,12,0,0,0,0
105,134.375,13,0,0,0,0
105,135.9375,14,0,0,0,0
105,137.5,15,0,0,0,0
105,139.0625,0,0,0,0,0
105,140.625,1,0,0,0,0
105,142.1875,2,0,0,0,0
105,143.75,3,0,0,0,0
105,145.3125,4,0,0,0,0
105,146.875,5,0,0,0,0
105,148.4375,6,0,0,0,0
105,150.0,7,0,0,0,0
105,151.5625,8,0,0,0,0
105,153.125,9,0,0,0,0
105,154.6875,10,0,0,0,0
105,156.25,11,0,0,0,0
105,157.8125,12,0,0,0,0
105,159.375,13,0,0,0,0
105,160.9375,14,0,0,0,0
105,162.5,15,0,0,0,0
105,164.0625,0,0,0,0,0
105,165.625,1,0,0,0,0
105,167.1875,2,0,0,0,0
105,168.75,3,0,0,0,0
105,170.3125,4,0,0,0,0
105,171.875,5,0,0,0,0
105,173.4375,6,0,0,0,0
105,175.0,7,0,0,0,0
105,176.5625,8,0,0,0,0
105,178.125,9,0,0,0,0
105,179.6875,10,0,0,0,0
105,181.25,11,0,0,0,0
105,182.8125,12,0,0,0,0
105,184.375,13,0,0,0,0
105,185.9375,14,0,0,0,0
105,187.5,15,0,0,0,0
105,189.0625,0,0,0,0,0
105,190.625,1,0,0,0,0
105,192.1875,2,0,0,0,0
105,193.75,3,0,0,0,0
105,195.3125,4,0,0,0,0
105,196.875,5,0,0,0,0
105,198.4375,6,0,0,0,0
105,200.0,7,0,0,0,0
105,201.5625,8,0,0,0,0
105,203.125,9,0,0,0,0
105,204.6875,10,0,0,0,0
105,206.25,11,0,0,0,0
105,207.8125,12,0,0,0,0
105,209.375,13,0,0,0,0
105,210.9375,14,0,0,0,0
105,212.5,15,0,0,0,0
105,214.0625,0,0,0,0,0
105,215.625,1,0,0,0,0
105,217.1875,2,0,0,0,0
105,218.75,3,0,0,0,0
105,220.3125,4,0,0,0,0
105,221.875,5,0,0,0,0
105,223.4375,6,0,0,0,0
105,225.0,7,0,0,0,0
105,226.5625,8,0,0,0,0
105,228.125,9,0,0,0,0
105,229.6875,10,0,0,0,0
105,231.25,11,0,0,0,0
105,232.8125,12,0,0,0,0
105,234.375,13,0,0,0,0
105,235.9375,14,0,0,0,0
105,237.5,15,0,0,0,0
105,239.0625,0,0,0,0,0
105,240.625,1,0,0,0,0
105,242.1875,2,0,0,0,0
105,243.75,3,0,0,0,0
105,245.3125,4,0,0,0,0
105,246.875,5,0,0,0,0
105,248.4375,6,0,0,0,0
105,250.0,7,0,0,0,0
105,251.5625,8,0,0,0,0
105,253.125,9,0,0,0,0
105,254.6875,10,0,0,0,0
105,256.25,11,0,0,0,0
105,257.8125,12,0,0,0,0
105,259.375,13,0,0,0,0
105,260.9375,14,0,0,0,0
105,262.5,15,0,0,0,0
105,264.0625,0,0,0,0,0
105,265.625,1,0,0,0,0
105,267.1875,2,0,0,0,0
105,268.75,3,0,0,0,0
105,270.3125,4,0,0,0,0
105,271.875,5,0,0,0,0
105,273.4375,6,0,0,0,0
106,0.0,7,0,0,0,0
106,1.5625,8,0,0,0,0
106,3.125,9,0,0,0,0
106,4.6875,10,0,0,0,0
106,6.25,11,0,0,0,0
106,7.8125,12,0,0,0,0
106,9.375,13,0,0,0,0
106,10.9375,14,0,0,0,0
106,12.5,15,0,0,0,0
106,14.0625,0,0,0,0,0
106,15.625,1,0,0,0,0
106,17.1875,2,0,0,0,0
106,18.75,3,0,0,0,0
106,20.3125,4,0,0,0,0
106,21.875,5,0,0,0,0
106,23.4375,6,0,0,0,0
106,25.0,7,0,0,0,0
106,26.5625,8,0,0,0,0
106,28.125,9,0,0,0,0
106,29.6875,10,0,0,0,0
106,31.25,11,0,0,0,0
106,32.8125,12,0,0,0,0
106,34.375,13,0,0,0,0
106,35.9375,14,0,0,0,0
106,37.5,15,0,0,0,0
106,39.0625,0,0,0,0,0
106,40.625,1,0,0,0,0
106,42.1875,2,0,0,0,0
106,43.75,3,0,0,0,0
106,45.3125,4,0,0,0,0
106,46.875,5,0,0,0,0
106,48.4375,6,0,0,0,0
106,50.0,7,0,0,0,0
106,51.5625,8,0,0,0,0
106,53.125,9,0,0,0,0
106,54.6875,10,0,0,0,0
106,56.25,11,0,0,0,0
106,57.8125,12,0,0,0,0
106,59.375,13,0,0,0,0
106,60.9375,14,0,0,0,0
106,62.5,15,0,0,0,0
106,64.0625,0,0,0,0,0
106,65.625,1,0,0,0,0
106,67.1875,2,0,0,0,0
106,68.75,3,0,0,0,0
106,70.3125,4,0,0,0,0
106,71.875,5,0,0,0,0
106,73.4375,6,0,0,0,0
106,75.0,7,0,0,0,0
106,76.5625,8,0,0,0,0
106,78.125,9,0,0,0,0
106,79.6875,10,0,0,0,0
106,81.25,11,0,0,0,0
106,82.8125,12,0,0,0,0
106,84.375,13,0,0,0,0
106,85.9375,14,0,0,0,0
106,87.5,15,0,0,0,0
106,89.0625,0,0,0,0,0
106,90.625,1,0,0,0,0
106,92.1875,2,0,0,0,0
106,93.75,3,0,0,0,0
106,95.3125,4,0,0,0,0
106,96.875,5,0,0,0,0
106,98.4375,6,0,0,0,0
106,100.0,7,0,0,0,0
106,101.5625,8,0,0,0,0
106,103.125,9,0,0,0,0
106,104.6875,10,0,0,0,0
106,106.25,11,0,0,0,0
106,107.8125,12,0,0,0,0
106,109.375,13,0,0,0,0
106,110.9375,14,0,0,0,0
106,112.5,15,0,0,0,0
106,114.0625,0,0,0,0,0
106,115.625,1,0,0,0,0
106,117.1875,2,0,0,0,0
106,118.75,3,0,0,0,0
106,120.3125,4,0,0,0,0
106,121.875,5,0,0,0,0
106,123.4375,6,0,0,0,0
106,125.0,7,0,0,0,0
106,126.5625,8,0,0,0,0
106,128.125,9,0,0,0,0
106,129.6875,10,0,0,0,0
106,131.25,11,0,0,0,0
106,132.8125,12,0,0,0,0
106,134.375,13,0,0,0,0
106,135.9375,14,0,0,0,0
106,137.5,15,0,0,0,0
106,139.0625,0,0,0,0,0
106,140.625,1,0,0,0,0
106,142.1875,2,0,0,0,0
106,143.75,3,0,0,0,0
106,145.3125,4,0,0,0,0
106,146.875,5,0,0,0,0
106,148.4375,6,0,0,0,0
106,150.0,7,0,0,0,0
106,151.5625,8,0,0,0,0
106,153.125,9,0,0,0,0
106,154.6875,10,0,0,0,0
106,156.25,11,0,0,0,0
106,157.8125,12,0,0,0,0
106,159.375,13,0,0,0,0
106,160.9375,14,0,0,0,0
106,162.5,15,0,0,0,0
106,164.0625,0,0,0,0,0
106,165.625,1,0,0,0,0
106,167.1875,2,0,0,0,0
106,168.75,3,0,0,0,0
106,170.3125,4,0,0,0,0
106,171.875,5,0,0,0,0
106,173.4375,6,0,0,0,0
106,175.0,7,0,0,0,0
106,176.5625,8,0,0,0,0
106,178.125,9,0,0,0,0
106,179.6875,10,0,0,0,0
106,181.25,11,0,0,0,0
106,182.8125,12,0,0,0,0
106,184.375,13,0,0,0,0
106,185.9375,14,0,0,0,0
106,187.5,15,0,0,0,0
106,189.0625,0,0,0,0,0
106,190.625,1,0,0,0,0
106,192.1875,2,0,0,0,0
106,193.75,3,0,0,0,0
106,195.3125,4,0,0,0,0
106,196.875,5,0,0,0,0
106,198.4375,6,0,0,0,0
106,200.0,7,0,0,0,0
106,201.5625,8,0,0,0,0
106,203.125,9,0,0,0,0
106,204.6875,10,0,0,0,0
106,206.25,11,0,0,0,0
106,207.8125,12,0,0,0,0
106,209.375,13,0,0,0,0
106,210.9375,14,0,0,0,0
106,212.5,15,0,0,0,0
106,214.0625,0,0,0,0,0
106,215.625,1,0,0,0,0
106,217.1875,2,0,0,0,0
106,218.75,3,0,0,0,0
106,220.3125,4,0,0,0,0
106,221.875,5,0,0,0,0
106,223.4375,6,0,0,0,0
106,225.0,7,0,0,0,0
106,226.5625,8,0,0,0,0
106,228.125,9,0,0,0,0
106,229.6875,10,0,0,0,0
106,231.25,11,0,0,0,0
106,232.8125,12,0,0,0,0
106,234.375,13,0,0,0,0
106,235.9375,14,0,0,0,0
106,237.5,15,0,0,0,0
106,239.0625,0,0,0,0,0
106,240.625,1,0,0,0,0
106,242.1875,2,0,0,0,0
106,243.75,3,0,0,0,0
106,245.3125,4,0,0,0,0
106,246.875,5,0,0,0,0
106,248.4375,6,0,0,0,0
106,250.0,7,0,0,0,0
106,251.5625,8,0,0,0,0
106,253.125,9,0,0,0,0
106,254.6875,10,0,0,0,0
106,256.25,11,0,0,0,0
106,257.8125,12,0,0,0,0
106,259.375,13,0,0,0,0
106,260.9375,14,0,0,0,0
106,262.5,15,0,0,0,0
106,264.0625,0,0,0,0,0
106,265.625,1,0,0,0,0
106,267.1875,2,0,0,0,0
106,268.75,3,0,0,0,0
106,270.3125,4,0,0,0,0
106,271.875,5,0,0,0,0
106,273.4375,6,0,0,0,0
107,0.0,7,0,0,0,0
107,1.5625,8,0,0,0,0
107,3.125,9,0,0,0,0
107,4.6875,10,0,0,0,0
107,6.25,11,0,0,0,0
107,7.8125,12,0,0,0,0
107,9.375,13,0,0,0,0
107,10.9375,14,0,0,0,0
107,12.5,15,0,0,0,0
107,14.0625,0,0,0,0,0
107,15.625,1,0,0,0,0
107,17.1875,2,0,0,0,0
107,18.75,3,0,0,0,0
107,20.3125,4,0,0,0,0
107,21.875,5,0,0,0,0
107,23.4375,6,0,0,0,0
107,25.0,7,0,0,0,0
107,26.5625,8,0,0,0,0
107,28.125,9,0,0,0,0
107,29.6875,10,0,0,0,0
107,31.25,11,0,0,0,0
107,32.8125,12,0,0,0,0
107,34.375,13,0,0,0,0
107,35.9375,14,0,0,0,0
107,37.5,15,0,0,0,0
107,39.0625,0,0,0,0,0
107,40.625,1,0,0,0,0
107,42.1875,2,0,0,0,0
107,43.75,3,0,0,0,0
107,45.3125,4,0,0,0,0
107,46.875,5,0,0,0,0
107,48.4375,6,0,0,0,0
107,50.0,7,0,0,0,0
107,51.5625,8,0,0,0,0
107,53.125,9,0,0,0,0
107,54.6875,10,0,0,0,0
107,56.25,11,0,0,0,0
107,57.8125,12,0,0,0,0
107,59.375,13,0,0,0,0
107,60.9375,14,0,0,0,0
107,62.5,15,0,0,0,0
107,64.0625,0,0,0,0,0
107,65.625,1,0,0,0,0
107,67.1875,2,0,0,0,0
107,68.75,3,0,0,0,0
107,70.3125,4,0,0,0,0
107,71.875,5,0,0,0,0
107,73.4375,6,0,0,0,0
107,75.0,7,0,0,0,0
107,76.5625,8,0,0,0,0
107,78.125,9,0,0,0,0
107,79.6875,10,0,0,0,0
107,81.25,11,0,0,0,0
107,82.8125,12,0,0,0,0
107,84.375,13,0,0,0,0
107,85.9375,14,0,0,0,0
107,87.5,15,0,0,0,0
107,89.0625,0,0,0,0,0
107,90.625,1,0,0,0,0
107,92.1875,2,0,0,0,0
107,93.75,3,0,0,0,0
107,95.3125,4,0,0,0,0
107,96.875,5,0,0,0,0
107,98.4375,6,0,0,0,0
107,100.0,7,0,0,0,0
107,101.5625,8,0,0,0,0
107,103.125,9,0,0,0,0
107,104.6875,10,0,0,0,0
107,106.25,11,0,0,0,0
107,107.8125,12,0,0,0,0
107,109.375,13,0,0,0,0
107,110.9375,14,0,0,0,0
107,112.5,15,0,0,0,0
107,114.0625,0,0,0,0,0
107,115.625,1,0,0,0,0
107,117.1875,2,0,0,0,0
107,118.75,3,0,0,0,0
107,120.3125,4,0,0,0,0
107,121.875,5,0,0,0,0
107,123.4375,6,0,0,0,0
107,125.0,7,0,0,0,0
107,126.5625,8,0,0,0,0
107,128.125,9,0,0,0,0
107,129.6875,10,0,0,0,0
107,131.25,11,0,0,0,0
107,132.8125,12,0,0,0,0
107,134.375,13,0,0,0,0
107,135.9375,14,0,0,0,0
107,137.5,15,0,0,0,0
107,139.0625,0,0,0,0,0
107,140.625,1,0,0,0,0
107,142.1875,2,0,0,0,0
107,143.75,3,0,0,0,0
107,145.3125,4,0,0,0,0
107,146.875,5,0,0,0,0
107,148.4375,6,0,0,0,0
107,150.0,7,0,0,0,0
107,151.5625,8,0,0,0,0
107,153.125,9,0,0,0,0
107,154.6875,10,0,0,0,0
107,156.25,11,0,0,0,0
107,157.8125,12,0,0,0,0
107,159.375,13,0,0,0,0
107,160.9375,14,0,0,0,0
107,162.5,15,0,0,0,0
107,164.0625,0,0,0,0,0
107,165.625,1,0,0,0,0
107,167.1875,2,0,0,0,0
107,168.75,3,0,0,0,0
107,170.3125,4,0,0,0,0
107,171.875,5,0,0,0,0
107,173.4375,6,0,0,0,0
107,175.0,7,0,0,0,0
107,176.5625,8,0,0,0,0
107,178.125,9,0,0,0,0
107,179.6875,10,0,0,0,0
107,181.25,11,0,0,0,0
107,182.8125,12,0,0,0,0
107,184.375,13,0,0,0,0
107,185.9375,14,0,0,0,0
107,187.5,15,0,0,0,0
107,189.0625,0,0,0,0,0
107,190.625,1,0,0,0,0
107,192.1875,2,0,0,0,0
107,193.75,3,0,0,0,0
107,195.3125,4,0,0,0,0
107,196.875,5,0,0,0,0
107,198.4375,6,0,0,0,0
107,200.0,7,0,0,0,0
107,201.5625,8,0,0,0,0
107,203.125,9,0,0,0,0
107,204.6875,10,0,0,0,0
107,206.25,11,0,0,0,0
107,207.8125,12,0,0,0,0
107,209.375,13,0,0,0,0
107,210.9375,14,0,0,0,0
107,212.5,15,0,0,0,0
107,214.0625,0,0,0,0,0
107,215.625,1,0,0,0,0
107,217.1875,2,0,0,0,0
107,218.75,3,0,0,0,0
107,220.3125,4,0,0,0,0
107,221.875,5,0,0,0,0
107,223.4375,6,0,0,0,0
107,225.0,7,0,0,0,0
107,226.5625,8,0,0,0,0
107,228.125,9,0,0,0,0
107,229.6875,10,0,0,0,0
107,231.25,11,0,0,0,0
107,232.8125,12,0,0,0,0
107,234.375,13,0,0,0,0
107,235.9375,14,0,0,0,0
107,237.5,15,0,0,0,0
107,239.0625,0,0,0,0,0
107,240.625,1,0,0,0,0
107,242.1875,2,0,0,0,0
107,243.75,3,0,0,0,0
107,245.3125,4,0,0,0,0
107,246.875,5,0,0,0,0
107,248.4375,6,0,0,0,0
107,250.0,7,0,0,0,0
107,251.5625,8,0,0,0,0
107,253.125,9,0,0,0,0
107,254.6875,10,0,0,0,0
107,256.25,11,0,0,0,0
107,257.8125,12,0,0,0,0
107,259.375,13,0,0,0,0
107,260.9375,14,0,0,0,0
107,262.5,15,0,0,0,0
107,264.0625,0,0,0,0,0
107,265.625,1,0,0,0,0
107,267.1875,2,0,0,0,0
107,268.75,3,0,0,0,0
107,270.3125,4,0,0,0,0
107,271.875,5,0,0,0,0
107,273.4375,6,0,0,0,0
108,0.0,7,0,0,0,0
108,1.5625,8,0,0,0,0
108,3.125,9,0,0,0,0
108,4.6875,10,0,0,0,0
108,6.25,11,0,0,0,0
108,7.8125,12,0,0,0,0
108,9.375,13,0,0,0,0
108,10.9375,14,0,0,0,0
108,12.5,15,0,0,0,0
108,14.0625,0,0,0,0,0
108,15.625,1,0,0,0,0
108,17.1875,2,0,0,0,0
108,18.75,3,0,0,0,0
108,20.3125,4,0,0,0,0
108,21.875,5,0,0,0,0
108,23.4375,6,0,0,0,0
108,25.0,7,0,0,0,0
108,26.5625,8,0,0,0,0
108,28.125,9,0,0,0,0
108,29.6875,10,0,0,0,0
108,31.25,11,0,0,0,0
108,32.8125,12,0,0,0,0
108,34.375,13,0,0,0,0
108,35.9375,14,0,0,0,0
108,37.5,15,0,0,0,0
108,39.0625,0,0,0,0,0
108,40.625,1,0,0,0,0
108,42.1875,2,0,0,0,0
108,43.75,3,0,0,0,0
108,45.3125,4,0,0,0,0
108,46.875,5,0,0,0,0
108,48.4375,6,0,0,0,0
108,50.0,7,0,0,0,0
108,51.5625,8,0,0,0,0
108,53.125,9,0,0,0,0
108,54.6875,10,0,0,0,0
108,56.25,11,0,0,0,0
108,57.8125,12,0,0,0,0
108,59.375,13,0,0,0,0
108,60.9375,14,0,0,0,0
108,62.5,15,0,0,0,0
108,64.0625,0,0,0,0,0
108,65.625,1,0,0,0,0
108,67.1875,2,0,0,0,0
108,68.75,3,0,0,0,0
108,70.3125,4,0,0,0,0
108,71.875,5,0,0,0,0
108,73.4375,6,0,0,0,0
108,75.0,7,0,0,0,0
108,76.5625,8,0,0,0,0
108,78.125,9,0,0,0,0
108,79.6875,10,0,0,0,0
108,81.25,11,0,0,0,0
108,82.8125,12,0,0,0,0
108,84.375,13,0,0,0,0
108,85.9375,14,0,0,0,0
108,87.5,15,0,0,0,0
108,89.0625,0,0,0,0,0
108,90.625,1,0,0,0,0
108,92.1875,2,0,0,0,0
108,93.75,3,0,0,0,0
108,95.3125,4,0,0,0,0
108,96.875,5,0,0,0,0
108,98.4375,6,0,0,0,0
108,100.0,7,0,0,0,0
108,101.5625,8,0,0,0,0
108,103.125,9,0,0,0,0
108,104.6875,10,0,0,0,0
108,106.25,11,0,0,0,0
108,107.8125,12,0,0,0,0
108,109.375,13,0,0,0,0
108,110.9375,14,0,0,0,0
108,112.5,15,0,0,0,0
108,114.0625,0,0,0,0,0
108,115.625,1,0,0,0,0
108,117.1875,2,0,0,0,0
108,118.75,3,0,0,0,0
108,120.3125,4,0,0,0,0
108,121.875,5,0,0,0,0
108,123.4375,6,0,0,0,0
108,125.0,7,0,0,0,0
108,126.5625,8,0,0,0,0
108,128.125,9,0,0,0,0
108,129.6875,10,0,0,0,0
108,131.25,11,0,0,0,0
108,132.8125,12,0,0,0,0
108,134.375,13,0,0,0,0
108,135.9375,14,0,0,0,0
108,137.5,15,0,0,0,0
108,139.0625,0,0,0,0,0
108,140.625,1,0,0,0,0
108,142.1875,2,0,0,0,0
108,143.75,3,0,0,0,0
108,145.3125,4,0,0,0,0
108,146.875,5,0,0,0,0
108,148.4375,6,0,0,0,0
108,150.0,7,0,0,0,0
108,151.5625,8,0,0,0,0
108,153.125,9,0,0,0,0
108,154.6875,10,0,0,0,0
108,156.25,11,0,0,0,0
108,157.8125,12,0,0,0,0
108,159.375,13,0,0,0,0
108,160.9375,14,0,0,0,0
108,162.5,15,0,0,0,0
108,164.0625,0,0,0,0,0
108,165.625,1,0,0,0,0
108,167.1875,2,0,0,0,0
108,168.75,3,0,0,0,0
108,170.3125,4,0,0,0,0
108,171.875,5,0,0,0,0
108,173.4375,6,0,0,0,0
108,175.0,7,0,0,0,0
108,176.5625,8,0,0,0,0
108,178.125,9,0,0,0,0
108,179.6875,10,0,0,0,0
108,181.25,11,0,0,0,0
108,182.8125,12,0,0,0,0
108,184.375,13,0,0,0,0
108,185.9375,14,0,0,0,0
108,187.5,15,0,0,0,0
108,189.0625,0,0,0,0,0
108,190.625,1,0,0,0,0
108,192.1875,2,0,0,0,0
108,193.75,3,0,0,0,0
108,195.3125,4,0,0,0,0
108,196.875,5,0,0,0,0
108,198.4375,6,0,0,0,0
108,200.0,7,0,0,0,0
108,201.5625,8,0,0,0,0
108,203.125,9,0,0,0,0
108,204.6875,10,0,0,0,0
108,206.25,11,0,0,0,0
108,207.8125,12,0,0,0,0
108,209.375,13,0,0,0,0
108,210.9375,14,0,0,0,0
108,212.5,15,0,0,0,0
108,214.0625,0,0,0,0,0
108,215.625,1,0,0,0,0
108,217.1875,2,0,0,0,0
108,218.75,3,0,0,0,0
108,220.3125,4,0,0,0,0
108,221.875,5,0,0,0,0
108,223.4375,6,0,0,0,0
108,225.0,7,0,0,0,0
108,226.5625,8,0,0,0,0
108,228.125,9,0,0,0,0
108,229.6875,10,0,0,0,0
108,231.25,11,0,0,0,0
108,232.8125,12,0,0,0,0
108,234.375,13,0,0,0,0
108,235.9375,14,0,0,0,0
108,237.5,15,0,0,0,0
108,239.0625,0,0,0,0,0
108,240.625,1,0,0,0,0
108,242.1875,2,0,0,0,0
108,243.75,3,0,0,0,0
108,245.3125,4,0,0,0,0
108,246.875,5,0,0,0,0
108,248.4375,6,0,0,0,0
108,250.0,7,0,0,0,0
108,251.5625,8,0,0,0,0
108,253.125,9,0,0,0,0
108,254.6875,10,0,0,0,0
108,256.25,11,0,0,0,0
108,257.8125,12,0,0,0,0
108,259.375,13,0,0,0,0
108,260.9375,14,0,0,0,0
108,262.5,15,0,0,0,0
108,264.0625,0,0,0,0,0
108,265.625,1,0,0,0,0
108,267.1875,2,0,0,0,0
108,268.75,3,0,0,0,0
108,270.3125,4,0,0,0,0
108,271.875,5,0,0,0,0
108,273.4375,6,0,0,0,0
109,0.0,7,0,0,0,0
109,1.5625,8,0,0,0,0
109,3.125,9,0,0,0,0
109,4.6875,10,0,0,0,0
109,6.25,11,0,0,0,0
109,7.8125,12,0,0,0,0
109,9.375,13,0,0,0,0
109,10.9375,14,0,0,0,0
109,12.5,15,0,0,0,0
109,14.0625,0,0,0,0,0
109,15.625,1,0,0,0,0
109,17.1875,2,0,0,0,0
109,18.75,3,0,0,0,0
109,20.3125,4,0,0,0,0
109,21.875,5,0,0,0,0
109,23.4375,6,0,0,0,0
109,25.0,7,0,0,0,0
109,26.5625,8,0,0,0,0
109,28.125,9,0,0,0,0
109,29.6875,10,0,0,0,0
109,31.25,11,0,0,0,0
109,32.8125,12,0,0,0,0
109,34.375,13,0,0,0,0
109,35.9375,14,0,0,0,0
109,37.5,15,0,0,0,0
109,39.0625,0,0,0,0,0
109,40.625,1,0,0,0,0
109,42.1875,2,0,0,0,0
109,43.75,3,0,0,0,0
109,45.3125,4,0,0,0,0
109,46.875,5,0,0,0,0
109,48.4375,6,0,0,0,0
109,50.0,7,0,0,0,0
109,51.5625,8,0,0,0,0
109,53.125,9,0,0,0,0
109,54.6875,10,0,0,0,0
109,56.25,11,0,0,0,0
109,57.8125,12,0,0,0,0
109,59.375,13,0,0,0,0
109,60.9375,14,0,0,0,0
109,62.5,15,0,0,0,0
109,64.0625,0,0,0,0,0
109,65.625,1,0,0,0,0
109,67.1875,2,0,0,0,0
109,68.75,3,0,0,0,0
109,70.3125,4,0,0,0,0
109,71.875,5,0,0,0,0
109,73.4375,6,0,0,0,0
109,75.0,7,0,0,0,0
109,76.5625,8,0,0,0,0
109,78.125,9,0,0,0,0
109,79.6875,10,0,0,0,0
109,81.25,11,0,0,0,0
109,82.8125,12,0,0,0,0
109,84.375,13,0,0,0,0
109,85.9375,14,0,0,0,0
109,87.5,15,0,0,0,0
109,89.0625,0,0,0,0,0
109,90.625,1,0,0,0,0
109,92.1875,2,0,0,0,0
109,93.75,3,0,0,0,0
109,95.3125,4,0,0,0,0
109,96.875,5,0,0,0,0
109,98.4375,6,0,0,0,0
109,100.0,7,0,0,0,0
109,101.5625,8,0,0,0,0
109,103.125,9,0,0,0,0
109,104.6875,10,0,0,0,0
109,106.25,11,0,0,0,0
109,107.8125,12,0,0,0,0
109,109.375,13,0,0,0,0
109,110.9375,14,0,0,0,0
109,112.5,15,0,0,0,0
109,114.0625,0,0,0,0,0
109,115.625,1,0,0,0,0
109,117.1875,2,0,0,0,0
109,118.75,3,0,0,0,0
109,120.3125,4,0,0,0,0
109,121.875,5,0,0,0,0
109,123.4375,6,0,0,0,0
109,125.0,7,0,0,0,0
109,126.5625,8,0,0,0,0
109,128.125,9,0,0,0,0
109,129.6875,10,0,0,0,0
109,131.25,11,0,0,0,0
109,132.8125,12,0,0,0,0
109,134.375,13,0,0,0,0
109,135.9375,14,0,0,0,0
109,137.5,15,0,0,0,0
109,139.0625,0,0,0,0,0
109,140.625,1,0,0,0,0
109,142.1875,2,0,0,0,0
109,143.75,3,0,0,0,0
109,145.3125,4,0,0,0,0
109,146.875,5,0,0,0,0
109,148.4375,6,0,0,0,0
109,150.0,7,0,0,0,0
109,151.5625,8,0,0,0,0
109,153.125,9,0,0,0,0
109,154.6875,10,0,0,0,0
109,156.25,11,0,0,0,0
109,157.8125,12,0,0,0,0
109,159.375,13,0,0,0,0
109,160.9375,14,0,0,0,0
109,162.5,15,0,0,0,0
109,164.0625,0,0,0,0,0
109,165.625,1,0,0,0,0
109,167.1875,2,0,0,0,0
109,168.75,3,0,0,0,0
109,170.3125,4,0,0,0,0
109,171.875,5,0,0,0,0
109,173.4375,6,0,0,0,0
109,175.0,7,0,0,0,0
109,176.5625,8,0,0,0,0
109,178.125,9,0,0,0,0
109,179.6875,10,0,0,0,0
109,181.25,11,0,0,0,0
109,182.8125,12,0,0,0,0
109,184.375,13,0,0,0,0
109,185.9375,14,0,0,0,0
109,187.5,15,0,0,0,0
109,189.0625,0,0,0,0,0
109,190.625,1,0,0,0,0
109,192.1875,2,0,0,0,0
109,193.75,3,0,0,0,0
109,195.3125,4,0,0,0,0
109,196.875,5,0,0,0,0
109,198.4375,6,0,0,0,0
109,200.0,7,0,0,0,0
109,201.5625,8,0,0,0,0
109,203.125,9,0,0,0,0
109,204.6875,10,0,0,0,0
109,206.25,11,0,0,0,0
109,207.8125,12,0,0,0,0
109,209.375,13,0,0,0,0
109,210.9375,14,0,0,0,0
109,212.5,15,0,0,0,0
109,214.0625,0,0,0,0,0
109,215.625,1,0,0,0,0
109,217.1875,2,0,0,0,0
109,218.75,3,0,0,0,0
109,220.3125,4,0,0,0,0
109,221.875,5,0,0,0,0
109,223.4375,6,0,0,0,0
109,225.0,7,0,0,0,0
109,226.5625,8,0,0,0,0
109,228.125,9,0,0,0,0
109,229.6875,10,0,0,0,0
109,231.25,11,0,0,0,0
109,232.8125,12,0,0,0,0
109,234.375,13,0,0,0,0
109,235.9375,14,0,0,0,0
109,237.5,15,0,0,0,0
109,239.0625,0,0,0,0,0
109,240.625,1,0,0,0,0
109,242.1875,2,0,0,0,0
109,243.75,3,0,0,0,0
109,245.3125,4,0,0,0,0
109,246.875,5,0,0,0,0
109,248.4375,6,0,0,0,0
109,250.0,7,0,0,0,0
109,251.5625,8,0,0,0,0
109,253.125,9,0,0,0,0
109,254.6875,10,0,0,0,0
109,256.25,11,0,0,0,0
109,257.8125,12,0,0,0,0
109,259.375,13,0,0,0,0
109,260.9375,14,0,0,0,0
109,262.5,15,0,0,0,0
109,264.0625,0,0,0,0,0
109,265.625,1,0,0,0,0
109,267.1875,2,0,0,0,0
109,268.75,3,0,0,0,0
109,270.3125,4,0,0,0,0
109,271.875,5,0,0,0,0
109,273.4375,6,0,0,0,0
110,0.0,7,0,0,0,0
110,1.5625,8,0,0,0,0
110,3.125,9,0,0,0,0
110,4.6875,10,0,0,0,0
110,6.25,11,0,0,0,0
110,7.8125,12,0,0,0,0
110,9.375,13,0,0,0,0
110,10.9375,14,0,0,0,0
110,12.5,15,0,0,0,0
110,14.0625,0,0,0,0,0
110,15.625,1,0,0,0,0
110,17.1875,2,0,0,0,0
110,18.75,3,0,0,0,0
110,20.3125,4,0,0,0,0
110,21.875,5,0,0,0,0
110,23.4375,6,0,0,0,0
110,25.0,7,0,0,0,0
110,26.5625,8,0,0,0,0
110,28.125,9,0,0,0,0
110,29.6875,10,0,0,0,0
110,31.25,11,0,0,0,0
110,32.8125,12,0,0,0,0
110,34.375,13,0,0,0,0
110,35.9375,14,0,0,0,0
110,37.5,15,0,0,0,0
110,39.0625,0,0,0,0,0
110,40.625,1,0,0,0,0
110,42.1875,2,0,0,0,0
110,43.75,3,0,0,0,0
110,45.3125,4,0,0,0,0
110,46.875,5,0,0,0,0
110,48.4375,6,0,0,0,0
110,50.0,7,0,0,0,0
110,51.5625,8,0,0,0,0
110,53.125,9,0,0,0,0
110,54.6875,10,0,0,0,0
110,56.25,11,0,0,0,0
110,57.8125,12,0,0,0,0
110,59.375,13,0,0,0,0
110,60.9375,14,0,0,0,0
110,62.5,15,0,0,0,0
110,64.0625,0,0,0,0,0
110,65.625,1,0,0,0,0
110,67.1875,2,0,0,0,0
110,68.75,3,0,0,0,0
110,70.3125,4,0,0,0,0
110,71.875,5,0,0,0,0
110,73.4375,6,0,0,0,0
110,75.0,7,0,0,0,0
110,76.5625,8,0,0,0,0
110,78.125,9,0,0,0,0
110,79.6875,10,0,0,0,0
110,81.25,11,0,0,0,0
110,82.8125,12,0,0,0,0
110,84.375,13,0,0,0,0
110,85.9375,14,0,0,0,0
110,87.5,15,0,0,0,0
110,89.0625,0,0,0,0,0
110,90.625,1,0,0,0,0
110,92.1875,2,0,0,0,0
110,93.75,3,0,0,0,0
110,95.3125,4,0,0,0,0
110,96.875,5,0,0,0,0
110,98.4375,6,0,0,0,0
110,100.0,7,0,0,0,0
110,101.5625,8,0,0,0,0
110,103.125,9,0,0,0,0
110,104.6875,10,0,0,0,0
110,106.25,11,0,0,0,0
110,107.8125,12,0,0,0,0
110,109.375,13,0,0,0,0
110,110.9375,14,0,0,0,0
110,112.5,15,0,0,0,0
110,114.0625,0,0,0,0,0
110,115.625,1,0,0,0,0
110,117.1875,2,0,0,0,0
110,118.75,3,0,0,0,0
110,120.3125,4,0,0,0,0
110,121.875,5,0,0,0,0
110,123.4375,6,0,0,0,0
110,125.0,7,0,0,0,0
110,126.5625,8,0,0,0,0
110,128.125,9,0,0,0,0
110,129.6875,10,0,0,0,0
110,131.25,11,0,0,0,0
110,132.8125,12,0,0,0,0
110,134.375,13,0,0,0,0
110,135.9375,14,0,0,0,0
110,137.5,15,0,0,0,0
110,139.0625,0,0,0,0,0
110,140.625,1,0,0,0,0
110,142.1875,2,0,0,0,0
110,143.75,3,0,0,0,0
110,145.3125,4,0,0,0,0
110,146.875,5,0,0,0,0
110,148.4375,6,0,0,0,0
110,150.0,7,0,0,0,0
110,151.5625,8,0,0,0,0
110,153.125,9,0,0,0,0
110,154.6875,10,0,0,0,0
110,156.25,11,0,0,0,0
110,157.8125,12,0,0,0,0
110,159.375,13,0,0,0,0
110,160.9375,14,0,0,0,0
110,162.5,15,0,0,0,0
110,164.0625,0,0,0,0,0
110,165.625,1,0,0,0,0
110,167.1875,2,0,0,0,0
110,168.75,3,0,0,0,0
110,170.3125,4,0,0,0,0
110,171.875,5,0,0,0,0
110,173.4375,6,0,0,0,0
110,175.0,7,0,0,0,0
110,176.5625,8,0,0,0,0
110,178.125,9,0,0,0,0
110,179.6875,10,0,0,0,0
110,181.25,11,0,0,0,0
110,182.8125,12,0,0,0,0
110,184.375,13,0,0,0,0
110,185.9375,14,0,0,0,0
110,187.5,15,0,0,0,0
110,189.0625,0,0,0,0,0
110,190.625,1,0,0,0,0
110,192.1875,2,0,0,0,0
110,193.75,3,0,0,0,0
110,195.3125,4,0,0,0,0
110,196.875,5,0,0,0,0
110,198.4375,6,0,0,0,0
110,200.0,7,0,0,0,0
110,201.5625,8,0,0,0,0
110,203.125,9,0,0,0,0
110,204.6875,10,0,0,0,0
110,206.25,11,0,0,0,0
110,207.8125,12,0,0,0,0
110,209.375,13,0,0,0,0
110,210.9375,14,0,0,0,0
110,212.5,15,0,0,0,0
110,214.0625,0,0,0,0,0
110,215.625,1,0,0,0,0
110,217.1875,2,0,0,0,0
110,218.75,3,0,0,0,0
110,220.3125,4,0,0,0,0
110,221.875,5,0,0,0,0
110,223.4375,6,0,0,0,0
110,225.0,7,0,0,0,0
110,226.5625,8,0,0,0,0
110,228.125,9,0,0,0,0
110,229.6875,10,0,0,0,0
110,231.25,11,0,0,0,0
110,232.8125,12,0,0,0,0
110,234.375,13,0,0,0,0
110,235.9375,14,0,0,0,0
110,237.5,15,0,0,0,0
110,239.0625,0,0,0,0,0
110,240.625,1,0,0,0,0
110,242.1875,2,0,0,0,0
110,243.75,3,0,0,0,0
110,245.3125,4,0,0,0,0
110,246.875,5,0,0,0,0
110,248.4375,6,0,0,0,0
110,250.0,7,0,0,0,0
110,251.5625,8,0,0,0,0
110,253.125,9,0,0,0,0
110,254.6875,10,0,0,0,0
110,256.25,11,0,0,0,0
110,257.8125,12,0,0,0,0
110,259.375,13,0,0,0,0
110,260.9375,14,0,0,0,0
110,262.5,15,0,0,0,0
110,264.0625,0,0,0,0,0
110,265.625,1,0,0,0,0
110,267.1875,2,0,0,0,0
110,268.75,3,0,0,0,0
110,270.3125,4,0,0,0,0
110,271.875,5,0,0,0,0
110,273.4375,6,0,0,0,0
111,0.0,7,0,0,0,0
111,1.5625,8,0,0,0,0
111,3.125,9,0,0,0,0
111,4.6875,10,0,0,0,0
111,6.25,11,0,0,0,0
111,7.8125,12,0,0,0,0
111,9.375,13,0,0,0,0
111,10.9375,14,0,0,0,0
111,12.5,15,0,0,0,0
111,14.0625,0,0,0,0,0
111,15.625,1,0,0,0,0
111,17.1875,2,0,0,0,0
111,18.75,3,0,0,0,0
111,20.3125,4,0,0,0,0
111,21.875,5,0,0,0,0
111,23.4375,6,0,0,0,0
111,25.0,7,0,0,0,0
111,26.5625,8,0,0,0,0
111,28.125,9,0,0,0,0
111,29.6875,10,0,0,0,0
111,31.25,11,0,0,0,0
111,32.8125,12,0,0,0,0
111,34.375,13,0,0,0,0
111,35.9375,14,0,0,0,0
111,37.5,15,0,0,0,0
111,39.0625,0,0,0,0,0
111,40.625,1,0,0,0,0
111,42.1875,2,0,0,0,0
111,43.75,3,0,0,0,0
111,45.3125,4,0,0,0,0
111,46.875,5,0,0,0,0
111,48.4375,6,0,0,0,0
111,50.0,7,0,0,0,0
111,51.5625,8,0,0,0,0
111,53.125,9,0,0,0,0
111,54.6875,10,0,0,0,0
111,56.25,11,0,0,0,0
111,57.8125,12,0,0,0,0
111,59.375,13,0,0,0,0
111,60.9375,14,0,0,0,0
111,62.5,15,0,0,0,0
111,64.0625,0,0,0,0,0
111,65.625,1,0,0,0,0
111,67.1875,2,0,0,0,0
111,68.75,3,0,0,0,0
111,70.3125,4,0,0,0,0
111,71.875,5,0,0,0,0
111,73.4375,6,0,0,0,0
111,75.0,7,0,0,0,0
111,76.5625,8,0,0,0,0
111,78.125,9,0,0,0,0
111,79.6875,10,0,0,0,0
111,81.25,11,0,0,0,0
111,82.8125,12,0,0,0,0
111,84.375,13,0,0,0,0
111,85.9375,14,0,0,0,0
111,87.5,15,0,0,0,0
111,89.0625,0,0,0,0,0
111,90.625,1,0,0,0,0
111,92.1875,2,0,0,0,0
111,93.75,3,0,0,0,0
111,95.3125,4,0,0,0,0
111,96.875,5,0,0,0,0
111,98.4375,6,0,0,0,0
111,100.0,7,0,0,0,0
111,101.5625,8,0,0,0,0
111,103.125,9,0,0,0,0
111,104.6875,10,0,0,0,0
111,106.25,11,0,0,0,0
111,107.8125,12,0,0,0,0
111,109.375,13,0,0,0,0
111,110.9375,14,0,0,0,0
111,112.5,15,0,0,0,0
111,114.0625,0,0,0,0,0
111,115.625,1,0,0,0,0
111,117.1875,2,0,0,0,0
111,118.75,3,0,0,0,0
111,120.3125,4,0,0,0,0
111,121.875,5,0,0,0,0
111,123.4375,6,0,0,0,0
111,125.0,7,0,0,0,0
111,126.5625,8,0,0,0,0
111,128.125,9,0,0,0,0
111,129.6875,10,0,0,0,0
111,131.25,11,0,0,0,0
111,132.8125,12,0,0,0,0
111,134.375,13,0,0,0,0
111,135.9375,14,0,0,0,0
111,137.5,15,0,0,0,0
111,139.0625,0,0,0,0,0
111,140.625,1,0,0,0,0
111,142.1875,2,0,0,0,0
111,143.75,3,0,0,0,0
111,145.3125,4,0,0,0,0
111,146.875,5,0,0,0,0
111,148.4375,6,0,0,0,0
111,150.0,7,0,0,0,0
111,151.5625,8,0,0,0,0
111,153.125,9,0,0,0,0
111,154.6875,10,0,0,0,0
111,156.25,11,0,0,0,0
111,157.8125,12,0,0,0,0
111,159.375,13,0,0,0,0
111,160.9375,14,0,0,0,0
111,162.5,15,0,0,0,0
111,164.0625,0,0,0,0,0
111,165.625,1,0,0,0,0
111,167.1875,2,0,0,0,0
111,168.75,3,0,0,0,0
111,170.3125,4,0,0,0,0
111,171.875,5,0,0,0,0
111,173.4375,6,0,0,0,0
111,175.0,7,0,0,0,0
111,176.5625,8,0,0,0,0
111,178.125,9,0,0,0,0
111,179.6875,10,0,0,0,0
111,181.25,11,0,0,0,0
111,182.8125,12,0,0,0,0
111,184.375,13,0,0,0,0
111,185.9375,14,0,0,0,0
111,187.5,15,0,0,0,0
111,189.0625,0,0,0,0,0
111,190.625,1,0,0,0,0
111,192.1875,2,0,0,0,0
111,193.75,3,0,0,0,0
111,195.3125,4,0,0,0,0
111,196.875,5,0,0,0,0
111,198.4375,6,0,0,0,0
111,200.0,7,0,0,0,0
111,201.5625,8,0,0,0,0
111,203.125,9,0,0,0,0
111,204.6875,10,0,0,0,0
111,206.25,11,0,0,0,0
111,207.8125,12,0,0,0,0
111,209.375,13,0,0,0,0
111,210.9375,14,0,0,0,0
111,212.5,15,0,0,0,0
111,214.0625,0,0,0,0,0
111,215.625,1,0,0,0,0
111,217.1875,2,0,0,0,0
111,218.75,3,0,0,0,0
111,220.3125,4,0,0,0,0
111,221.875,5,0,0,0,0
111,223.4375,6,0,0,0,0
111,225.0,7,0,0,0,0
111,226.5625,8,0,0,0,0
111,228.125,9,0,0,0,0
111,229.6875,10,0,0,0,0
111,231.25,11,0,0,0,0
111,232.8125,12,0,0,0,0
111,234.375,13,0,0,0,0
111,235.9375,14,0,0,0,0
111,237.5,15,0,0,0,0
111,239.0625,0,0,0,0,0
111,240.625,1,0,0,0,0
111,242.1875,2,0,0,0,0
111,243.75,3,0,0,0,0
111,245.3125,4,0,0,0,0
111,246.875,5,0,0,0,0
111,248.4375,6,0,0,0,0
111,250.0,7,0,0,0,0
111,251.5625,8,0,0,0,0
111,253.125,9,0,0,0,0
111,254.6875,10,0,0,0,0
111,256.25,11,0,0,0,0
111,257.8125,12,0,0,0,0
111,259.375,13,0,0,0,0
111,260.9375,14,0,0,0,0
111,262.5,15,0,0,0,0
111,264.0625,0,0,0,0,0
111,265.625,1,0,0,0,0
111,267.1875,2,0,0,0,0
111,268.75,3,0,0,0,0
111,270.3125,4,0,0,0,0
111,271.875,5,0,0,0,0
111,273.4375,6,0,0,0,0
112,0.0,7,0,0,0,0
112,1.5625,8,0,0,0,0
112,3.125,9,0,0,0,0
112,4.6875,10,0,0,0,0
112,6.25,11,0,0,0,0
112,7.8125,12,0,0,0,0
112,9.375,13,0,0,0,0
112,10.9375,14,0,0,0,0
112,12.5,15,0,0,0,0
112,14.0625,0,0,0,0,0
112,15.625,1,0,0,0,0
112,17.1875,2,0,0,0,0
112,18.75,3,0,0,0,0
112,20.3125,4,0,0,0,0
112,21.875,5,0,0,0,0
112,23.4375,6,0,0,0,0
112,25.0,7,0,0,0,0
112,26.5625,8,0,0,0,0
112,28.125,9,0,0,0,0
112,29.6875,10,0,0,0,0
112,31.25,11,0,0,0,0
112,32.8125,12,0,0,0,0
112,34.375,13,0,0,0,0
112,35.9375,14,0,0,0,0
112,37.5,15,0,0,0,0
112,39.0625,0,0,0,0,0
112,40.625,1,0,0,0,0
112,42.1875,2,0,0,0,0
112,43.75,3,0,0,0,0
112,45.3125,4,0,0,0,0
112,46.875,5,0,0,0,0
112,48.4375,6,0,0,0,0
112,50.0,7,0,0,0,0
112,51.5625,8,0,0,0,0
112,53.125,9,0,0,0,0
112,54.6875,10,0,0,0,0
112,56.25,11,0,0,0,0
112,57.8125,12,0,0,0,0
112,59.375,13,0,0,0,0
112,60.9375,14,0,0,0,0
112,62.5,15,0,0,0,0
112,64.0625,0,0,0,0,0
112,65.625,1,0,0,0,0
112,67.1875,2,0,0,0,0
112,68.75,3,0,0,0,0
112,70.3125,4,0,0,0,0
112,71.875,5,0,0,0,0
112,73.4375,6,0,0,0,0
112,75.0,7,0,0,0,0
112,76.5625,8,0,0,0,0
112,78.125,9,0,0,0,0
112,79.6875,10,0,0,0,0
112,81.25,11,0,0,0,0
112,82.8125,12,0,0,0,0
112,84.375,13,0,0,0,0
112,85.9375,14,0,0,0,0
112,87.5,15,0,0,0,0
112,89.0625,0,0,0,0,0
112,90.625,1,0,0,0,0
112,92.1875,2,0,0,0,0
112,93.75,3,0,0,0,0
112,95.3125,4,0,0,0,0
112,96.875,5,0,0,0,0
112,98.4375,6,0,0,0,0
112,100.0,7,0,0,0,0
112,101.5625,8,0,0,0,0
112,103.125,9,0,0,0,0
112,104.6875,10,0,0,0,0
112,106.25,11,0,0,0,0
112,107.8125,12,0,0,0,0
112,109.375,13,0,0,0,0
112,110.9375,14,0,0,0,0
112,112.5,15,0,0,0,0
112,114.0625,0,0,0,0,0
112,115.625,1,0,0,0,0
112,117.1875,2,0,0,0,0
112,118.75,3,0,0,0,0
112,120.3125,4,0,0,0,0
112,121.875,5,0,0,0,0
112,123.4375,6,0,0,0,0
112,125.0,7,0,0,0,0
112,126.5625,8,0,0,0,0
112,128.125,9,0,0,0,0
112,129.6875,10,0,0,0,0
112,131.25,11,0,0,0,0
112,132.8125,12,0,0,0,0
112,134.375,13,0,0,0,0
112,135.9375,14,0,0,0,0
112,137.5,15,0,0,0,0
112,139.0625,0,0,0,0,0
112,140.625,1,0,0,0,0
112,142.1875,2,0,0,0,0
112,143.75,3,0,0,0,0
112,145.3125,4,0,0,0,0
112,146.875,5,0,0,0,0
112,148.4375,6,0,0,0,0
112,150.0,7,0,0,0,0
112,151.5625,8,0,0,0,0
112,153.125,9,0,0,0,0
112,154.6875,10,0,0,0,0
112,156.25,11,0,0,0,0
112,157.8125,12,0,0,0,0
112,159.375,13,0,0,0,0
112,160.9375,14,0,0,0,0
112,162.5,15,0,0,0,0
112,164.0625,0,0,0,0,0
112,165.625,1,0,0,0,0
112,167.1875,2,0,0,0,0
112,168.75,3,0,0,0,0
112,170.3125,4,0,0,0,0
112,171.875,5,0,0,0,0
112,173.4375,6,0,0,0,0
112,175.0,7,0,0,0,0
112,176.5625,8,0,0,0,0
112,178.125,9,0,0,0,0
112,179.6875,10,0,0,0,0
112,181.25,11,0,0,0,0
112,182.8125,12,0,0,0,0
112,184.375,13,0,0,0,0
112,185.9375,14,0,0,0,0
112,187.5,15,0,0,0,0
112,189.0625,0,0,0,0,0
112,190.625,1,0,0,0,0
112,192.1875,2,0,0,0,0
112,193.75,3,0,0,0,0
112,195.3125,4,0,0,0,0
112,196.875,5,0,0,0,0
112,198.4375,6,0,0,0,0
112,200.0,7,0,0,0,0
112,201.5625,8,0,0,0,0
112,203.125,9,0,0,0,0
112,204.6875,10,0,0,0,0
112,206.25,11,0,0,0,0
112,207.8125,12,0,0,0,0
112,209.375,13,0,0,0,0
112,210.9375,14,0,0,0,0
112,212.5,15,0,0,0,0
112,214.0625,0,0,0,0,0
112,215.625,1,0,0,0,0
112,217.1875,2,0,0,0,0
112,218.75,3,0,0,0,0
112,220.3125,4,0,0,0,0
112,221.875,5,0,0,0,0
112,223.4375,6,0,0,0,0
112,225.0,7,0,0,0,0
112,226.5625,8,0,0,0,0
112,228.125,9,0,0,0,0
112,229.6875,10,0,0,0,0
112,231.25,11,0,0,0,0
112,232.8125,12,0,0,0,0
112,234.375,13,0,0,0,0
112,235.9375,14,0,0,0,0
112,237.5,15,0,0,0,0
112,239.0625,0,0,0,0,0
112,240.625,1,0,0,0,0
112,242.1875,2,0,0,0,0
112,243.75,3,0,0,0,0
112,245.3125,4,0,0,0,0
112,246.875,5,0,0,0,0
112,248.4375,6,0,0,0,0
112,250.0,7,0,0,0,0
112,251.5625,8,0,0,0,0
112,253.125,9,0,0,0,0
112,254.6875,10,0,0,0,0
112,256.25,11,0,0,0,0
112,257.8125,12,0,0,0,0
112,259.375,13,0,0,0,0
112,260.9375,14,0,0,0,0
112,262.5,15,0,0,0,0
112,264.0625,0,0,0,0,0
112,265.625,1,0,0,0,0
112,267.1875,2,0,0,0,0
112,268.75,3,0,0,0,0
112,270.3125,4,0,0,0,0
112,271.875,5,0,0,0,0
112,273.4375,6,0,0,0,0
113,0.0,7,0,0,0,0
113,1.5625,8,0,0,0,0
113,3.125,9,0,0,0,0
113,4.6875,10,0,0,0,0
113,6.25,11,0,0,0,0
113,7.8125,12,0,0,0,0
113,9.375,13,0,0,0,0
113,10.9375,14,0,0,0,0
113,12.5,15,0,0,0,0
113,14.0625,0,0,0,0,0
113,15.625,1,0,0,0,0
113,17.1875,2,0,0,0,0
113,18.75,3,0,0,0,0
113,20.3125,4,0,0,0,0
113,21.875,5,0,0,0,0
113,23.4375,6,0,0,0,0
113,25.0,7,0,0,0,0
113,26.5625,8,0,0,0,0
113,28.125,9,0,0,0,0
113,29.6875,10,0,0,0,0
113,31.25,11,0,0,0,0
113,32.8125,12,0,0,0,0
113,34.375,13,0,0,0,0
113,35.9375,14,0,0,0,0
113,37.5,15,0,0,0,0
113,39.0625,0,0,0,0,0
113,40.625,1,0,0,0,0
113,42.1875,2,0,0,0,0
113,43.75,3,0,0,0,0
113,45.3125,4,0,0,0,0
113,46.875,5,0,0,0,0
113,48.4375,6,0,0,0,0
113,50.0,7,0,0,0,0
113,51.5625,8,0,0,0,0
113,53.125,9,0,0,0,0
113,54.6875,10,0,0,0,0
113,56.25,11,0,0,0,0
113,57.8125,12,0,0,0,0
113,59.375,13,0,0,0,0
113,60.9375,14,0,0,0,0
113,62.5,15,0,0,0,0
113,64.0625,0,0,0,0,0
113,65.625,1,0,0,0,0
113,67.1875,2,0,0,0,0
113,68.75,3,0,0,0,0
113,70.3125,4,0,0,0,0
113,71.875,5,0,0,0,0
113,73.4375,6,0,0,0,0
113,75.0,7,0,0,0,0
113,76.5625,8,0,0,0,0
113,78.125,9,0,0,0,0
113,79.6875,10,0,0,0,0
113,81.25,11,0,0,0,0
113,82.8125,12,0,0,0,0
113,84.375,13,0,0,0,0
113,85.9375,14,0,0,0,0
113,87.5,15,0,0,0,0
113,89.0625,0,0,0,0,0
113,90.625,1,0,0,0,0
113,92.1875,2,0,0,0,0
113,93.75,3,0,0,0,0
113,95.3125,4,0,0,0,0
113,96.875,5,0,0,0,0
113,98.4375,6,0,0,0,0
113,100.0,7,0,0,0,0
113,101.5625,8,0,0,0,0
113,103.125,9,0,0,0,0
113,104.6875,10,0,0,0,0
113,106.25,11,0,0,0,0
113,107.8125,12,0,0,0,0
113,109.375,13,0,0,0,0
113,110.9375,14,0,0,0,0
113,112.5,15,0,0,0,0
113,114.0625,0,0,0,0,0
113,115.625,1,0,0,0,0
113,117.1875,2,0,0,0,0
113,118.75,3,0,0,0,0
113,120.3125,4,0,0,0,0
113,121.875,5,0,0,0,0
113,123.4375,6,0,0,0,0
113,125.0,7,0,0,0,0
113,126.5625,8,0,0,0,0
113,128.125,9,0,0,0,0
113,129.6875,10,0,0,0,0
113,131.25,11,0,0,0,0
113,132.8125,12,0,0,0,0
113,134.375,13,0,0,0,0
113,135.9375,14,0,0,0,0
113,137.5,15,0,0,0,0
113,139.0625,0,0,0,0,0
113,140.625,1,0,0,0,0
113,142.1875,2,0,0,0,0
113,143.75,3,0,0,0,0
113,145.3125,4,0,0,0,0
113,146.875,5,0,0,0,0
113,148.4375,6,0,0,0,0
113,150.0,7,0,0,0,0
113,151.5625,8,0,0,0,0
113,153.125,9,0,0,0,0
113,154.6875,10,0,0,0,0
113,156.25,11,0,0,0,0
113,157.8125,12,0,0,0,0
113,159.375,13,0,0,0,0
113,160.9375,14,0,0,0,0
113,162.5,15,0,0,0,0
113,164.0625,0,0,0,0,0
113,165.625,1,0,0,0,0
113,167.1875,2,0,0,0,0
113,168.75,3,0,0,0,0
113,170.3125,4,0,0,0,0
113,171.875,5,0,0,0,0
113,173.4375,6,0,0,0,0
113,175.0,7,0,0,0,0
113,176.5625,8,0,0,0,0
113,178.125,9,0,0,0,0
113,179.6875,10,0,0,0,0
113,181.25,11,0,0,0,0
113,182.8125,12,0,0,0,0
113,184.375,13,0,0,0,0
113,185.9375,14,0,0,0,0
113,187.5,15,0,0,0,0
113,189.0625,0,0,0,0,0
113,190.625,1,0,0,0,0
113,192.1875,2,0,0,0,0
113,193.75,3,0,0,0,0
113,195.3125,4,0,0,0,0
113,196.875,5,0,0,0,0
113,198.4375,6,0,0,0,0
113,200.0,7,0,0,0,0
113,201.5625,8,0,0,0,0
113,203.125,9,0,0,0,0
113,204.6875,10,0,0,0,0
113,206.25,11,0,0,0,0
113,207.8125,12,0,0,0,0
113,209.375,13,0,0,0,0
113,210.9375,14,0,0,0,0
113,212.5,15,0,0,0,0
113,214.0625,0,0,0,0,0
113,215.625,1,0,0,0,0
113,217.1875,2,0,0,0,0
113,218.75,3,0,0,0,0
113,220.3125,4,0,0,0,0
113,221.875,5,0,0,0,0
113,223.4375,6,0,0,0,0
113,225.0,7,0,0,0,0
113,226.5625,8,0,0,0,0
113,228.125,9,0,0,0,0
113,229.6875,10,0,0,0,0
113,231.25,11,0,0,0,0
113,232.8125,12,0,0,0,0
113,234.375,13,0,0,0,0
113,235.9375,14,0,0,0,0
113,237.5,15,0,0,0,0
113,239.0625,0,0,0,0,0
113,240.625,1,0,0,0,0
113,242.1875,2,0,0,0,0
113,243.75,3,0,0,0,0
113,245.3125,4,0,0,0,0
113,246.875,5,0,0,0,0
113,248.4375,6,0,0,0,0
113,250.0,7,0,0,0,0
113,251.5625,8,0,0,0,0
113,253.125,9,0,0,0,0
113,254.6875,10,0,0,0,0
113,256.25,11,0,0,0,0
113,257.8125,12,0,0,0,0
113,259.375,13,0,0,0,0
113,260.9375,14,0,0,0,0
113,262.5,15,0,0,0,0
113,264.0625,0,0,0,0,0
113,265.625,1,0,0,0,0
113,267.1875,2,0,0,0,0
113,268.75,3,0,0,0,0
113,270.3125,4,0,0,0,0
113,271.875,5,0,0,0,0
113,273.4375,6,0,0,0,0
114,0.0,7,0,90,90,0
114,1.5625,8,0,90,90,0
114,3.125,9,0,89,89,0
114,4.6875,10,0,91,91,0
114,6.25,11,0,92,92,0
114,7.8125,12,0,91,91,0
114,9.375,13,0,91,91,0
114,10.9375,14,0,90,90,0
114,12.5,15,0,0,0,0
114,14.0625,0,0,92,92,0
114,15.625,1,0,91,91,0
114,17.1875,2,0,91,91,0
114,18.75,3,0,91,91,0
114,20.3125,4,0,91,91,0
114,21.875,5,0,89,89,0
114,23.4375,6,0,90,90,0
114,25.0,7,0,89,89,0
114,26.5625,8,0,89,89,0
114,28.125,9,0,89,89,0
114,29.6875,10,0,87,87,0
114,31.25,11,0,88,88,0
114,32.8125,12,0,87,87,0
114,34.375,13,0,86,86,0
114,35.9375,14,0,85,85,0
114,37.5,15,0,0,0,0
114,39.0625,0,0,84,84,0
114,40.625,1,0,85,85,0
114,42.1875,2,0,86,86,0
114,43.75,3,0,86,86,0
114,45.3125,4,0,87,87,0
114,46.875,5,0,86,86,0
114,48.4375,6,0,89,89,0
114,50.0,7,0,88,88,0
114,51.5625,8,0,87,87,0
114,53.125,9,0,89,89,0
114,54.6875,10,0,90,90,0
114,56.25,11,0,90,90,0
114,57.8125,12,0,90,90,0
114,59.375,13,0,90,90,0
114,60.9375,14,0,91,91,0
114,62.5,15,0,0,0,0
114,64.0625,0,0,93,93,0
114,65.625,1,0,92,92,0
114,67.1875,2,0,91,91,0
114,68.75,3,0,93,93,0
114,70.3125,4,0,93,93,0
114,71.875,5,0,93,93,0
114,73.4375,6,0,90,90,0
114,75.0,7,0,91,91,0
114,76.5625,8,0,92,92,0
114,78.125,9,0,91,91,0
114,79.6875,10,0,91,91,0
114,81.25,11,0,92,92,0
114,82.8125,12,0,93,93,0
114,84.375,13,0,93,93,0
114,85.9375,14,0,92,92,0
114,87.5,15,0,0,0,0
114,89.0625,0,0,92,92,0
114,90.625,1,0,92,92,0
114,92.1875,2,0,91,91,0
114,93.75,3,0,91,91,0
114,95.3125,4,0,91,91,0
114,96.875,5,0,91,91,0
114,98.4375,6,0,92,92,0
114,100.0,7,0,91,91,0
114,101.5625,8,0,91,91,0
114,103.125,9,0,89,89,0
114,104.6875,10,0,93,93,0
114,106.25,11,0,92,92,0
114,107.8125,12,0,93,93,0
114,109.375,13,0,91,91,0
114,110.9375,14,0,91,91,0
114,112.5,15,0,0,0,0
114,114.0625,0,0,91,91,0
114,115.625,1,0,90,90,0
114,117.1875,2,0,93,93,0
114,118.75,3,0,91,91,0
114,120.3125,4,0,90,90,0
114,121.875,5,0,90,90,0
114,123.4375,6,0,91,91,0
114,125.0,7,0,90,90,0
114,126.5625,8,0,92,92,0
114,128.125,9,0,90,90,0
114,129.6875,10,0,90,90,0
114,131.25,11,0,89,89,0
114,132.8125,12,0,90,90,0
114,134.375,13,0,91,91,0
114,135.9375,14,0,89,89,0
114,137.5,15,0,0,0,0
114,139.0625,0,0,90,90,0
114,140.625,1,0,91,91,0
114,142.1875,2,0,90,90,0
114,143.75,3,0,91,91,0
114,145.3125,4,0,91,91,0
114,146.875,5,0,90,90,0
114,148.4375,6,0,92,92,0
114,150.0,7,0,90,90,0
114,151.5625,8,0,90,90,0
114,153.125,9,0,88,88,0
114,154.6875,10,0,89,89,0
114,156.25,11,0,89,89,0
114,157.8125,12,0,90,90,0
114,159.375,13,0,92,92,0
114,160.9375,14,0,90,90,0
114,162.5,15,0,0,0,0
114,164.0625,0,0,91,91,0
114,165.625,1,0,91,91,0
114,167.1875,2,0,91,91,0
114,168.75,3,0,90,90,0
114,170.3125,4,0,90,90,0
114,171.875,5,0,90,90,0
114,173.4375,6,0,89,89,0
114,175.0,7,0,89,89,0
114,176.5625,8,0,90,90,0
114,178.125,9,0,89,89,0
114,179.6875,10,0,90,90,0
114,181.25,11,0,91,91,0
114,182.8125,12,0,91,91,0
114,184.375,13,0,90,90,0
114,185.9375,14,0,90,90,0
114,187.5,15,0,0,0,0
114,189.0625,0,0,92,92,0
114,190.625,1,0,90,90,0
114,192.1875,2,0,90,90,0
114,193.75,3,0,89,89,0
114,195.3125,4,0,91,91,0
114,196.875,5,0,90,90,0
114,198.4375,6,0,89,89,0
114,200.0,7,0,91,91,0
114,201.5625,8,0,91,91,0
114,203.125,9,0,90,90,0
114,204.6875,10,0,90,90,0
114,206.25,11,0,91,91,0
114,207.8125,12,0,89,89,0
114,209.375,13,0,90,90,0
114,210.9375,14,0,90,90,0
114,212.5,15,0,0,0,0
114,214.0625,0,0,91,91,0
114,215.625,1,0,90,90,0
114,217.1875,2,0,91,91,0
114,218.75,3,0,91,91,0
114,220.3125,4,0,90,90,0
114,221.875,5,0,88,88,0
114,223.4375,6,0,89,89,0
114,225.0,7,0,89,89,0
114,226.5625,8,0,91,91,0
114,228.125,9,0,90,90,0
114,229.6875,10,0,90,90,0
114,231.25,11,0,90,90,0
114,232.8125,12,0,91,91,0
114,234.375,13,0,89,89,0
114,235.9375,14,0,91,91,0
114,237.5,15,0,0,0,0
114,239.0625,0,0,91,91,0
114,240.625,1,0,90,90,0
114,242.1875,2,0,90,90,0
114,243.75,3,0,89,89,0
114,245.3125,4,0,91,91,0
114,246.875,5,0,90,90,0
114,248.4375,6,0,89,89,0
114,250.0,7,0,0,0,0
114,251.5625,8,0,0,0,0
114,253.125,9,0,0,0,0
114,254.6875,10,0,0,0,0
114,256.25,11,0,0,0,0
114,257.8125,12,0,0,0,0
114,259.375,13,0,0,0,0
114,260.9375,14,0,0,0,0
114,262.5,15,0,0,0,0
114,264.0625,0,0,0,0,0
114,265.625,1,0,0,0,0
114,267.1875,2,0,0,0,0
114,268.75,3,0,0,0,0
114,270.3125,4,0,0,0,0
114,271.875,5,0,0,0,0
114,273.4375,6,0,0,0,0
115,0.0,7,95,0,0,0
115,1.5625,8,95,0,0,0
115,3.125,9,94,0,0,0
115,4.6875,10,94,0,0,0
115,6.25,11,95,0,0,0
115,7.8125,12,97,0,0,0
115,9.375,13,95,0,0,0
115,10.9375,14,95,0,0,0
115,12.5,15,0,0,0,0
115,14.0625,0,95,0,0,0
115,15.625,1,97,0,0,0
115,17.1875,2,94,0,0,0
115,18.75,3,95,0,0,0
115,20.3125,4,95,0,0,0
115,21.875,5,98,0,0,0
115,23.4375,6,95,0,0,0
115,25.0,7,119,0,0,0
115,26.5625,8,153,0,0,0
115,28.125,9,227,0,0,0
115,29.6875,10,333,0,0,0
115,31.25,11,453,0,0,0
115,32.8125,12,582,0,0,0
115,34.375,13,707,0,0,0
115,35.9375,14,833,0,0,0
115,37.5,15,0,0,0,0
115,39.0625,0,1023,0,0,0
115,40.625,1,1023,0,0,0
115,42.1875,2,1023,0,0,0
115,43.75,3,1023,0,0,0
115,45.3125,4,1023,0,0,0
115,46.875,5,1023,0,0,0
115,48.4375,6,102,0,0,0
115,50.0,7,1023,0,0,0
115,51.5625,8,1023,0,0,0
115,53.125,9,1023,0,0,0
115,54.6875,10,1023,0,0,0
115,56.25,11,1023,0,0,0
115,57.8125,12,1023,0,0,0
115,59.375,13,1014,0,0,0
115,60.9375,14,898,0,0,0
115,62.5,15,0,0,0,0
115,64.0625,0,677,0,0,0
115,65.625,1,586,0,0,0
115,67.1875,2,513,0,0,0
115,68.75,3,474,0,0,0
115,70.3125,4,450,0,0,0
115,71.875,5,431,0,0,0
115,73.4375,6,1023,0,0,0
115,75.0,7,396,0,0,0
115,76.5625,8,381,0,0,0
115,78.125,9,365,0,0,0
115,79.6875,10,349,0,0,0
115,81.25,11,335,0,0,0
115,82.8125,12,325,0,0,0
115,84.375,13,311,0,0,0
115,85.9375,14,298,0,0,0
115,87.5,15,0,0,0,0
115,89.0625,0,277,0,0,0
115,90.625,1,267,0,0,0
115,92.1875,2,255,0,0,0
115,93.75,3,250,0,0,0
115,95.3125,4,244,0,0,0
115,96.875,5,236,0,0,0
115,98.4375,6,414,0,0,0
115,100.0,7,223,0,0,0
115,101.5625,8,217,0,0,0
115,103.125,9,213,0,0,0
115,104.6875,10,208,0,0,0
115,106.25,11,205,0,0,0
115,107.8125,12,201,0,0,0
115,109.375,13,197,0,0,0
115,110.9375,14,195,0,0,0
115,112.5,15,0,0,0,0
115,114.0625,0,187,0,0,0
115,115.625,1,186,0,0,0
115,117.1875,2,184,0,0,0
115,118.75,3,181,0,0,0
115,120.3125,4,178,0,0,0
115,121.875,5,176,0,0,0
115,123.4375,6,228,0,0,0
115,125.0,7,173,0,0,0
115,126.5625,8,168,0,0,0
115,128.125,9,169,0,0,0
115,129.6875,10,165,0,0,0
115,131.25,11,164,0,0,0
115,132.8125,12,164,0,0,0
115,134.375,13,159,0,0,0
115,135.9375,14,160,0,0,0
115,137.5,15,0,0,0,0
115,139.0625,0,157,0,0,0
115,140.625,1,155,0,0,0
115,142.1875,2,152,0,0,0
115,143.75,3,153,0,0,0
115,145.3125,4,154,0,0,0
115,146.875,5,153,0,0,0
115,148.4375,6,174,0,0,0
115,150.0,7,150,0,0,0
115,151.5625,8,147,0,0,0
115,153.125,9,149,0,0,0
115,154.6875,10,145,0,0,0
115,156.25,11,145,0,0,0
115,157.8125,12,144,0,0,0
115,159.375,13,143,0,0,0
115,160.9375,14,144,0,0,0
115,162.5,15,0,0,0,0
115,164.0625,0,142,0,0,0
115,165.625,1,141,0,0,0
115,167.1875,2,138,0,0,0
115,168.75,3,138,0,0,0
115,170.3125,4,138,0,0,0
115,171.875,5,138,0,0,0
115,173.4375,6,150,0,0,0
115,175.0,7,136,0,0,0
115,176.5625,8,134,0,0,0
115,178.125,9,134,0,0,0
115,179.6875,10,133,0,0,0
115,181.25,11,132,0,0,0
115,182.8125,12,133,0,0,0
115,184.375,13,130,0,0,0
115,185.9375,14,129,0,0,0
115,187.5,15,0,0,0,0
115,189.0625,0,129,0,0,0
115,190.625,1,129,0,0,0
115,192.1875,2,128,0,0,0
115,193.75,3,128,0,0,0
115,195.3125,4,127,0,0,0
115,196.875,5,128,0,0,0
115,198.4375,6,136,0,0,0
115,200.0,7,127,0,0,0
115,201.5625,8,124,0,0,0
115,203.125,9,125,0,0,0
115,204.6875,10,123,0,0,0
115,206.25,11,125,0,0,0
115,207.8125,12,125,0,0,0
115,209.375,13,123,0,0,0
115,210.9375,14,122,0,0,0
115,212.5,15,0,0,0,0
115,214.0625,0,124,0,0,0
115,215.625,1,121,0,0,0
115,217.1875,2,120,0,0,0
115,218.75,3,122,0,0,0
115,220.3125,4,119,0,0,0
115,221.875,5,120,0,0,0
115,223.4375,6,127,0,0,0
115,225.0,7,120,0,0,0
115,226.5625,8,117,0,0,0
115,228.125,9,117,0,0,0
115,229.6875,10,117,0,0,0
115,231.25,11,118,0,0,0
115,232.8125,12,117,0,0,0
115,234.375,13,117,0,0,0
115,235.9375,14,118,0,0,0
115,237.5,15,0,0,0,0
115,239.0625,0,116,0,0,0
115,240.625,1,116,0,0,0
115,242.1875,2,113,0,0,0
115,243.75,3,116,0,0,0
115,245.3125,4,113,0,0,0
115,246.875,5,113,0,0,0
115,248.4375,6,120,0,0,0
115,250.0,7,0,0,0,0
115,251.5625,8,0,0,0,0
115,253.125,9,0,0,0,0
115,254.6875,10,0,0,0,0
115,256.25,11,0,0,0,0
115,257.8125,12,0,0,0,0
115,259.375,13,0,0,0,0
115,260.9375,14,0,0,0,0
115,262.5,15,0,0,0,0
115,264.0625,0,0,0,0,0
115,265.625,1,0,0,0,0
115,267.1875,2,0,0,0,0
115,268.75,3,0,0,0,0
115,270.3125,4,0,0,0,0
115,271.875,5,0,0,0,0
115,273.4375,6,0,0,0,0
116,0.0,7,92,0,0,0
116,1.5625,8,92,0,0,0
116,3.125,9,91,0,0,0
116,4.6875,10,91,0,0,0
116,6.25,11,91,0,0,0
116,7.8125,12,90,0,0,0
116,9.375,13,89,0,0,0
116,10.9375,14,90,0,0,0
116,12.5,15,0,0,0,0
116,14.0625,0,89,0,0,0
116,15.625,1,91,0,0,0
116,17.1875,2,91,0,0,0
116,18.75,3,93,0,0,0
116,20.3125,4,89,0,0,0
116,21.875,5,91,0,0,0
116,23.4375,6,90,0,0,0
116,25.0,7,115,0,0,0
116,26.5625,8,151,0,0,0
116,28.125,9,229,0,0,0
116,29.6875,10,336,0,0,0
116,31.25,11,460,0,0,0
116,32.8125,12,590,0,0,0
116,34.375,13,721,0,0,0
116,35.9375,14,848,0,0,0
116,37.5,15,0,0,0,0
116,39.0625,0,1023,0,0,0
116,40.625,1,1023,0,0,0
116,42.1875,2,1023,0,0,0
116,43.75,3,1023,0,0,0
116,45.3125,4,1023,0,0,0
116,46.875,5,1023,0,0,0
116,48.4375,6,100,0,0,0
116,50.0,7,1023,0,0,0
116,51.5625,8,1023,0,0,0
116,53.125,9,1023,0,0,0
116,54.6875,10,1023,0,0,0
116,56.25,11,1023,0,0,0
116,57.8125,12,1023,0,0,0
116,59.375,13,1023,0,0,0
116,60.9375,14,944,0,0,0
116,62.5,15,0,0,0,0
116,64.0625,0,740,0,0,0
116,65.625,1,627,0,0,0
116,67.1875,2,548,0,0,0
116,68.75,3,480,0,0,0
116,70.3125,4,445,0,0,0
116,71.875,5,426,0,0,0
116,73.4375,6,1023,0,0,0
116,75.0,7,394,0,0,0
116,76.5625,8,379,0,0,0
116,78.125,9,364,0,0,0
116,79.6875,10,348,0,0,0
116,81.25,11,336,0,0,0
116,82.8125,12,322,0,0,0
116,84.375,13,309,0,0,0
116,85.9375,14,299,0,0,0
116,87.5,15,0,0,0,0
116,89.0625,0,277,0,0,0
116,90.625,1,263,0,0,0
116,92.1875,2,254,0,0,0
116,93.75,3,248,0,0,0
116,95.3125,4,240,0,0,0
116,96.875,5,232,0,0,0
116,98.4375,6,408,0,0,0
116,100.0,7,218,0,0,0
116,101.5625,8,216,0,0,0
116,103.125,9,210,0,0,0
116,104.6875,10,206,0,0,0
116,106.25,11,202,0,0,0
116,107.8125,12,198,0,0,0
116,109.375,13,194,0,0,0
116,110.9375,14,191,0,0,0
116,112.5,15,0,0,0,0
116,114.0625,0,184,0,0,0
116,115.625,1,182,0,0,0
116,117.1875,2,178,0,0,0
116,118.75,3,178,0,0,0
116,120.3125,4,175,0,0,0
116,121.875,5,173,0,0,0
116,123.4375,6,226,0,0,0
116,125.0,7,166,0,0,0
116,126.5625,8,168,0,0,0
116,128.125,9,164,0,0,0
116,129.6875,10,162,0,0,0
116,131.25,11,161,0,0,0
116,132.8125,12,161,0,0,0
116,134.375,13,158,0,0,0
116,135.9375,14,156,0,0,0
116,137.5,15,0,0,0,0
116,139.0625,0,153,0,0,0
116,140.625,1,149,0,0,0
116,142.1875,2,149,0,0,0
116,143.75,3,152,0,0,0
116,145.3125,4,146,0,0,0
116,146.875,5,146,0,0,0
116,148.4375,6,170,0,0,0
116,150.0,7,144,0,0,0
116,151.5625,8,144,0,0,0
116,153.125,9,141,0,0,0
116,154.6875,10,142,0,0,0
116,156.25,11,142,0,0,0
116,157.8125,12,142,0,0,0
116,159.375,13,138,0,0,0
116,160.9375,14,140,0,0,0
116,162.5,15,0,0,0,0
116,164.0625,0,137,0,0,0
116,165.625,1,135,0,0,0
116,167.1875,2,135,0,0,0
116,168.75,3,136,0,0,0
116,170.3125,4,133,0,0,0
116,171.875,5,133,0,0,0
116,173.4375,6,146,0,0,0
116,175.0,7,131,0,0,0
116,176.5625,8,132,0,0,0
116,178.125,9,131,0,0,0
116,179.6875,10,132,0,0,0
116,181.25,11,128,0,0,0
116,182.8125,12,129,0,0,0
116,184.375,13,127,0,0,0
116,185.9375,14,127,0,0,0
116,187.5,15,0,0,0,0
116,189.0625,0,125,0,0,0
116,190.625,1,125,0,0,0
116,192.1875,2,124,0,0,0
116,193.75,3,125,0,0,0
116,195.3125,4,124,0,0,0
116,196.875,5,122,0,0,0
116,198.4375,6,133,0,0,0
116,200.0,7,123,0,0,0
116,201.5625,8,122,0,0,0
116,203.125,9,121,0,0,0
116,204.6875,10,123,0,0,0
116,206.25,11,121,0,0,0
116,207.8125,12,118,0,0,0
116,209.375,13,120,0,0,0
116,210.9375,14,0,0,0,0
116,212.5,15,0,0,0,0
116,214.0625,0,117,0,0,0
116,215.625,1,117,0,0,0
116,217.1875,2,118,0,0,0
116,218.75,3,118,0,0,0
116,220.3125,4,114,0,0,0
116,221.875,5,116,0,0,0
116,223.4375,6,124,0,0,0
116,225.0,7,114,0,0,0
116,226.5625,8,116,0,0,0
116,228.125,9,115,0,0,0
116,229.6875,10,114,0,0,0
116,231.25,11,112,0,0,0
116,232.8125,12,113,0,0,0
116,234.375,13,112,0,0,0
116,235.9375,14,111,0,0,0
116,237.5,15,0,0,0,0
116,239.0625,0,112,0,0,0
116,240.625,1,111,0,0,0
116,242.1875,2,112,0,0,0
116,243.75,3,113,0,0,0
116,245.3125,4,109,0,0,0
116,246.875,5,110,0,0,0
116,248.4375,6,114,0,0,0
116,250.0,7,0,0,0,0
116,251.5625,8,0,0,0,0
116,253.125,9,0,0,0,0
116,254.6875,10,0,0,0,0
116,256.25,11,0,0,0,0
116,257.8125,12,0,0,0,0
116,259.375,13,0,0,0,0
116,260.9375,14,0,0,0,0
116,262.5,15,0,0,0,0
116,264.0625,0,0,0,0,0
116,265.625,1,0,0,0,0
116,267.1875,2,0,0,0,0
116,268.75,3,0,0,0,0
116,270.3125,4,0,0,0,0
116,271.875,5,0,0,0,0
116,273.4375,6,0,0,0,0
117,0.0,7,100,0,0,0
117,1.5625,8,103,0,0,0
117,3.125,9,98,0,0,0
117,4.6875,10,100,0,0,0
117,6.25,11,98,0,0,0
117,7.8125,12,100,0,0,0
117,9.375,13,100,0,0,0
117,10.9375,14,100,0,0,0
117,12.5,15,0,0,0,0
117,14.0625,0,100,0,0,0
117,15.625,1,101,0,0,0
117,17.1875,2,101,0,0,0
117,18.75,3,101,0,0,0
117,20.3125,4,101,0,0,0
117,21.875,5,101,0,0,0
117,23.4375,6,100,0,0,0
117,25.0,7,124,0,0,0
117,26.5625,8,161,0,0,0
117,28.125,9,239,0,0,0
117,29.6875,10,349,0,0,0
117,31.25,11,475,0,0,0
117,32.8125,12,608,0,0,0
117,34.375,13,740,0,0,0
117,35.9375,14,865,0,0,0
117,37.5,15,0,0,0,0
117,39.0625,0,1023,0,0,0
117,40.625,1,1023,0,0,0
117,42.1875,2,1023,0,0,0
117,43.75,3,1023,0,0,0
117,45.3125,4,1023,0,0,0
117,46.875,5,1023,0,0,0
117,48.4375,6,107,0,0,0
117,50.0,7,1023,0,0,0
117,51.5625,8,1023,0,0,0
117,53.125,9,1023,0,0,0
117,54.6875,10,1023,0,0,0
117,56.25,11,1023,0,0,0
117,57.8125,12,1023,0,0,0
117,59.375,13,1023,0,0,0
117,60.9375,14,1011,0,0,0
117,62.5,15,0,0,0,0
117,64.0625,0,816,0,0,0
117,65.625,1,720,0,0,0
117,67.1875,2,625,0,0,0
117,68.75,3,554,0,0,0
117,70.3125,4,483,0,0,0
117,71.875,5,443,0,0,0
117,73.4375,6,1023,0,0,0
117,75.0,7,409,0,0,0
117,76.5625,8,394,0,0,0
117,78.125,9,383,0,0,0
117,79.6875,10,367,0,0,0
117,81.25,11,351,0,0,0
117,82.8125,12,338,0,0,0
117,84.375,13,325,0,0,0
117,85.9375,14,314,0,0,0
117,87.5,15,0,0,0,0
117,89.0625,0,293,0,0,0
117,90.625,1,284,0,0,0
117,92.1875,2,272,0,0,0
117,93.75,3,265,0,0,0
117,95.3125,4,255,0,0,0
117,96.875,5,249,0,0,0
117,98.4375,6,423,0,0,0
117,100.0,7,235,0,0,0
117,101.5625,8,232,0,0,0
117,103.125,9,226,0,0,0
117,104.6875,10,221,0,0,0
117,106.25,11,215,0,0,0
117,107.8125,12,213,0,0,0
117,109.375,13,208,0,0,0
117,110.9375,14,203,0,0,0
117,112.5,15,0,0,0,0
117,114.0625,0,198,0,0,0
117,115.625,1,195,0,0,0
117,117.1875,2,192,0,0,0
117,118.75,3,191,0,0,0
117,120.3125,4,188,0,0,0
117,121.875,5,185,0,0,0
117,123.4375,6,242,0,0,0
117,125.0,7,180,0,0,0
117,126.5625,8,181,0,0,0
117,128.125,9,177,0,0,0
117,129.6875,10,175,0,0,0
117,131.25,11,172,0,0,0
117,132.8125,12,172,0,0,0
117,134.375,13,170,0,0,0
117,135.9375,14,169,0,0,0
117,137.5,15,0,0,0,0
117,139.0625,0,165,0,0,0
117,140.625,1,165,0,0,0
117,142.1875,2,164,0,0,0
117,143.75,3,160,0,0,0
117,145.3125,4,161,0,0,0
117,146.875,5,158,0,0,0
117,148.4375,6,184,0,0,0
117,150.0,7,157,0,0,0
117,151.5625,8,157,0,0,0
117,153.125,9,154,0,0,0
117,154.6875,10,154,0,0,0
117,156.25,11,154,0,0,0
117,157.8125,12,150,0,0,0
117,159.375,13,150,0,0,0
117,160.9375,14,148,0,0,0
117,162.5,15,0,0,0,0
117,164.0625,0,149,0,0,0
117,165.625,1,148,0,0,0
117,167.1875,2,148,0,0,0
117,168.75,3,145,0,0,0
117,170.3125,4,146,0,0,0
117,171.875,5,0,0,0,0
117,173.4375,6,158,0,0,0
117,175.0,7,142,0,0,0
117,176.5625,8,144,0,0,0
117,178.125,9,141,0,0,0
117,179.6875,10,141,0,0,0
117,181.25,11,140,0,0,0
117,182.8125,12,138,0,0,0
117,184.375,13,137,0,0,0
117,185.9375,14,136,0,0,0
117,187.5,15,0,0,0,0
117,189.0625,0,136,0,0,0
117,190.625,1,136,0,0,0
117,192.1875,2,136,0,0,0
117,193.75,3,133,0,0,0
117,195.3125,4,136,0,0,0
117,196.875,5,133,0,0,0
117,198.4375,6,143,0,0,0
117,200.0,7,133,0,0,0
117,201.5625,8,132,0,0,0
117,203.125,9,131,0,0,0
117,204.6875,10,132,0,0,0
117,206.25,11,129,0,0,0
117,207.8125,12,129,0,0,0
117,209.375,13,127,0,0,0
117,210.9375,14,127,0,0,0
117,212.5,15,0,0,0,0
117,214.0625,0,126,0,0,0
117,215.625,1,128,0,0,0
117,217.1875,2,129,0,0,0
117,218.75,3,125,0,0,0
117,220.3125,4,126,0,0,0
117,221.875,5,126,0,0,0
117,223.4375,6,133,0,0,0
117,225.0,7,124,0,0,0
117,226.5625,8,124,0,0,0
117,228.125,9,124,0,0,0
117,229.6875,10,124,0,0,0
117,231.25,11,123,0,0,0
117,232.8125,12,124,0,0,0
117,234.375,13,121,0,0,0
117,235.9375,14,121,0,0,0
117,237.5,15,0,0,0,0
117,239.0625,0,122,0,0,0
117,240.625,1,121,0,0,0
117,242.1875,2,120,0,0,0
117,243.75,3,120,0,0,0
117,245.3125,4,120,0,0,0
117,246.875,5,120,0,0,0
117,248.4375,6,125,0,0,0
117,250.0,7,0,0,0,0
117,251.5625,8,0,0,0,0
117,253.125,9,0,0,0,0
117,254.6875,10,0,0,0,0
117,256.25,11,0,0,0,0
117,257.8125,12,0,0,0,0
117,259.375,13,0,0,0,0
117,260.9375,14,0,0,0,0
117,262.5,15,0,0,0,0
117,264.0625,0,0,0,0,0
117,265.625,1,0,0,0,0
117,267.1875,2,0,0,0,0
117,268.75,3,0,0,0,0
117,270.3125,4,0,0,0,0
117,271.875,5,0,0,0,0
117,273.4375,6,0,0,0,0
118,0.0,7,99,0,0,0
118,1.5625,8,99,0,0,0
118,3.125,9,101,0,0,0
118,4.6875,10,101,0,0,0
118,6.25,11,102,0,0,0
118,7.8125,12,101,0,0,0
118,9.375,13,100,0,0,0
118,10.9375,14,100,0,0,0
118,12.5,15,0,0,0,0
118,14.0625,0,101,0,0,0
118,15.625,1,101,0,0,0
118,17.1875,2,101,0,0,0
118,18.75,3,101,0,0,0
118,20.3125,4,101,0,0,0
118,21.875,5,104,0,0,0
118,23.4375,6,100,0,0,0
118,25.0,7,124,0,0,0
118,26.5625,8,160,0,0,0
118,28.125,9,236,0,0,0
118,29.6875,10,349,0,0,0
118,31.25,11,477,0,0,0
118,32.8125,12,608,0,0,0
118,34.375,13,743,0,0,0
118,35.9375,14,872,0,0,0
118,37.5,15,0,0,0,0
118,39.0625,0,1023,0,0,0
118,40.625,1,1023,0,0,0
118,42.1875,2,1023,0,0,0
118,43.75,3,1023,0,0,0
118,45.3125,4,1023,0,0,0
118,46.875,5,1023,0,0,0
118,48.4375,6,109,0,0,0
118,50.0,7,1023,0,0,0
118,51.5625,8,1023,0,0,0
118,53.125,9,1023,0,0,0
118,54.6875,10,1023,0,0,0
118,56.25,11,1023,0,0,0
118,57.8125,12,1023,0,0,0
118,59.375,13,1023,0,0,0
118,60.9375,14,973,0,0,0
118,62.5,15,0,0,0,0
118,64.0625,0,831,0,0,0
118,65.625,1,729,0,0,0
118,67.1875,2,654,0,0,0
118,68.75,3,571,0,0,0
118,70.3125,4,488,0,0,0
118,71.875,5,440,0,0,0
118,73.4375,6,1023,0,0,0
118,75.0,7,395,0,0,0
118,76.5625,8,382,0,0,0
118,78.125,9,369,0,0,0
118,79.6875,10,358,0,0,0
118,81.25,11,346,0,0,0
118,82.8125,12,331,0,0,0
118,84.375,13,318,0,0,0
118,85.9375,14,306,0,0,0
118,87.5,15,0,0,0,0
118,89.0625,0,288,0,0,0
118,90.625,1,273,0,0,0
118,92.1875,2,267,0,0,0
118,93.75,3,255,0,0,0
118,95.3125,4,250,0,0,0
118,96.875,5,244,0,0,0
118,98.4375,6,412,0,0,0
118,100.0,7,230,0,0,0
118,101.5625,8,223,0,0,0
118,103.125,9,221,0,0,0
118,104.6875,10,217,0,0,0
118,106.25,11,210,0,0,0
118,107.8125,12,208,0,0,0
118,109.375,13,203,0,0,0
118,110.9375,14,200,0,0,0
118,112.5,15,0,0,0,0
118,114.0625,0,193,0,0,0
118,115.625,1,191,0,0,0
118,117.1875,2,189,0,0,0
118,118.75,3,186,0,0,0
118,120.3125,4,183,0,0,0
118,121.875,5,182,0,0,0
118,123.4375,6,237,0,0,0
118,125.0,7,177,0,0,0
118,126.5625,8,174,0,0,0
118,128.125,9,175,0,0,0
118,129.6875,10,173,0,0,0
118,131.25,11,172,0,0,0
118,132.8125,12,168,0,0,0
118,134.375,13,166,0,0,0
118,135.9375,14,165,0,0,0
118,137.5,15,0,0,0,0
118,139.0625,0,164,0,0,0
118,140.625,1,160,0,0,0
118,142.1875,2,158,0,0,0
118,143.75,3,161,0,0,0
118,145.3125,4,157,0,0,0
118,146.875,5,156,0,0,0
118,148.4375,6,181,0,0,0
118,150.0,7,155,0,0,0
118,151.5625,8,152,0,0,0
118,153.125,9,153,0,0,0
118,154.6875,10,153,0,0,0
118,156.25,11,152,0,0,0
118,157.8125,12,150,0,0,0
118,159.375,13,149,0,0,0
118,160.9375,14,148,0,0,0
118,162.5,15,0,0,0,0
118,164.0625,0,145,0,0,0
118,165.625,1,144,0,0,0
118,167.1875,2,144,0,0,0
118,168.75,3,144,0,0,0
118,170.3125,4,142,0,0,0
118,171.875,5,144,0,0,0
118,173.4375,6,157,0,0,0
118,175.0,7,140,0,0,0
118,176.5625,8,141,0,0,0
118,178.125,9,140,0,0,0
118,179.6875,10,137,0,0,0
118,181.25,11,140,0,0,0
118,182.8125,12,137,0,0,0
118,184.375,13,136,0,0,0
118,185.9375,14,137,0,0,0
118,187.5,15,0,0,0,0
118,189.0625,0,136,0,0,0
118,190.625,1,132,0,0,0
118,192.1875,2,135,0,0,0
118,193.75,3,133,0,0,0
118,195.3125,4,133,0,0,0
118,196.875,5,132,0,0,0
118,198.4375,6,142,0,0,0
118,200.0,7,132,0,0,0
118,201.5625,8,129,0,0,0
118,203.125,9,128,0,0,0
118,204.6875,10,129,0,0,0
118,206.25,11,130,0,0,0
118,207.8125,12,129,0,0,0
118,209.375,13,127,0,0,0
118,210.9375,14,126,0,0,0
118,212.5,15,0,0,0,0
118,214.0625,0,127,0,0,0
118,215.625,1,126,0,0,0
118,217.1875,2,125,0,0,0
118,218.75,3,125,0,0,0
118,220.3125,4,125,0,0,0
118,221.875,5,125,0,0,0
118,223.4375,6,132,0,0,0
118,225.0,7,125,0,0,0
118,226.5625,8,124,0,0,0
118,228.125,9,123,0,0,0
118,229.6875,10,124,0,0,0
118,231.25,11,124,0,0,0
118,232.8125,12,123,0,0,0
118,234.375,13,120,0,0,0
118,235.9375,14,121,0,0,0
118,237.5,15,0,0,0,0
118,239.0625,0,120,0,0,0
118,240.625,1,119,0,0,0
118,242.1875,2,120,0,0,0
118,243.75,3,118,0,0,0
118,245.3125,4,118,0,0,0
118,246.875,5,120,0,0,0
118,248.4375,6,125,0,0,0
118,250.0,7,0,0,0,0
118,251.5625,8,0,0,0,0
118,253.125,9,0,0,0,0
118,254.6875,10,0,0,0,0
118,256.25,11,0,0,0,0
118,257.8125,12,0,0,0,0
118,259.375,13,0,0,0,0
118,260.9375,14,0,0,0,0
118,262.5,15,0,0,0,0
118,264.0625,0,0,0,0,0
118,265.625,1,0,0,0,0
118,267.1875,2,0,0,0,0
118,268.75,3,0,0,0,0
118,270.3125,4,0,0,0,0
118,271.875,5,0,0,0,0
118,273.4375,6,0,0,0,0
119,0.0,7,0,0,0,0
119,1.5625,8,0,0,0,0
119,3.125,9,0,0,0,0
119,4.6875,10,0,0,0,0
119,6.25,11,0,0,0,0
119,7.8125,12,0,0,0,0
119,9.375,13,0,0,0,0
119,10.9375,14,0,0,0,0
119,12.5,15,0,0,0,0
119,14.0625,0,0,0,0,0
119,15.625,1,0,0,0,0
119,17.1875,2,0,0,0,0
119,18.75,3,0,0,0,0
119,20.3125,4,0,0,0,0
119,21.875,5,0,0,0,0
119,23.4375,6,0,0,0,0
119,25.0,7,0,0,0,0
119,26.5625,8,0,0,0,0
119,28.125,9,0,0,0,0
119,29.6875,10,0,0,0,0
119,31.25,11,0,0,0,0
119,32.8125,12,0,0,0,0
119,34.375,13,0,0,0,0
119,35.9375,14,0,0,0,0
119,37.5,15,0,0,0,0
119,39.0625,0,0,0,0,0
119,40.625,1,0,0,0,0
119,42.1875,2,0,0,0,0
119,43.75,3,0,0,0,0
119,45.3125,4,0,0,0,0
119,46.875,5,0,0,0,0
119,48.4375,6,0,0,0,0
119,50.0,7,0,0,0,0
119,51.5625,8,0,0,0,0
119,53.125,9,0,0,0,0
119,54.6875,10,0,0,0,0
119,56.25,11,0,0,0,0
119,57.8125,12,0,0,0,0
119,59.375,13,0,0,0,0
119,60.9375,14,0,0,0,0
119,62.5,15,0,0,0,0
119,64.0625,0,0,0,0,0
119,65.625,1,0,0,0,0
119,67.1875,2,0,0,0,0
119,68.75,3,0,0,0,0
119,70.3125,4,0,0,0,0
119,71.875,5,0,0,0,0
119,73.4375,6,0,0,0,0
119,75.0,7,0,0,0,0
119,76.5625,8,0,0,0,0
119,78.125,9,0,0,0,0
119,79.6875,10,0,0,0,0
119,81.25,11,0,0,0,0
119,82.8125,12,0,0,0,0
119,84.375,13,0,0,0,0
119,85.9375,14,0,0,0,0
119,87.5,15,0,0,0,0
119,89.0625,0,0,0,0,0
119,90.625,1,0,0,0,0
119,92.1875,2,0,0,0,0
119,93.75,3,0,0,0,0
119,95.3125,4,0,0,0,0
119,96.875,5,0,0,0,0
119,98.4375,6,0,0,0,0
119,100.0,7,0,0,0,0
119,101.5625,8,0,0,0,0
119,103.125,9,0,0,0,0
119,104.6875,10,0,0,0,0
119,106.25,11,0,0,0,0
119,107.8125,12,0,0,0,0
119,109.375,13,0,0,0,0
119,110.9375,14,0,0,0,0
119,112.5,15,0,0,0,0
119,114.0625,0,0,0,0,0
119,115.625,1,0,0,0,0
119,117.1875,2,0,0,0,0
119,118.75,3,0,0,0,0
119,120.3125,4,0,0,0,0
119,121.875,5,0,0,0,0
119,123.4375,6,0,0,0,0
119,125.0,7,0,0,0,0
119,126.5625,8,0,0,0,0
119,128.125,9,0,0,0,0
119,129.6875,10,0,0,0,0
119,131.25,11,0,0,0,0
119,132.8125,12,0,0,0,0
119,134.375,13,0,0,0,0
119,135.9375,14,0,0,0,0
119,137.5,15,0,0,0,0
119,139.0625,0,0,0,0,0
119,140.625,1,0,0,0,0
119,142.1875,2,0,0,0,0
119,143.75,3,0,0,0,0
119,145.3125,4,0,0,0,0
119,146.875,5,0,0,0,0
119,148.4375,6,0,0,0,0
119,150.0,7,0,0,0,0
119,151.5625,8,0,0,0,0
119,153.125,9,0,0,0,0
119,154.6875,10,0,0,0,0
119,156.25,11,0,0,0,0
119,157.8125,12,0,0,0,0
119,159.375,13,0,0,0,0
119,160.9375,14,0,0,0,0
119,162.5,15,0,0,0,0
119,164.0625,0,0,0,0,0
119,165.625,1,0,0,0,0
119,167.1875,2,0,0,0,0
119,168.75,3,0,0,0,0
119,170.3125,4,0,0,0,0
119,171.875,5,0,0,0,0
119,173.4375,6,0,0,0,0
119,175.0,7,0,0,0,0
119,176.5625,8,0,0,0,0
119,178.125,9,0,0,0,0
119,179.6875,10,0,0,0,0
119,181.25,11,0,0,0,0
119,182.8125,12,0,0,0,0
119,184.375,13,0,0,0,0
119,185.9375,14,0,0,0,0
119,187.5,15,0,0,0,0
119,189.0625,0,0,0,0,0
119,190.625,1,0,0,0,0
119,192.1875,2,0,0,0,0
119,193.75,3,0,0,0,0
119,195.3125,4,0,0,0,0
119,196.875,5,0,0,0,0
119,198.4375,6,0,0,0,0
119,200.0,7,0,0,0,0
119,201.5625,8,0,0,0,0
119,203.125,9,0,0,0,0
119,204.6875,10,0,0,0,0
119,206.25,11,0,0,0,0
119,207.8125,12,0,0,0,0
119,209.375,13,0,0,0,0
119,210.9375,14,0,0,0,0
119,212.5,15,0,0,0,0
119,214.0625,0,0,0,0,0
119,215.625,1,0,0,0,0
119,217.1875,2,0,0,0,0
119,218.75,3,0,0,0,0
119,220.3125,4,0,0,0,0
119,221.875,5,0,0,0,0
119,223.4375,6,0,0,0,0
119,225.0,7,0,0,0,0
119,226.5625,8,0,0,0,0
119,228.125,9,0,0,0,0
119,229.6875,10,0,0,0,0
119,231.25,11,0,0,0,0
119,232.8125,12,0,0,0,0
119,234.375,13,0,0,0,0
119,235.9375,14,0,0,0,0
119,237.5,15,0,0,0,0
119,239.0625,0,0,0,0,0
119,240.625,1,0,0,0,0
119,242.1875,2,0,0,0,0
119,243.75,3,0,0,0,0
119,245.3125,4,0,0,0,0
119,246.875,5,0,0,0,0
119,248.4375,6,0,0,0,0
119,250.0,7,0,0,0,0
119,251.5625,8,0,0,0,0
119,253.125,9,0,0,0,0
119,254.6875,10,0,0,0,0
119,256.25,11,0,0,0,0
119,257.8125,12,0,0,0,0
119,259.375,13,0,0,0,0
119,260.9375,14,0,0,0,0
119,262.5,15,0,0,0,0
119,264.0625,0,0,0,0,0
119,265.625,1,0,0,0,0
119,267.1875,2,0,0,0,0
119,268.75,3,0,0,0,0
119,270.3125,4,0,0,0,0
119,271.875,5,0,0,0,0
119,273.4375,6,0,0,0,0
120,0.0,7,0,0,0,0
120,1.5625,8,0,0,0,0
120,3.125,9,0,0,0,0
120,4.6875,10,0,0,0,0
120,6.25,11,0,0,0,0
120,7.8125,12,0,0,0,0
120,9.375,13,0,0,0,0
120,10.9375,14,0,0,0,0
120,12.5,15,0,0,0,0
120,14.0625,0,0,0,0,0
120,15.625,1,0,0,0,0
120,17.1875,2,0,0,0,0
120,18.75,3,0,0,0,0
120,20.3125,4,0,0,0,0
120,21.875,5,0,0,0,0
120,23.4375,6,0,0,0,0
120,25.0,7,0,0,0,0
120,26.5625,8,0,0,0,0
120,28.125,9,0,0,0,0
120,29.6875,10,0,0,0,0
120,31.25,11,0,0,0,0
120,32.8125,12,0,0,0,0
120,34.375,13,0,0,0,0
120,35.9375,14,0,0,0,0
120,37.5,15,0,0,0,0
120,39.0625,0,0,0,0,0
120,40.625,1,0,0,0,0
120,42.1875,2,0,0,0,0
120,43.75,3,0,0,0,0
120,45.3125,4,0,0,0,0
120,46.875,5,0,0,0,0
120,48.4375,6,0,0,0,0
120,50.0,7,0,0,0,0
120,51.5625,8,0,0,0,0
120,53.125,9,0,0,0,0
120,54.6875,10,0,0,0,0
120,56.25,11,0,0,0,0
120,57.8125,12,0,0,0,0
120,59.375,13,0,0,0,0
120,60.9375,14,0,0,0,0
120,62.5,15,0,0,0,0
120,64.0625,0,0,0,0,0
120,65.625,1,0,0,0,0
120,67.1875,2,0,0,0,0
120,68.75,3,0,0,0,0
120,70.3125,4,0,0,0,0
120,71.875,5,0,0,0,0
120,73.4375,6,0,0,0,0
120,75.0,7,0,0,0,0
120,76.5625,8,0,0,0,0
120,78.125,9,0,0,0,0
120,79.6875,10,0,0,0,0
120,81.25,11,0,0,0,0
120,82.8125,12,0,0,0,0
120,84.375,13,0,0,0,0
120,85.9375,14,0,0,0,0
120,87.5,15,0,0,0,0
120,89.0625,0,0,0,0,0
120,90.625,1,0,0,0,0
120,92.1875,2,0,0,0,0
120,93.75,3,0,0,0,0
120,95.3125,4,0,0,0,0
120,96.875,5,0,0,0,0
120,98.4375,6,0,0,0,0
120,100.0,7,0,0,0,0
120,101.5625,8,0,0,0,0
120,103.125,9,0,0,0,0
120,104.6875,10,0,0,0,0
120,106.25,11,0,0,0,0
120,107.8125,12,0,0,0,0
120,109.375,13,0,0,0,0
120,110.9375,14,0,0,0,0
120,112.5,15,0,0,0,0
120,114.0625,0,0,0,0,0
120,115.625,1,0,0,0,0
120,117.1875,2,0,0,0,0
120,118.75,3,0,0,0,0
120,120.3125,4,0,0,0,0
120,121.875,5,0,0,0,0
120,123.4375,6,0,0,0,0
120,125.0,7,0,0,0,0
120,126.5625,8,0,0,0,0
120,128.125,9,0,0,0,0
120,129.6875,10,0,0,0,0
120,131.25,11,0,0,0,0
120,132.8125,12,0,0,0,0
120,134.375,13,0,0,0,0
120,135.9375,14,0,0,0,0
120,137.5,15,0,0,0,0
120,139.0625,0,0,0,0,0
120,140.625,1,0,0,0,0
120,142.1875,2,0,0,0,0
120,143.75,3,0,0,0,0
120,145.3125,4,0,0,0,0
120,146.875,5,0,0,0,0
120,148.4375,6,0,0,0,0
120,150.0,7,0,0,0,0
120,151.5625,8,0,0,0,0
120,153.125,9,0,0,0,0
120,154.6875,10,0,0,0,0
120,156.25,11,0,0,0,0
120,157.8125,12,0,0,0,0
120,159.375,13,0,0,0,0
120,160.9375,14,0,0,0,0
120,162.5,15,0,0,0,0
120,164.0625,0,0,0,0,0
120,165.625,1,0,0,0,0
120,167.1875,2,0,0,0,0
120,168.75,3,0,0,0,0
120,170.3125,4,0,0,0,0
120,171.875,5,0,0,0,0
120,173.4375,6,0,0,0,0
120,175.0,7,0,0,0,0
120,176.5625,8,0,0,0,0
120,178.125,9,0,0,0,0
120,179.6875,10,0,0,0,0
120,181.25,11,0,0,0,0
120,182.8125,12,0,0,0,0
120,184.375,13,0,0,0,0
120,185.9375,14,0,0,0,0
120,187.5,15,0,0,0,0
120,189.0625,0,0,0,0,0
120,190.625,1,0,0,0,0
120,192.1875,2,0,0,0,0
120,193.75,3,0,0,0,0
120,195.3125,4,0,0,0,0
120,196.875,5,0,0,0,0
120,198.4375,6,0,0,0,0
120,200.0,7,0,0,0,0
120,201.5625,8,0,0,0,0
120,203.125,9,0,0,0,0
120,204.6875,10,0,0,0,0
120,206.25,11,0,0,0,0
120,207.8125,12,0,0,0,0
120,209.375,13,0,0,0,0
120,210.9375,14,0,0,0,0
120,212.5,15,0,0,0,0
120,214.0625,0,0,0,0,0
120,215.625,1,0,0,0,0
120,217.1875,2,0,0,0,0
120,218.75,3,0,0,0,0
120,220.3125,4,0,0,0,0
120,221.875,5,0,0,0,0
120,223.4375,6,0,0,0,0
120,225.0,7,0,0,0,0
120,226.5625,8,0,0,0,0
120,228.125,9,0,0,0,0
120,229.6875,10,0,0,0,0
120,231.25,11,0,0,0,0
120,232.8125,12,0,0,0,0
120,234.375,13,0,0,0,0
120,235.9375,14,0,0,0,0
120,237.5,15,0,0,0,0
120,239.0625,0,0,0,0,0
120,240.625,1,0,0,0,0
120,242.1875,2,0,0,0,0
120,243.75,3,0,0,0,0
120,245.3125,4,0,0,0,0
120,246.875,5,0,0,0,0
120,248.4375,6,0,0,0,0
120,250.0,7,0,0,0,0
120,251.5625,8,0,0,0,0
120,253.125,9,0,0,0,0
120,254.6875,10,0,0,0,0
120,256.25,11,0,0,0,0
120,257.8125,12,0,0,0,0
120,259.375,13,0,0,0,0
120,260.9375,14,0,0,0,0
120,262.5,15,0,0,0,0
120,264.0625,0,0,0,0,0
120,265.625,1,0,0,0,0
120,267.1875,2,0,0,0,0
120,268.75,3,0,0,0,0
120,270.3125,4,0,0,0,0
120,271.875,5,0,0,0,0
120,273.4375,6,0,0,0,0
121,0.0,7,0,0,0,0
121,1.5625,8,0,0,0,0
121,3.125,9,0,0,0,0
121,4.6875,10,0,0,0,0
121,6.25,11,0,0,0,0
121,7.8125,12,0,0,0,0
121,9.375,13,0,0,0,0
121,10.9375,14,0,0,0,0
121,12.5,15,0,0,0,0
121,14.0625,0,0,0,0,0
121,15.625,1,0,0,0,0
121,17.1875,2,0,0,0,0
121,18.75,3,0,0,0,0
121,20.3125,4,0,0,0,0
121,21.875,5,0,0,0,0
121,23.4375,6,0,0,0,0
121,25.0,7,0,0,0,0
121,26.5625,8,0,0,0,0
121,28.125,9,0,0,0,0
121,29.6875,10,0,0,0,0
121,31.25,11,0,0,0,0
121,32.8125,12,0,0,0,0
121,34.375,13,0,0,0,0
121,35.9375,14,0,0,0,0
121,37.5,15,0,0,0,0
121,39.0625,0,0,0,0,0
121,40.625,1,0,0,0,0
121,42.1875,2,0,0,0,0
121,43.75,3,0,0,0,0
121,45.3125,4,0,0,0,0
121,46.875,5,0,0,0,0
121,48.4375,6,0,0,0,0
121,50.0,7,0,0,0,0
121,51.5625,8,0,0,0,0
121,53.125,9,0,0,0,0
121,54.6875,10,0,0,0,0
121,56.25,11,0,0,0,0
121,57.8125,12,0,0,0,0
121,59.375,13,0,0,0,0
121,60.9375,14,0,0,0,0
121,62.5,15,0,0,0,0
121,64.0625,0,0,0,0,0
121,65.625,1,0,0,0,0
121,67.1875,2,0,0,0,0
121,68.75,3,0,0,0,0
121,70.3125,4,0,0,0,0
121,71.875,5,0,0,0,0
121,73.4375,6,0,0,0,0
121,75.0,7,0,0,0,0
121,76.5625,8,0,0,0,0
121,78.125,9,0,0,0,0
121,79.6875,10,0,0,0,0
121,81.25,11,0,0,0,0
121,82.8125,12,0,0,0,0
121,84.375,13,0,0,0,0
121,85.9375,14,0,0,0,0
121,87.5,15,0,0,0,0
121,89.0625,0,0,0,0,0
121,90.625,1,0,0,0,0
121,92.1875,2,0,0,0,0
121,93.75,3,0,0,0,0
121,95.3125,4,0,0,0,0
121,96.875,5,0,0,0,0
121,98.4375,6,0,0,0,0
121,100.0,7,0,0,0,0
121,101.5625,8,0,0,0,0
121,103.125,9,0,0,0,0
121,104.6875,10,0,0,0,0
121,106.25,11,0,0,0,0
121,107.8125,12,0,0,0,0
121,109.375,13,0,0,0,0
121,110.9375,14,0,0,0,0
121,112.5,15,0,0,0,0
121,114.0625,0,0,0,0,0
121,115.625,1,0,0,0,0
121,117.1875,2,0,0,0,0
121,118.75,3,0,0,0,0
121,120.3125,4,0,0,0,0
121,121.875,5,0,0,0,0
121,123.4375,6,0,0,0,0
121,125.0,7,0,0,0,0
121,126.5625,8,0,0,0,0
121,128.125,9,0,0,0,0
121,129.6875,10,0,0,0,0
121,131.25,11,0,0,0,0
121,132.8125,12,0,0,0,0
121,134.375,13,0,0,0,0
121,135.9375,14,0,0,0,0
121,137.5,15,0,0,0,0
121,139.0625,0,0,0,0,0
121,140.625,1,0,0,0,0
121,142.1875,2,0,0,0,0
121,143.75,3,0,0,0,0
121,145.3125,4,0,0,0,0
121,146.875,5,0,0,0,0
121,148.4375,6,0,0,0,0
121,150.0,7,0,0,0,0
121,151.5625,8,0,0,0,0
121,153.125,9,0,0,0,0
121,154.6875,10,0,0,0,0
121,156.25,11,0,0,0,0
121,157.8125,12,0,0,0,0
121,159.375,13,0,0,0,0
121,160.9375,14,0,0,0,0
121,162.5,15,0,0,0,0
121,164.0625,0,0,0,0,0
121,165.625,1,0,0,0,0
121,167.1875,2,0,0,0,0
121,168.75,3,0,0,0,0
121,170.3125,4,0,0,0,0
121,171.875,5,0,0,0,0
121,173.4375,6,0,0,0,0
121,175.0,7,0,0,0,0
121,176.5625,8,0,0,0,0
121,178.125,9,0,0,0,0
121,179.6875,10,0,0,0,0
121,181.25,11,0,0,0,0
121,182.8125,12,0,0,0,0
121,184.375,13,0,0,0,0
121,185.9375,14,0,0,0,0
121,187.5,15,0,0,0,0
121,189.0625,0,0,0,0,0
121,190.625,1,0,0,0,0
121,192.1875,2,0,0,0,0
121,193.75,3,0,0,0,0
121,195.3125,4,0,0,0,0
121,196.875,5,0,0,0,0
121,198.4375,6,0,0,0,0
121,200.0,7,0,0,0,0
121,201.5625,8,0,0,0,0
121,203.125,9,0,0,0,0
121,204.6875,10,0,0,0,0
121,206.25,11,0,0,0,0
121,207.8125,12,0,0,0,0
121,209.375,13,0,0,0,0
121,210.9375,14,0,0,0,0
121,212.5,15,0,0,0,0
121,214.0625,0,0,0,0,0
121,215.625,1,0,0,0,0
121,217.1875,2,0,0,0,0
121,218.75,3,0,0,0,0
121,220.3125,4,0,0,0,0
121,221.875,5,0,0,0,0
121,223.4375,6,0,0,0,0
121,225.0,7,0,0,0,0
121,226.5625,8,0,0,0,0
121,228.125,9,0,0,0,0
121,229.6875,10,0,0,0,0
121,231.25,11,0,0,0,0
121,232.8125,12,0,0,0,0
121,234.375,13,0,0,0,0
121,235.9375,14,0,0,0,0
121,237.5,15,0,0,0,0
121,239.0625,0,0,0,0,0
121,240.625,1,0,0,0,0
121,242.1875,2,0,0,0,0
121,243.75,3,0,0,0,0
121,245.3125,4,0,0,0,0
121,246.875,5,0,0,0,0
121,248.4375,6,0,0,0,0
121,250.0,7,0,0,0,0
121,251.5625,8,0,0,0,0
121,253.125,9,0,0,0,0
121,254.6875,10,0,0,0,0
121,256.25,11,0,0,0,0
121,257.8125,12,0,0,0,0
121,259.375,13,0,0,0,0
121,260.9375,14,0,0,0,0
121,262.5,15,0,0,0,0
121,264.0625,0,0,0,0,0
121,265.625,1,0,0,0,0
121,267.1875,2,0,0,0,0
121,268.75,3,0,0,0,0
121,270.3125,4,0,0,0,0
121,271.875,5,0,0,0,0
121,273.4375,6,0,0,0,0
122,0.0,7,0,0,0,0
122,1.5625,8,0,0,0,0
122,3.125,9,0,0,0,0
122,4.6875,10,0,0,0,0
122,6.25,11,0,0,0,0
122,7.8125,12,0,0,0,0
122,9.375,13,0,0,0,0
122,10.9375,14,0,0,0,0
122,12.5,15,0,0,0,0
122,14.0625,0,0,0,0,0
122,15.625,1,0,0,0,0
122,17.1875,2,0,0,0,0
122,18.75,3,0,0,0,0
122,20.3125,4,0,0,0,0
122,21.875,5,0,0,0,0
122,23.4375,6,0,0,0,0
122,25.0,7,0,0,0,0
122,26.5625,8,0,0,0,0
122,28.125,9,0,0,0,0
122,29.6875,10,0,0,0,0
122,31.25,11,0,0,0,0
122,32.8125,12,0,0,0,0
122,34.375,13,0,0,0,0
122,35.9375,14,0,0,0,0
122,37.5,15,0,0,0,0
122,39.0625,0,0,0,0,0
122,40.625,1,0,0,0,0
122,42.1875,2,0,0,0,0
122,43.75,3,0,0,0,0
122,45.3125,4,0,0,0,0
122,46.875,5,0,0,0,0
122,48.4375,6,0,0,0,0
122,50.0,7,0,0,0,0
122,51.5625,8,0,0,0,0
122,53.125,9,0,0,0,0
122,54.6875,10,0,0,0,0
122,56.25,11,0,0,0,0
122,57.8125,12,0,0,0,0
122,59.375,13,0,0,0,0
122,60.9375,14,0,0,0,0
122,62.5,15,0,0,0,0
122,64.0625,0,0,0,0,0
122,65.625,1,0,0,0,0
122,67.1875,2,0,0,0,0
122,68.75,3,0,0,0,0
122,70.3125,4,0,0,0,0
122,71.875,5,0,0,0,0
122,73.4375,6,0,0,0,0
122,75.0,7,0,0,0,0
122,76.5625,8,0,0,0,0
122,78.125,9,0,0,0,0
122,79.6875,10,0,0,0,0
122,81.25,11,0,0,0,0
122,82.8125,12,0,0,0,0
122,84.375,13,0,0,0,0
122,85.9375,14,0,0,0,0
122,87.5,15,0,0,0,0
122,89.0625,0,0,0,0,0
122,90.625,1,0,0,0,0
122,92.1875,2,0,0,0,0
122,93.75,3,0,0,0,0
122,95.3125,4,0,0,0,0
122,96.875,5,0,0,0,0
122,98.4375,6,0,0,0,0
122,100.0,7,0,0,0,0
122,101.5625,8,0,0,0,0
122,103.125,9,0,0,0,0
122,104.6875,10,0,0,0,0
122,106.25,11,0,0,0,0
122,107.8125,12,0,0,0,0
122,109.375,13,0,0,0,0
122,110.9375,14,0,0,0,0
122,112.5,15,0,0,0,0
122,114.0625,0,0,0,0,0
122,115.625,1,0,0,0,0
122,117.1875,2,0,0,0,0
122,118.75,3,0,0,0,0
122,120.3125,4,0,0,0,0
122,121.875,5,0,0,0,0
122,123.4375,6,0,0,0,0
122,125.0,7,0,0,0,0
122,126.5625,8,0,0,0,0
122,128.125,9,0,0,0,0
122,129.6875,10,0,0,0,0
122,131.25,11,0,0,0,0
122,132.8125,12,0,0,0,0
122,134.375,13,0,0,0,0
122,135.9375,14,0,0,0,0
122,137.5,15,0,0,0,0
122,139.0625,0,0,0,0,0
122,140.625,1,0,0,0,0
122,142.1875,2,0,0,0,0
122,143.75,3,0,0,0,0
122,145.3125,4,0,0,0,0
122,146.875,5,0,0,0,0
122,148.4375,6,0,0,0,0
122,150.0,7,0,0,0,0
122,151.5625,8,0,0,0,0
122,153.125,9,0,0,0,0
122,154.6875,10,0,0,0,0
122,156.25,11,0,0,0,0
122,157.8125,12,0,0,0,0
122,159.375,13,0,0,0,0
122,160.9375,14,0,0,0,0
122,162.5,15,0,0,0,0
122,164.0625,0,0,0,0,0
122,165.625,1,0,0,0,0
122,167.1875,2,0,0,0,0
122,168.75,3,0,0,0,0
122,170.3125,4,0,0,0,0
122,171.875,5,0,0,0,0
122,173.4375,6,0,0,0,0
122,175.0,7,0,0,0,0
122,176.5625,8,0,0,0,0
122,178.125,9,0,0,0,0
122,179.6875,10,0,0,0,0
122,181.25,11,0,0,0,0
122,182.8125,12,0,0,0,0
122,184.375,13,0,0,0,0
122,185.9375,14,0,0,0,0
122,187.5,15,0,0,0,0
122,189.0625,0,0,0,0,0
122,190.625,1,0,0,0,0
122,192.1875,2,0,0,0,0
122,193.75,3,0,0,0,0
122,195.3125,4,0,0,0,0
122,196.875,5,0,0,0,0
122,198.4375,6,0,0,0,0
122,200.0,7,0,0,0,0
122,201.5625,8,0,0,0,0
122,203.125,9,0,0,0,0
122,204.6875,10,0,0,0,0
122,206.25,11,0,0,0,0
122,207.8125,12,0,0,0,0
122,209.375,13,0,0,0,0
122,210.9375,14,0,0,0,0
122,212.5,15,0,0,0,0
122,214.0625,0,0,0,0,0
122,215.625,1,0,0,0,0
122,217.1875,2,0,0,0,0
122,218.75,3,0,0,0,0
122,220.3125,4,0,0,0,0
122,221.875,5,0,0,0,0
122,223.4375,6,0,0,0,0
122,225.0,7,0,0,0,0
122,226.5625,8,0,0,0,0
122,228.125,9,0,0,0,0
122,229.6875,10,0,0,0,0
122,231.25,11,0,0,0,0
122,232.8125,12,0,0,0,0
122,234.375,13,0,0,0,0
122,235.9375,14,0,0,0,0
122,237.5,15,0,0,0,0
122,239.0625,0,0,0,0,0
122,240.625,1,0,0,0,0
122,242.1875,2,0,0,0,0
122,243.75,3,0,0,0,0
122,245.3125,4,0,0,0,0
122,246.875,5,0,0,0,0
122,248.4375,6,0,0,0,0
122,250.0,7,0,0,0,0
122,251.5625,8,0,0,0,0
122,253.125,9,0,0,0,0
122,254.6875,10,0,0,0,0
122,256.25,11,0,0,0,0
122,257.8125,12,0,0,0,0
122,259.375,13,0,0,0,0
122,260.9375,14,0,0,0,0
122,262.5,15,0,0,0,0
122,264.0625,0,0,0,0,0
122,265.625,1,0,0,0,0
122,267.1875,2,0,0,0,0
122,268.75,3,0,0,0,0
122,270.3125,4,0,0,0,0
122,271.875,5,0,0,0,0
122,273.4375,6,0,0,0,0
123,0.0,7,0,0,0,0
123,1.5625,8,0,0,0,0
123,3.125,9,0,0,0,0
123,4.6875,10,0,0,0,0
123,6.25,11,0,0,0,0
123,7.8125,12,0,0,0,0
123,9.375,13,0,0,0,0
123,10.9375,14,0,0,0,0
123,12.5,15,0,0,0,0
123,14.0625,0,0,0,0,0
123,15.625,1,0,0,0,0
123,17.1875,2,0,0,0,0
123,18.75,3,0,0,0,0
123,20.3125,4,0,0,0,0
123,21.875,5,0,0,0,0
123,23.4375,6,0,0,0,0
123,25.0,7,0,0,0,0
123,26.5625,8,0,0,0,0
123,28.125,9,0,0,0,0
123,29.6875,10,0,0,0,0
123,31.25,11,0,0,0,0
123,32.8125,12,0,0,0,0
123,34.375,13,0,0,0,0
123,35.9375,14,0,0,0,0
123,37.5,15,0,0,0,0
123,39.0625,0,0,0,0,0
123,40.625,1,0,0,0,0
123,42.1875,2,0,0,0,0
123,43.75,3,0,0,0,0
123,45.3125,4,0,0,0,0
123,46.875,5,0,0,0,0
123,48.4375,6,0,0,0,0
123,50.0,7,0,0,0,0
123,51.5625,8,0,0,0,0
123,53.125,9,0,0,0,0
123,54.6875,10,0,0,0,0
123,56.25,11,0,0,0,0
123,57.8125,12,0,0,0,0
123,59.375,13,0,0,0,0
123,60.9375,14,0,0,0,0
123,62.5,15,0,0,0,0
123,64.0625,0,0,0,0,0
123,65.625,1,0,0,0,0
123,67.1875,2,0,0,0,0
123,68.75,3,0,0,0,0
123,70.3125,4,0,0,0,0
123,71.875,5,0,0,0,0
123,73.4375,6,0,0,0,0
123,75.0,7,0,0,0,0
123,76.5625,8,0,0,0,0
123,78.125,9,0,0,0,0
123,79.6875,10,0,0,0,0
123,81.25,11,0,0,0,0
123,82.8125,12,0,0,0,0
123,84.375,13,0,0,0,0
123,85.9375,14,0,0,0,0
123,87.5,15,0,0,0,0
123,89.0625,0,0,0,0,0
123,90.625,1,0,0,0,0
123,92.1875,2,0,0,0,0
123,93.75,3,0,0,0,0
123,95.3125,4,0,0,0,0
123,96.875,5,0,0,0,0
123,98.4375,6,0,0,0,0
123,100.0,7,0,0,0,0
123,101.5625,8,0,0,0,0
123,103.125,9,0,0,0,0
123,104.6875,10,0,0,0,0
123,106.25,11,0,0,0,0
123,107.8125,12,0,0,0,0
123,109.375,13,0,0,0,0
123,110.9375,14,0,0,0,0
123,112.5,15,0,0,0,0
123,114.0625,0,0,0,0,0
123,115.625,1,0,0,0,0
123,117.1875,2,0,0,0,0
123,118.75,3,0,0,0,0
123,120.3125,4,0,0,0,0
123,121.875,5,0,0,0,0
123,123.4375,6,0,0,0,0
123,125.0,7,0,0,0,0
123,126.5625,8,0,0,0,0
123,128.125,9,0,0,0,0
123,129.6875,10,0,0,0,0
123,131.25,11,0,0,0,0
123,132.8125,12,0,0,0,0
123,134.375,13,0,0,0,0
123,135.9375,14,0,0,0,0
123,137.5,15,0,0,0,0
123,139.0625,0,0,0,0,0
123,140.625,1,0,0,0,0
123,142.1875,2,0,0,0,0
123,143.75,3,0,0,0,0
123,145.3125,4,0,0,0,0
123,146.875,5,0,0,0,0
123,148.4375,6,0,0,0,0
123,150.0,7,0,0,0,0
123,151.5625,8,0,0,0,0
123,153.125,9,0,0,0,0
123,154.6875,10,0,0,0,0
123,156.25,11,0,0,0,0
123,157.8125,12,0,0,0,0
123,159.375,13,0,0,0,0
123,160.9375,14,0,0,0,0
123,162.5,15,0,0,0,0
123,164.0625,0,0,0,0,0
123,165.625,1,0,0,0,0
123,167.1875,2,0,0,0,0
123,168.75,3,0,0,0,0
123,170.3125,4,0,0,0,0
123,171.875,5,0,0,0,0
123,173.4375,6,0,0,0,0
123,175.0,7,0,0,0,0
123,176.5625,8,0,0,0,0
123,178.125,9,0,0,0,0
123,179.6875,10,0,0,0,0
123,181.25,11,0,0,0,0
123,182.8125,12,0,0,0,0
123,184.375,13,0,0,0,0
123,185.9375,14,0,0,0,0
123,187.5,15,0,0,0,0
123,189.0625,0,0,0,0,0
123,190.625,1,0,0,0,0
123,192.1875,2,0,0,0,0
123,193.75,3,0,0,0,0
123,195.3125,4,0,0,0,0
123,196.875,5,0,0,0,0
123,198.4375,6,0,0,0,0
123,200.0,7,0,0,0,0
123,201.5625,8,0,0,0,0
123,203.125,9,0,0,0,0
123,204.6875,10,0,0,0,0
123,206.25,11,0,0,0,0
123,207.8125,12,0,0,0,0
123,209.375,13,0,0,0,0
123,210.9375,14,0,0,0,0
123,212.5,15,0,0,0,0
123,214.0625,0,0,0,0,0
123,215.625,1,0,0,0,0
123,217.1875,2,0,0,0,0
123,218.75,3,0,0,0,0
123,220.3125,4,0,0,0,0
123,221.875,5,0,0,0,0
123,223.4375,6,0,0,0,0
123,225.0,7,0,0,0,0
123,226.5625,8,0,0,0,0
123,228.125,9,0,0,0,0
123,229.6875,10,0,0,0,0
123,231.25,11,0,0,0,0
123,232.8125,12,0,0,0,0
123,234.375,13,0,0,0,0
123,235.9375,14,0,0,0,0
123,237.5,15,0,0,0,0
123,239.0625,0,0,0,0,0
123,240.625,1,0,0,0,0
123,242.1875,2,0,0,0,0
123,243.75,3,0,0,0,0
123,245.3125,4,0,0,0,0
123,246.875,5,0,0,0,0
123,248.4375,6,0,0,0,0
123,250.0,7,0,0,0,0
123,251.5625,8,0,0,0,0
123,253.125,9,0,0,0,0
123,254.6875,10,0,0,0,0
123,256.25,11,0,0,0,0
123,257.8125,12,0,0,0,0
123,259.375,13,0,0,0,0
123,260.9375,14,0,0,0,0
123,262.5,15,0,0,0,0
123,264.0625,0,0,0,0,0
123,265.625,1,0,0,0,0
123,267.1875,2,0,0,0,0
123,268.75,3,0,0,0,0
123,270.3125,4,0,0,0,0
123,271.875,5,0,0,0,0
123,273.4375,6,0,0,0,0
124,0.0,7,0,0,0,0
124,1.5625,8,0,0,0,0
124,3.125,9,0,0,0,0
124,4.6875,10,0,0,0,0
124,6.25,11,0,0,0,0
124,7.8125,12,0,0,0,0
124,9.375,13,0,0,0,0
124,10.9375,14,0,0,0,0
124,12.5,15,0,0,0,0
124,14.0625,0,0,0,0,0
124,15.625,1,0,0,0,0
124,17.1875,2,0,0,0,0
124,18.75,3,0,0,0,0
124,20.3125,4,0,0,0,0
124,21.875,5,0,0,0,0
124,23.4375,6,0,0,0,0
124,25.0,7,0,0,0,0
124,26.5625,8,0,0,0,0
124,28.125,9,0,0,0,0
124,29.6875,10,0,0,0,0
124,31.25,11,0,0,0,0
124,32.8125,12,0,0,0,0
124,34.375,13,0,0,0,0
124,35.9375,14,0,0,0,0
124,37.5,15,0,0,0,0
124,39.0625,0,0,0,0,0
124,40.625,1,0,0,0,0
124,42.1875,2,0,0,0,0
124,43.75,3,0,0,0,0
124,45.3125,4,0,0,0,0
124,46.875,5,0,0,0,0
124,48.4375,6,0,0,0,0
124,50.0,7,0,0,0,0
124,51.5625,8,0,0,0,0
124,53.125,9,0,0,0,0
124,54.6875,10,0,0,0,0
124,56.25,11,0,0,0,0
124,57.8125,12,0,0,0,0
124,59.375,13,0,0,0,0
124,60.9375,14,0,0,0,0
124,62.5,15,0,0,0,0
124,64.0625,0,0,0,0,0
124,65.625,1,0,0,0,0
124,67.1875,2,0,0,0,0
124,68.75,3,0,0,0,0
124,70.3125,4,0,0,0,0
124,71.875,5,0,0,0,0
124,73.4375,6,0,0,0,0
124,75.0,7,0,0,0,0
124,76.5625,8,0,0,0,0
124,78.125,9,0,0,0,0
124,79.6875,10,0,0,0,0
124,81.25,11,0,0,0,0
124,82.8125,12,0,0,0,0
124,84.375,13,0,0,0,0
124,85.9375,14,0,0,0,0
124,87.5,15,0,0,0,0
124,89.0625,0,0,0,0,0
124,90.625,1,0,0,0,0
124,92.1875,2,0,0,0,0
124,93.75,3,0,0,0,0
124,95.3125,4,0,0,0,0
124,96.875,5,0,0,0,0
124,98.4375,6,0,0,0,0
124,100.0,7,0,0,0,0
124,101.5625,8,0,0,0,0
124,103.125,9,0,0,0,0
124,104.6875,10,0,0,0,0
124,106.25,11,0,0,0,0
124,107.8125,12,0,0,0,0
124,109.375,13,0,0,0,0
124,110.9375,14,0,0,0,0
124,112.5,15,0,0,0,0
124,114.0625,0,0,0,0,0
124,115.625,1,0,0,0,0
124,117.1875,2,0,0,0,0
124,118.75,3,0,0,0,0
124,120.3125,4,0,0,0,0
124,121.875,5,0,0,0,0
124,123.4375,6,0,0,0,0
124,125.0,7,0,0,0,0
124,126.5625,8,0,0,0,0
124,128.125,9,0,0,0,0
124,129.6875,10,0,0,0,0
124,131.25,11,0,0,0,0
124,132.8125,12,0,0,0,0
124,134.375,13,0,0,0,0
124,135.9375,14,0,0,0,0
124,137.5,15,0,0,0,0
124,139.0625,0,0,0,0,0
124,140.625,1,0,0,0,0
124,142.1875,2,0,0,0,0
124,143.75,3,0,0,0,0
124,145.3125,4,0,0,0,0
124,146.875,5,0,0,0,0
124,148.4375,6,0,0,0,0
124,150.0,7,0,0,0,0
124,151.5625,8,0,0,0,0
124,153.125,9,0,0,0,0
124,154.6875,10,0,0,0,0
124,156.25,11,0,0,0,0
124,157.8125,12,0,0,0,0
124,159.375,13,0,0,0,0
124,160.9375,14,0,0,0,0
124,162.5,15,0,0,0,0
124,164.0625,0,0,0,0,0
124,165.625,1,0,0,0,0
124,167.1875,2,0,0,0,0
124,168.75,3,0,0,0,0
124,170.3125,4,0,0,0,0
124,171.875,5,0,0,0,0
124,173.4375,6,0,0,0,0
124,175.0,7,0,0,0,0
124,176.5625,8,0,0,0,0
124,178.125,9,0,0,0,0
124,179.6875,10,0,0,0,0
124,181.25,11,0,0,0,0
124,182.8125,12,0,0,0,0
124,184.375,13,0,0,0,0
124,185.9375,14,0,0,0,0
124,187.5,15,0,0,0,0
124,189.0625,0,0,0,0,0
124,190.625,1,0,0,0,0
124,192.1875,2,0,0,0,0
124,193.75,3,0,0,0,0
124,195.3125,4,0,0,0,0
124,196.875,5,0,0,0,0
124,198.4375,6,0,0,0,0
124,200.0,7,0,0,0,0
124,201.5625,8,0,0,0,0
124,203.125,9,0,0,0,0
124,204.6875,10,0,0,0,0
124,206.25,11,0,0,0,0
124,207.8125,12,0,0,0,0
124,209.375,13,0,0,0,0
124,210.9375,14,0,0,0,0
124,212.5,15,0,0,0,0
124,214.0625,0,0,0,0,0
124,215.625,1,0,0,0,0
124,217.1875,2,0,0,0,0
124,218.75,3,0,0,0,0
124,220.3125,4,0,0,0,0
124,221.875,5,0,0,0,0
124,223.4375,6,0,0,0,0
124,225.0,7,0,0,0,0
124,226.5625,8,0,0,0,0
124,228.125,9,0,0,0,0
124,229.6875,10,0,0,0,0
124,231.25,11,0,0,0,0
124,232.8125,12,0,0,0,0
124,234.375,13,0,0,0,0
124,235.9375,14,0,0,0,0
124,237.5,15,0,0,0,0
124,239.0625,0,0,0,0,0
124,240.625,1,0,0,0,0
124,242.1875,2,0,0,0,0
124,243.75,3,0,0,0,0
124,245.3125,4,0,0,0,0
124,246.875,5,0,0,0,0
124,248.4375,6,0,0,0,0
124,250.0,7,0,0,0,0
124,251.5625,8,0,0,0,0
124,253.125,9,0,0,0,0
124,254.6875,10,0,0,0,0
124,256.25,11,0,0,0,0
124,257.8125,12,0,0,0,0
124,259.375,13,0,0,0,0
124,260.9375,14,0,0,0,0
124,262.5,15,0,0,0,0
124,264.0625,0,0,0,0,0
124,265.625,1,0,0,0,0
124,267.1875,2,0,0,0,0
124,268.75,3,0,0,0,0
124,270.3125,4,0,0,0,0
124,271.875,5,0,0,0,0
124,273.4375,6,0,0,0,0
125,0.0,7,0,0,0,0
125,1.5625,8,0,0,0,0
125,3.125,9,0,0,0,0
125,4.6875,10,0,0,0,0
125,6.25,11,0,0,0,0
125,7.8125,12,0,0,0,0
125,9.375,13,0,0,0,0
125,10.9375,14,0,0,0,0
125,12.5,15,0,0,0,0
125,14.0625,0,0,0,0,0
125,15.625,1,0,0,0,0
125,17.1875,2,0,0,0,0
125,18.75,3,0,0,0,0
125,20.3125,4,0,0,0,0
125,21.875,5,0,0,0,0
125,23.4375,6,0,0,0,0
125,25.0,7,0,0,0,0
125,26.5625,8,0,0,0,0
125,28.125,9,0,0,0,0
125,29.6875,10,0,0,0,0
125,31.25,11,0,0,0,0
125,32.8125,12,0,0,0,0
125,34.375,13,0,0,0,0
125,35.9375,14,0,0,0,0
125,37.5,15,0,0,0,0
125,39.0625,0,0,0,0,0
125,40.625,1,0,0,0,0
125,42.1875,2,0,0,0,0
125,43.75,3,0,0,0,0
125,45.3125,4,0,0,0,0
125,46.875,5,0,0,0,0
125,48.4375,6,0,0,0,0
125,50.0,7,0,0,0,0
125,51.5625,8,0,0,0,0
125,53.125,9,0,0,0,0
125,54.6875,10,0,0,0,0
125,56.25,11,0,0,0,0
125,57.8125,12,0,0,0,0
125,59.375,13,0,0,0,0
125,60.9375,14,0,0,0,0
125,62.5,15,0,0,0,0
125,64.0625,0,0,0,0,0
125,65.625,1,0,0,0,0
125,67.1875,2,0,0,0,0
125,68.75,3,0,0,0,0
125,70.3125,4,0,0,0,0
125,71.875,5,0,0,0,0
125,73.4375,6,0,0,0,0
125,75.0,7,0,0,0,0
125,76.5625,8,0,0,0,0
125,78.125,9,0,0,0,0
125,79.6875,10,0,0,0,0
125,81.25,11,0,0,0,0
125,82.8125,12,0,0,0,0
125,84.375,13,0,0,0,0
125,85.9375,14,0,0,0,0
125,87.5,15,0,0,0,0
125,89.0625,0,0,0,0,0
125,90.625,1,0,0,0,0
125,92.1875,2,0,0,0,0
125,93.75,3,0,0,0,0
125,95.3125,4,0,0,0,0
125,96.875,5,0,0,0,0
125,98.4375,6,0,0,0,0
125,100.0,7,0,0,0,0
125,101.5625,8,0,0,0,0
125,103.125,9,0,0,0,0
125,104.6875,10,0,0,0,0
125,106.25,11,0,0,0,0
125,107.8125,12,0,0,0,0
125,109.375,13,0,0,0,0
125,110.9375,14,0,0,0,0
125,112.5,15,0,0,0,0
125,114.0625,0,0,0,0,0
125,115.625,1,0,0,0,0
125,117.1875,2,0,0,0,0
125,118.75,3,0,0,0,0
125,120.3125,4,0,0,0,0
125,121.875,5,0,0,0,0
125,123.4375,6,0,0,0,0
125,125.0,7,0,0,0,0
125,126.5625,8,0,0,0,0
125,128.125,9,0,0,0,0
125,129.6875,10,0,0,0,0
125,131.25,11,0,0,0,0
125,132.8125,12,0,0,0,0
125,134.375,13,0,0,0,0
125,135.9375,14,0,0,0,0
125,137.5,15,0,0,0,0
125,139.0625,0,0,0,0,0
125,140.625,1,0,0,0,0
125,142.1875,2,0,0,0,0
125,143.75,3,0,0,0,0
125,145.3125,4,0,0,0,0
125,146.875,5,0,0,0,0
125,148.4375,6,0,0,0,0
125,150.0,7,0,0,0,0
125,151.5625,8,0,0,0,0
125,153.125,9,0,0,0,0
125,154.6875,10,0,0,0,0
125,156.25,11,0,0,0,0
125,157.8125,12,0,0,0,0
125,159.375,13,0,0,0,0
125,160.9375,14,0,0,0,0
125,162.5,15,0,0,0,0
125,164.0625,0,0,0,0,0
125,165.625,1,0,0,0,0
125,167.1875,2,0,0,0,0
125,168.75,3,0,0,0,0
125,170.3125,4,0,0,0,0
125,171.875,5,0,0,0,0
125,173.4375,6,0,0,0,0
125,175.0,7,0,0,0,0
125,176.5625,8,0,0,0,0
125,178.125,9,0,0,0,0
125,179.6875,10,0,0,0,0
125,181.25,11,0,0,0,0
125,182.8125,12,0,0,0,0
125,184.375,13,0,0,0,0
125,185.9375,14,0,0,0,0
125,187.5,15,0,0,0,0
125,189.0625,0,0,0,0,0
125,190.625,1,0,0,0,0
125,192.1875,2,0,0,0,0
125,193.75,3,0,0,0,0
125,195.3125,4,0,0,0,0
125,196.875,5,0,0,0,0
125,198.4375,6,0,0,0,0
125,200.0,7,0,0,0,0
125,201.5625,8,0,0,0,0
125,203.125,9,0,0,0,0
125,204.6875,10,0,0,0,0
125,206.25,11,0,0,0,0
125,207.8125,12,0,0,0,0
125,209.375,13,0,0,0,0
125,210.9375,14,0,0,0,0
125,212.5,15,0,0,0,0
125,214.0625,0,0,0,0,0
125,215.625,1,0,0,0,0
125,217.1875,2,0,0,0,0
125,218.75,3,0,0,0,0
125,220.3125,4,0,0,0,0
125,221.875,5,0,0,0,0
125,223.4375,6,0,0,0,0
125,225.0,7,0,0,0,0
125,226.5625,8,0,0,0,0
125,228.125,9,0,0,0,0
125,229.6875,10,0,0,0,0
125,231.25,11,0,0,0,0
125,232.8125,12,0,0,0,0
125,234.375,13,0,0,0,0
125,235.9375,14,0,0,0,0
125,237.5,15,0,0,0,0
125,239.0625,0,0,0,0,0
125,240.625,1,0,0,0,0
125,242.1875,2,0,0,0,0
125,243.75,3,0,0,0,0
125,245.3125,4,0,0,0,0
125,246.875,5,0,0,0,0
125,248.4375,6,0,0,0,0
125,250.0,7,0,0,0,0
125,251.5625,8,0,0,0,0
125,253.125,9,0,0,0,0
125,254.6875,10,0,0,0,0
125,256.25,11,0,0,0,0
125,257.8125,12,0,0,0,0
125,259.375,13,0,0,0,0
125,260.9375,14,0,0,0,0
125,262.5,15,0,0,0,0
125,264.0625,0,0,0,0,0
125,265.625,1,0,0,0,0
125,267.1875,2,0,0,0,0
125,268.75,3,0,0,0,0
125,270.3125,4,0,0,0,0
125,271.875,5,0,0,0,0
125,273.4375,6,0,0,0,0
126,0.0,7,0,0,0,0
126,1.5625,8,0,0,0,0
126,3.125,9,0,0,0,0
126,4.6875,10,0,0,0,0
126,6.25,11,0,0,0,0
126,7.8125,12,0,0,0,0
126,9.375,13,0,0,0,0
126,10.9375,14,0,0,0,0
126,12.5,15,0,0,0,0
126,14.0625,0,0,0,0,0
126,15.625,1,0,0,0,0
126,17.1875,2,0,0,0,0
126,18.75,3,0,0,0,0
126,20.3125,4,0,0,0,0
126,21.875,5,0,0,0,0
126,23.4375,6,0,0,0,0
126,25.0,7,0,0,0,0
126,26.5625,8,0,0,0,0
126,28.125,9,0,0,0,0
126,29.6875,10,0,0,0,0
126,31.25,11,0,0,0,0
126,32.8125,12,0,0,0,0
126,34.375,13,0,0,0,0
126,35.9375,14,0,0,0,0
126,37.5,15,0,0,0,0
126,39.0625,0,0,0,0,0
126,40.625,1,0,0,0,0
126,42.1875,2,0,0,0,0
126,43.75,3,0,0,0,0
126,45.3125,4,0,0,0,0
126,46.875,5,0,0,0,0
126,48.4375,6,0,0,0,0
126,50.0,7,0,0,0,0
126,51.5625,8,0,0,0,0
126,53.125,9,0,0,0,0
126,54.6875,10,0,0,0,0
126,56.25,11,0,0,0,0
126,57.8125,12,0,0,0,0
126,59.375,13,0,0,0,0
126,60.9375,14,0,0,0,0
126,62.5,15,0,0,0,0
126,64.0625,0,0,0,0,0
126,65.625,1,0,0,0,0
126,67.1875,2,0,0,0,0
126,68.75,3,0,0,0,0
126,70.3125,4,0,0,0,0
126,71.875,5,0,0,0,0
126,73.4375,6,0,0,0,0
126,75.0,7,0,0,0,0
126,76.5625,8,0,0,0,0
126,78.125,9,0,0,0,0
126,79.6875,10,0,0,0,0
126,81.25,11,0,0,0,0
126,82.8125,12,0,0,0,0
126,84.375,13,0,0,0,0
126,85.9375,14,0,0,0,0
126,87.5,15,0,0,0,0
126,89.0625,0,0,0,0,0
126,90.625,1,0,0,0,0
126,92.1875,2,0,0,0,0
126,93.75,3,0,0,0,0
126,95.3125,4,0,0,0,0
126,96.875,5,0,0,0,0
126,98.4375,6,0,0,0,0
126,100.0,7,0,0,0,0
126,101.5625,8,0,0,0,0
126,103.125,9,0,0,0,0
126,104.6875,10,0,0,0,0
126,106.25,11,0,0,0,0
126,107.8125,12,0,0,0,0
126,109.375,13,0,0,0,0
126,110.9375,14,0,0,0,0
126,112.5,15,0,0,0,0
126,114.0625,0,0,0,0,0
126,115.625,1,0,0,0,0
126,117.1875,2,0,0,0,0
126,118.75,3,0,0,0,0
126,120.3125,4,0,0,0,0
126,121.875,5,0,0,0,0
126,123.4375,6,0,0,0,0
126,125.0,7,0,0,0,0
126,126.5625,8,0,0,0,0
126,128.125,9,0,0,0,0
126,129.6875,10,0,0,0,0
126,131.25,11,0,0,0,0
126,132.8125,12,0,0,0,0
126,134.375,13,0,0,0,0
126,135.9375,14,0,0,0,0
126,137.5,15,0,0,0,0
126,139.0625,0,0,0,0,0
126,140.625,1,0,0,0,0
126,142.1875,2,0,0,0,0
126,143.75,3,0,0,0,0
126,145.3125,4,0,0,0,0
126,146.875,5,0,0,0,0
126,148.4375,6,0,0,0,0
126,150.0,7,0,0,0,0
126,151.5625,8,0,0,0,0
126,153.125,9,0,0,0,0
126,154.6875,10,0,0,0,0
126,156.25,11,0,0,0,0
126,157.8125,12,0,0,0,0
126,159.375,13,0,0,0,0
126,160.9375,14,0,0,0,0
126,162.5,15,0,0,0,0
126,164.0625,0,0,0,0,0
126,165.625,1,0,0,0,0
126,167.1875,2,0,0,0,0
126,168.75,3,0,0,0,0
126,170.3125,4,0,0,0,0
126,171.875,5,0,0,0,0
126,173.4375,6,0,0,0,0
126,175.0,7,0,0,0,0
126,176.5625,8,0,0,0,0
126,178.125,9,0,0,0,0
126,179.6875,10,0,0,0,0
126,181.25,11,0,0,0,0
126,182.8125,12,0,0,0,0
126,184.375,13,0,0,0,0
126,185.9375,14,0,0,0,0
126,187.5,15,0,0,0,0
126,189.0625,0,0,0,0,0
126,190.625,1,0,0,0,0
126,192.1875,2,0,0,0,0
126,193.75,3,0,0,0,0
126,195.3125,4,0,0,0,0
126,196.875,5,0,0,0,0
126,198.4375,6,0,0,0,0
126,200.0,7,0,0,0,0
126,201.5625,8,0,0,0,0
126,203.125,9,0,0,0,0
126,204.6875,10,0,0,0,0
126,206.25,11,0,0,0,0
126,207.8125,12,0,0,0,0
126,209.375,13,0,0,0,0
126,210.9375,14,0,0,0,0
126,212.5,15,0,0,0,0
126,214.0625,0,0,0,0,0
126,215.625,1,0,0,0,0
126,217.1875,2,0,0,0,0
126,218.75,3,0,0,0,0
126,220.3125,4,0,0,0,0
126,221.875,5,0,0,0,0
126,223.4375,6,0,0,0,0
126,225.0,7,0,0,0,0
126,226.5625,8,0,0,0,0
126,228.125,9,0,0,0,0
126,229.6875,10,0,0,0,0
126,231.25,11,0,0,0,0
126,232.8125,12,0,0,0,0
126,234.375,13,0,0,0,0
126,235.9375,14,0,0,0,0
126,237.5,15,0,0,0,0
126,239.0625,0,0,0,0,0
126,240.625,1,0,0,0,0
126,242.1875,2,0,0,0,0
126,243.75,3,0,0,0,0
126,245.3125,4,0,0,0,0
126,246.875,5,0,0,0,0
126,248.4375,6,0,0,0,0
126,250.0,7,0,0,0,0
126,251.5625,8,0,0,0,0
126,253.125,9,0,0,0,0
126,254.6875,10,0,0,0,0
126,256.25,11,0,0,0,0
126,257.8125,12,0,0,0,0
126,259.375,13,0,0,0,0
126,260.9375,14,0,0,0,0
126,262.5,15,0,0,0,0
126,264.0625,0,0,0,0,0
126,265.625,1,0,0,0,0
126,267.1875,2,0,0,0,0
126,268.75,3,0,0,0,0
126,270.3125,4,0,0,0,0
126,271.875,5,0,0,0,0
126,273.4375,6,0,0,0,0
127,0.0,7,0,0,0,0
127,1.5625,8,0,0,0,0
127,3.125,9,0,0,0,0
127,4.6875,10,0,0,0,0
127,6.25,11,0,0,0,0
127,7.8125,12,0,0,0,0
127,9.375,13,0,0,0,0
127,10.9375,14,0,0,0,0
127,12.5,15,0,0,0,0
127,14.0625,0,0,0,0,0
127,15.625,1,0,0,0,0
127,17.1875,2,0,0,0,0
127,18.75,3,0,0,0,0
127,20.3125,4,0,0,0,0
127,21.875,5,0,0,0,0
127,23.4375,6,0,0,0,0
127,25.0,7,0,0,0,0
127,26.5625,8,0,0,0,0
127,28.125,9,0,0,0,0
127,29.6875,10,0,0,0,0
127,31.25,11,0,0,0,0
127,32.8125,12,0,0,0,0
127,34.375,13,0,0,0,0
127,35.9375,14,0,0,0,0
127,37.5,15,0,0,0,0
127,39.0625,0,0,0,0,0
127,40.625,1,0,0,0,0
127,42.1875,2,0,0,0,0
127,43.75,3,0,0,0,0
127,45.3125,4,0,0,0,0
127,46.875,5,0,0,0,0
127,48.4375,6,0,0,0,0
127,50.0,7,0,0,0,0
127,51.5625,8,0,0,0,0
127,53.125,9,0,0,0,0
127,54.6875,10,0,0,0,0
127,56.25,11,0,0,0,0
127,57.8125,12,0,0,0,0
127,59.375,13,0,0,0,0
127,60.9375,14,0,0,0,0
127,62.5,15,0,0,0,0
127,64.0625,0,0,0,0,0
127,65.625,1,0,0,0,0
127,67.1875,2,0,0,0,0
127,68.75,3,0,0,0,0
127,70.3125,4,0,0,0,0
127,71.875,5,0,0,0,0
127,73.4375,6,0,0,0,0
127,75.0,7,0,0,0,0
127,76.5625,8,0,0,0,0
127,78.125,9,0,0,0,0
127,79.6875,10,0,0,0,0
127,81.25,11,0,0,0,0
127,82.8125,12,0,0,0,0
127,84.375,13,0,0,0,0
127,85.9375,14,0,0,0,0
127,87.5,15,0,0,0,0
127,89.0625,0,0,0,0,0
127,90.625,1,0,0,0,0
127,92.1875,2,0,0,0,0
127,93.75,3,0,0,0,0
127,95.3125,4,0,0,0,0
127,96.875,5,0,0,0,0
127,98.4375,6,0,0,0,0
127,100.0,7,0,0,0,0
127,101.5625,8,0,0,0,0
127,103.125,9,0,0,0,0
127,104.6875,10,0,0,0,0
127,106.25,11,0,0,0,0
127,107.8125,12,0,0,0,0
127,109.375,13,0,0,0,0
127,110.9375,14,0,0,0,0
127,112.5,15,0,0,0,0
127,114.0625,0,0,0,0,0
127,115.625,1,0,0,0,0
127,117.1875,2,0,0,0,0
127,118.75,3,0,0,0,0
127,120.3125,4,0,0,0,0
127,121.875,5,0,0,0,0
127,123.4375,6,0,0,0,0
127,125.0,7,0,0,0,0
127,126.5625,8,0,0,0,0
127,128.125,9,0,0,0,0
127,129.6875,10,0,0,0,0
127,131.25,11,0,0,0,0
127,132.8125,12,0,0,0,0
127,134.375,13,0,0,0,0
127,135.9375,14,0,0,0,0
127,137.5,15,0,0,0,0
127,139.0625,0,0,0,0,0
127,140.625,1,0,0,0,0
127,142.1875,2,0,0,0,0
127,143.75,3,0,0,0,0
127,145.3125,4,0,0,0,0
127,146.875,5,0,0,0,0
127,148.4375,6,0,0,0,0
127,150.0,7,0,0,0,0
127,151.5625,8,0,0,0,0
127,153.125,9,0,0,0,0
127,154.6875,10,0,0,0,0
127,156.25,11,0,0,0,0
127,157.8125,12,0,0,0,0
127,159.375,13,0,0,0,0
127,160.9375,14,0,0,0,0
127,162.5,15,0,0,0,0
127,164.0625,0,0,0,0,0
127,165.625,1,0,0,0,0
127,167.1875,2,0,0,0,0
127,168.75,3,0,0,0,0
127,170.3125,4,0,0,0,0
127,171.875,5,0,0,0,0
127,173.4375,6,0,0,0,0
127,175.0,7,0,0,0,0
127,176.5625,8,0,0,0,0
127,178.125,9,0,0,0,0
127,179.6875,10,0,0,0,0
127,181.25,11,0,0,0,0
127,182.8125,12,0,0,0,0
127,184.375,13,0,0,0,0
127,185.9375,14,0,0,0,0
127,187.5,15,0,0,0,0
127,189.0625,0,0,0,0,0
127,190.625,1,0,0,0,0
127,192.1875,2,0,0,0,0
127,193.75,3,0,0,0,0
127,195.3125,4,0,0,0,0
127,196.875,5,0,0,0,0
127,198.4375,6,0,0,0,0
127,200.0,7,0,0,0,0
127,201.5625,8,0,0,0,0
127,203.125,9,0,0,0,0
127,204.6875,10,0,0,0,0
127,206.25,11,0,0,0,0
127,207.8125,12,0,0,0,0
127,209.375,13,0,0,0,0
127,210.9375,14,0,0,0,0
127,212.5,15,0,0,0,0
127,214.0625,0,0,0,0,0
127,215.625,1,0,0,0,0
127,217.1875,2,0,0,0,0
127,218.75,3,0,0,0,0
127,220.3125,4,0,0,0,0
127,221.875,5,0,0,0,0
127,223.4375,6,0,0,0,0
127,225.0,7,0,0,0,0
127,226.5625,8,0,0,0,0
127,228.125,9,0,0,0,0
127,229.6875,10,0,0,0,0
127,231.25,11,0,0,0,0
127,232.8125,12,0,0,0,0
127,234.375,13,0,0,0,0
127,235.9375,14,0,0,0,0
127,237.5,15,0,0,0,0
127,239.0625,0,0,0,0,0
127,240.625,1,0,0,0,0
127,242.1875,2,0,0,0,0
127,243.75,3,0,0,0,0
127,245.3125,4,0,0,0,0
127,246.875,5,0,0,0,0
127,248.4375,6,0,0,0,0
127,250.0,7,0,0,0,0
127,251.5625,8,0,0,0,0
127,253.125,9,0,0,0,0
127,254.6875,10,0,0,0,0
127,256.25,11,0,0,0,0
127,257.8125,12,0,0,0,0
127,259.375,13,0,0,0,0
127,260.9375,14,0,0,0,0
127,262.5,15,0,0,0,0
127,264.0625,0,0,0,0,0
127,265.625,1,0,0,0,0
127,267.1875,2,0,0,0,0
127,268.75,3,0,0,0,0
127,270.3125,4,0,0,0,0
127,271.875,5,0,0,0,0
127,273.4375,6,0,0,0,0
128,0.0,7,0,0,0,0
128,1.5625,8,0,0,0,0
128,3.125,9,0,0,0,0
128,4.6875,10,0,0,0,0
128,6.25,11,0,0,0,0
128,7.8125,12,0,0,0,0
128,9.375,13,0,0,0,0
128,10.9375,14,0,0,0,0
128,12.5,15,0,0,0,0
128,14.0625,0,0,0,0,0
128,15.625,1,0,0,0,0
128,17.1875,2,0,0,0,0
128,18.75,3,0,0,0,0
128,20.3125,4,0,0,0,0
128,21.875,5,0,0,0,0
128,23.4375,6,0,0,0,0
128,25.0,7,0,0,0,0
128,26.5625,8,0,0,0,0
128,28.125,9,0,0,0,0
128,29.6875,10,0,0,0,0
128,31.25,11,0,0,0,0
128,32.8125,12,0,0,0,0
128,34.375,13,0,0,0,0
128,35.9375,14,0,0,0,0
128,37.5,15,0,0,0,0
128,39.0625,0,0,0,0,0
128,40.625,1,0,0,0,0
128,42.1875,2,0,0,0,0
128,43.75,3,0,0,0,0
128,45.3125,4,0,0,0,0
128,46.875,5,0,0,0,0
128,48.4375,6,0,0,0,0
128,50.0,7,0,0,0,0
128,51.5625,8,0,0,0,0
128,53.125,9,0,0,0,0
128,54.6875,10,0,0,0,0
128,56.25,11,0,0,0,0
128,57.8125,12,0,0,0,0
128,59.375,13,0,0,0,0
128,60.9375,14,0,0,0,0
128,62.5,15,0,0,0,0
128,64.0625,0,0,0,0,0
128,65.625,1,0,0,0,0
128,67.1875,2,0,0,0,0
128,68.75,3,0,0,0,0
128,70.3125,4,0,0,0,0
128,71.875,5,0,0,0,0
128,73.4375,6,0,0,0,0
128,75.0,7,0,0,0,0
128,76.5625,8,0,0,0,0
128,78.125,9,0,0,0,0
128,79.6875,10,0,0,0,0
128,81.25,11,0,0,0,0
128,82.8125,12,0,0,0,0
128,84.375,13,0,0,0,0
128,85.9375,14,0,0,0,0
128,87.5,15,0,0,0,0
128,89.0625,0,0,0,0,0
128,90.625,1,0,0,0,0
128,92.1875,2,0,0,0,0
128,93.75,3,0,0,0,0
128,95.3125,4,0,0,0,0
128,96.875,5,0,0,0,0
128,98.4375,6,0,0,0,0
128,100.0,7,0,0,0,0
128,101.5625,8,0,0,0,0
128,103.125,9,0,0,0,0
128,104.6875,10,0,0,0,0
128,106.25,11,0,0,0,0
128,107.8125,12,0,0,0,0
128,109.375,13,0,0,0,0
128,110.9375,14,0,0,0,0
128,112.5,15,0,0,0,0
128,114.0625,0,0,0,0,0
128,115.625,1,0,0,0,0
128,117.1875,2,0,0,0,0
128,118.75,3,0,0,0,0
128,120.3125,4,0,0,0,0
128,121.875,5,0,0,0,0
128,123.4375,6,0,0,0,0
128,125.0,7,0,0,0,0
128,126.5625,8,0,0,0,0
128,128.125,9,0,0,0,0
128,129.6875,10,0,0,0,0
128,131.25,11,0,0,0,0
128,132.8125,12,0,0,0,0
128,134.375,13,0,0,0,0
128,135.9375,14,0,0,0,0
128,137.5,15,0,0,0,0
128,139.0625,0,0,0,0,0
128,140.625,1,0,0,0,0
128,142.1875,2,0,0,0,0
128,143.75,3,0,0,0,0
128,145.3125,4,0,0,0,0
128,146.875,5,0,0,0,0
128,148.4375,6,0,0,0,0
128,150.0,7,0,0,0,0
128,151.5625,8,0,0,0,0
128,153.125,9,0,0,0,0
128,154.6875,10,0,0,0,0
128,156.25,11,0,0,0,0
128,157.8125,12,0,0,0,0
128,159.375,13,0,0,0,0
128,160.9375,14,0,0,0,0
128,162.5,15,0,0,0,0
128,164.0625,0,0,0,0,0
128,165.625,1,0,0,0,0
128,167.1875,2,0,0,0,0
128,168.75,3,0,0,0,0
128,170.3125,4,0,0,0,0
128,171.875,5,0,0,0,0
128,173.4375,6,0,0,0,0
128,175.0,7,0,0,0,0
128,176.5625,8,0,0,0,0
128,178.125,9,0,0,0,0
128,179.6875,10,0,0,0,0
128,181.25,11,0,0,0,0
128,182.8125,12,0,0,0,0
128,184.375,13,0,0,0,0
128,185.9375,14,0,0,0,0
128,187.5,15,0,0,0,0
128,189.0625,0,0,0,0,0
128,190.625,1,0,0,0,0
128,192.1875,2,0,0,0,0
128,193.75,3,0,0,0,0
128,195.3125,4,0,0,0,0
128,196.875,5,0,0,0,0
128,198.4375,6,0,0,0,0
128,200.0,7,0,0,0,0
128,201.5625,8,0,0,0,0
128,203.125,9,0,0,0,0
128,204.6875,10,0,0,0,0
128,206.25,11,0,0,0,0
128,207.8125,12,0,0,0,0
128,209.375,13,0,0,0,0
128,210.9375,14,0,0,0,0
128,212.5,15,0,0,0,0
128,214.0625,0,0,0,0,0
128,215.625,1,0,0,0,0
128,217.1875,2,0,0,0,0
128,218.75,3,0,0,0,0
128,220.3125,4,0,0,0,0
128,221.875,5,0,0,0,0
128,223.4375,6,0,0,0,0
128,225.0,7,0,0,0,0
128,226.5625,8,0,0,0,0
128,228.125,9,0,0,0,0
128,229.6875,10,0,0,0,0
128,231.25,11,0,0,0,0
128,232.8125,12,0,0,0,0
128,234.375,13,0,0,0,0
128,235.9375,14,0,0,0,0
128,237.5,15,0,0,0,0
128,239.0625,0,0,0,0,0
128,240.625,1,0,0,0,0
128,242.1875,2,0,0,0,0
128,243.75,3,0,0,0,0
128,245.3125,4,0,0,0,0
128,246.875,5,0,0,0,0
128,248.4375,6,0,0,0,0
128,250.0,7,0,0,0,0
128,251.5625,8,0,0,0,0
128,253.125,9,0,0,0,0
128,254.6875,10,0,0,0,0
128,256.25,11,0,0,0,0
128,257.8125,12,0,0,0,0
128,259.375,13,0,0,0,0
128,260.9375,14,0,0,0,0
128,262.5,15,0,0,0,0
128,264.0625,0,0,0,0,0
128,265.625,1,0,0,0,0
128,267.1875,2,0,0,0,0
128,268.75,3,0,0,0,0
128,270.3125,4,0,0,0,0
128,271.875,5,0,0,0,0
128,273.4375,6,0,0,0,0
129,0.0,7,0,0,0,0
129,1.5625,8,0,0,0,0
129,3.125,9,0,0,0,0
129,4.6875,10,0,0,0,0
129,6.25,11,0,0,0,0
129,7.8125,12,0,0,0,0
129,9.375,13,0,0,0,0
129,10.9375,14,0,0,0,0
129,12.5,15,0,0,0,0
129,14.0625,0,0,0,0,0
129,15.625,1,0,0,0,0
129,17.1875,2,0,0,0,0
129,18.75,3,0,0,0,0
129,20.3125,4,0,0,0,0
129,21.875,5,0,0,0,0
129,23.4375,6,0,0,0,0
129,25.0,7,0,0,0,0
129,26.5625,8,0,0,0,0
129,28.125,9,0,0,0,0
129,29.6875,10,0,0,0,0
129,31.25,11,0,0,0,0
129,32.8125,12,0,0,0,0
129,34.375,13,0,0,0,0
129,35.9375,14,0,0,0,0
129,37.5,15,0,0,0,0
129,39.0625,0,0,0,0,0
129,40.625,1,0,0,0,0
129,42.1875,2,0,0,0,0
129,43.75,3,0,0,0,0
129,45.3125,4,0,0,0,0
129,46.875,5,0,0,0,0
129,48.4375,6,0,0,0,0
129,50.0,7,0,0,0,0
129,51.5625,8,0,0,0,0
129,53.125,9,0,0,0,0
129,54.6875,10,0,0,0,0
129,56.25,11,0,0,0,0
129,57.8125,12,0,0,0,0
129,59.375,13,0,0,0,0
129,60.9375,14,0,0,0,0
129,62.5,15,0,0,0,0
129,64.0625,0,0,0,0,0
129,65.625,1,0,0,0,0
129,67.1875,2,0,0,0,0
129,68.75,3,0,0,0,0
129,70.3125,4,0,0,0,0
129,71.875,5,0,0,0,0
129,73.4375,6,0,0,0,0
129,75.0,7,0,0,0,0
129,76.5625,8,0,0,0,0
129,78.125,9,0,0,0,0
129,79.6875,10,0,0,0,0
129,81.25,11,0,0,0,0
129,82.8125,12,0,0,0,0
129,84.375,13,0,0,0,0
129,85.9375,14,0,0,0,0
129,87.5,15,0,0,0,0
129,89.0625,0,0,0,0,0
129,90.625,1,0,0,0,0
129,92.1875,2,0,0,0,0
129,93.75,3,0,0,0,0
129,95.3125,4,0,0,0,0
129,96.875,5,0,0,0,0
129,98.4375,6,0,0,0,0
129,100.0,7,0,0,0,0
129,101.5625,8,0,0,0,0
129,103.125,9,0,0,0,0
129,104.6875,10,0,0,0,0
129,106.25,11,0,0,0,0
129,107.8125,12,0,0,0,0
129,109.375,13,0,0,0,0
129,110.9375,14,0,0,0,0
129,112.5,15,0,0,0,0
129,114.0625,0,0,0,0,0
129,115.625,1,0,0,0,0
129,117.1875,2,0,0,0,0
129,118.75,3,0,0,0,0
129,120.3125,4,0,0,0,0
129,121.875,5,0,0,0,0
129,123.4375,6,0,0,0,0
129,125.0,7,0,0,0,0
129,126.5625,8,0,0,0,0
129,128.125,9,0,0,0,0
129,129.6875,10,0,0,0,0
129,131.25,11,0,0,0,0
129,132.8125,12,0,0,0,0
129,134.375,13,0,0,0,0
129,135.9375,14,0,0,0,0
129,137.5,15,0,0,0,0
129,139.0625,0,0,0,0,0
129,140.625,1,0,0,0,0
129,142.1875,2,0,0,0,0
129,143.75,3,0,0,0,0
129,145.3125,4,0,0,0,0
129,146.875,5,0,0,0,0
129,148.4375,6,0,0,0,0
129,150.0,7,0,0,0,0
129,151.5625,8,0,0,0,0
129,153.125,9,0,0,0,0
129,154.6875,10,0,0,0,0
129,156.25,11,0,0,0,0
129,157.8125,12,0,0,0,0
129,159.375,13,0,0,0,0
129,160.9375,14,0,0,0,0
129,162.5,15,0,0,0,0
129,164.0625,0,0,0,0,0
129,165.625,1,0,0,0,0
129,167.1875,2,0,0,0,0
129,168.75,3,0,0,0,0
129,170.3125,4,0,0,0,0
129,171.875,5,0,0,0,0
129,173.4375,6,0,0,0,0
129,175.0,7,0,0,0,0
129,176.5625,8,0,0,0,0
129,178.125,9,0,0,0,0
129,179.6875,10,0,0,0,0
129,181.25,11,0,0,0,0
129,182.8125,12,0,0,0,0
129,184.375,13,0,0,0,0
129,185.9375,14,0,0,0,0
129,187.5,15,0,0,0,0
129,189.0625,0,0,0,0,0
129,190.625,1,0,0,0,0
129,192.1875,2,0,0,0,0
129,193.75,3,0,0,0,0
129,195.3125,4,0,0,0,0
129,196.875,5,0,0,0,0
129,198.4375,6,0,0,0,0
129,200.0,7,0,0,0,0
129,201.5625,8,0,0,0,0
129,203.125,9,0,0,0,0
129,204.6875,10,0,0,0,0
129,206.25,11,0,0,0,0
129,207.8125,12,0,0,0,0
129,209.375,13,0,0,0,0
129,210.9375,14,0,0,0,0
129,212.5,15,0,0,0,0
129,214.0625,0,0,0,0,0
129,215.625,1,0,0,0,0
129,217.1875,2,0,0,0,0
129,218.75,3,0,0,0,0
129,220.3125,4,0,0,0,0
129,221.875,5,0,0,0,0
129,223.4375,6,0,0,0,0
129,225.0,7,0,0,0,0
129,226.5625,8,0,0,0,0
129,228.125,9,0,0,0,0
129,229.6875,10,0,0,0,0
129,231.25,11,0,0,0,0
129,232.8125,12,0,0,0,0
129,234.375,13,0,0,0,0
129,235.9375,14,0,0,0,0
129,237.5,15,0,0,0,0
129,239.0625,0,0,0,0,0
129,240.625,1,0,0,0,0
129,242.1875,2,0,0,0,0
129,243.75,3,0,0,0,0
129,245.3125,4,0,0,0,0
129,246.875,5,0,0,0,0
129,248.4375,6,0,0,0,0
129,250.0,7,0,0,0,0
129,251.5625,8,0,0,0,0
129,253.125,9,0,0,0,0
129,254.6875,10,0,0,0,0
129,256.25,11,0,0,0,0
129,257.8125,12,0,0,0,0
129,259.375,13,0,0,0,0
129,260.9375,14,0,0,0,0
129,262.5,15,0,0,0,0
129,264.0625,0,0,0,0,0
129,265.625,1,0,0,0,0
129,267.1875,2,0,0,0,0
129,268.75,3,0,0,0,0
129,270.3125,4,0,0,0,0
129,271.875,5,0,0,0,0
129,273.4375,6,0,0,0,0
130,0.0,7,0,0,0,0
130,1.5625,8,0,0,0,0
130,3.125,9,0,0,0,0
130,4.6875,10,0,0,0,0
130,6.25,11,0,0,0,0
130,7.8125,12,0,0,0,0
130,9.375,13,0,0,0,0
130,10.9375,14,0,0,0,0
130,12.5,15,0,0,0,0
130,14.0625,0,0,0,0,0
130,15.625,1,0,0,0,0
130,17.1875,2,0,0,0,0
130,18.75,3,0,0,0,0
130,20.3125,4,0,0,0,0
130,21.875,5,0,0,0,0
130,23.4375,6,0,0,0,0
130,25.0,7,0,0,0,0
130,26.5625,8,0,0,0,0
130,28.125,9,0,0,0,0
130,29.6875,10,0,0,0,0
130,31.25,11,0,0,0,0
130,32.8125,12,0,0,0,0
130,34.375,13,0,0,0,0
130,35.9375,14,0,0,0,0
130,37.5,15,0,0,0,0
130,39.0625,0,0,0,0,0
130,40.625,1,0,0,0,0
130,42.1875,2,0,0,0,0
130,43.75,3,0,0,0,0
130,45.3125,4,0,0,0,0
130,46.875,5,0,0,0,0
130,48.4375,6,0,0,0,0
130,50.0,7,0,0,0,0
130,51.5625,8,0,0,0,0
130,53.125,9,0,0,0,0
130,54.6875,10,0,0,0,0
130,56.25,11,0,0,0,0
130,57.8125,12,0,0,0,0
130,59.375,13,0,0,0,0
130,60.9375,14,0,0,0,0
130,62.5,15,0,0,0,0
130,64.0625,0,0,0,0,0
130,65.625,1,0,0,0,0
130,67.1875,2,0,0,0,0
130,68.75,3,0,0,0,0
130,70.3125,4,0,0,0,0
130,71.875,5,0,0,0,0
130,73.4375,6,0,0,0,0
130,75.0,7,0,0,0,0
130,76.5625,8,0,0,0,0
130,78.125,9,0,0,0,0
130,79.6875,10,0,0,0,0
130,81.25,11,0,0,0,0
130,82.8125,12,0,0,0,0
130,84.375,13,0,0,0,0
130,85.9375,14,0,0,0,0
130,87.5,15,0,0,0,0
130,89.0625,0,0,0,0,0
130,90.625,1,0,0,0,0
130,92.1875,2,0,0,0,0
130,93.75,3,0,0,0,0
130,95.3125,4,0,0,0,0
130,96.875,5,0,0,0,0
130,98.4375,6,0,0,0,0
130,100.0,7,0,0,0,0
130,101.5625,8,0,0,0,0
130,103.125,9,0,0,0,0
130,104.6875,10,0,0,0,0
130,106.25,11,0,0,0,0
130,107.8125,12,0,0,0,0
130,109.375,13,0,0,0,0
130,110.9375,14,0,0,0,0
130,112.5,15,0,0,0,0
130,114.0625,0,0,0,0,0
130,115.625,1,0,0,0,0
130,117.1875,2,0,0,0,0
130,118.75,3,0,0,0,0
130,120.3125,4,0,0,0,0
130,121.875,5,0,0,0,0
130,123.4375,6,0,0,0,0
130,125.0,7,0,0,0,0
130,126.5625,8,0,0,0,0
130,128.125,9,0,0,0,0
130,129.6875,10,0,0,0,0
130,131.25,11,0,0,0,0
130,132.8125,12,0,0,0,0
130,134.375,13,0,0,0,0
130,135.9375,14,0,0,0,0
130,137.5,15,0,0,0,0
130,139.0625,0,0,0,0,0
130,140.625,1,0,0,0,0
130,142.1875,2,0,0,0,0
130,143.75,3,0,0,0,0
130,145.3125,4,0,0,0,0
130,146.875,5,0,0,0,0
130,148.4375,6,0,0,0,0
130,150.0,7,0,0,0,0
130,151.5625,8,0,0,0,0
130,153.125,9,0,0,0,0
130,154.6875,10,0,0,0,0
130,156.25,11,0,0,0,0
130,157.8125,12,0,0,0,0
130,159.375,13,0,0,0,0
130,160.9375,14,0,0,0,0
130,162.5,15,0,0,0,0
130,164.0625,0,0,0,0,0
130,165.625,1,0,0,0,0
130,167.1875,2,0,0,0,0
130,168.75,3,0,0,0,0
130,170.3125,4,0,0,0,0
130,171.875,5,0,0,0,0
130,173.4375,6,0,0,0,0
130,175.0,7,0,0,0,0
130,176.5625,8,0,0,0,0
130,178.125,9,0,0,0,0
130,179.6875,10,0,0,0,0
130,181.25,11,0,0,0,0
130,182.8125,12,0,0,0,0
130,184.375,13,0,0,0,0
130,185.9375,14,0,0,0,0
130,187.5,15,0,0,0,0
130,189.0625,0,0,0,0,0
130,190.625,1,0,0,0,0
130,192.1875,2,0,0,0,0
130,193.75,3,0,0,0,0
130,195.3125,4,0,0,0,0
130,196.875,5,0,0,0,0
130,198.4375,6,0,0,0,0
130,200.0,7,0,0,0,0
130,201.5625,8,0,0,0,0
130,203.125,9,0,0,0,0
130,204.6875,10,0,0,0,0
130,206.25,11,0,0,0,0
130,207.8125,12,0,0,0,0
130,209.375,13,0,0,0,0
130,210.9375,14,0,0,0,0
130,212.5,15,0,0,0,0
130,214.0625,0,0,0,0,0
130,215.625,1,0,0,0,0
130,217.1875,2,0,0,0,0
130,218.75,3,0,0,0,0
130,220.3125,4,0,0,0,0
130,221.875,5,0,0,0,0
130,223.4375,6,0,0,0,0
130,225.0,7,0,0,0,0
130,226.5625,8,0,0,0,0
130,228.125,9,0,0,0,0
130,229.6875,10,0,0,0,0
130,231.25,11,0,0,0,0
130,232.8125,12,0,0,0,0
130,234.375,13,0,0,0,0
130,235.9375,14,0,0,0,0
130,237.5,15,0,0,0,0
130,239.0625,0,0,0,0,0
130,240.625,1,0,0,0,0
130,242.1875,2,0,0,0,0
130,243.75,3,0,0,0,0
130,245.3125,4,0,0,0,0
130,246.875,5,0,0,0,0
130,248.4375,6,0,0,0,0
130,250.0,7,0,0,0,0
130,251.5625,8,0,0,0,0
130,253.125,9,0,0,0,0
130,254.6875,10,0,0,0,0
130,256.25,11,0,0,0,0
130,257.8125,12,0,0,0,0
130,259.375,13,0,0,0,0
130,260.9375,14,0,0,0,0
130,262.5,15,0,0,0,0
130,264.0625,0,0,0,0,0
130,265.625,1,0,0,0,0
130,267.1875,2,0,0,0,0
130,268.75,3,0,0,0,0
130,270.3125,4,0,0,0,0
130,271.875,5,0,0,0,0
130,273.4375,6,0,0,0,0
131,0.0,7,0,0,0,0
131,1.5625,8,0,0,0,0
131,3.125,9,0,0,0,0
131,4.6875,10,0,0,0,0
131,6.25,11,0,0,0,0
131,7.8125,12,0,0,0,0
131,9.375,13,0,0,0,0
131,10.9375,14,0,0,0,0
131,12.5,15,0,0,0,0
131,14.0625,0,0,0,0,0
131,15.625,1,0,0,0,0
131,17.1875,2,0,0,0,0
131,18.75,3,0,0,0,0
131,20.3125,4,0,0,0,0
131,21.875,5,0,0,0,0
131,23.4375,6,0,0,0,0
131,25.0,7,0,0,0,0
131,26.5625,8,0,0,0,0
131,28.125,9,0,0,0,0
131,29.6875,10,0,0,0,0
131,31.25,11,0,0,0,0
131,32.8125,12,0,0,0,0
131,34.375,13,0,0,0,0
131,35.9375,14,0,0,0,0
131,37.5,15,0,0,0,0
131,39.0625,0,0,0,0,0
131,40.625,1,0,0,0,0
131,42.1875,2,0,0,0,0
131,43.75,3,0,0,0,0
131,45.3125,4,0,0,0,0
131,46.875,5,0,0,0,0
131,48.4375,6,0,0,0,0
131,50.0,7,0,0,0,0
131,51.5625,8,0,0,0,0
131,53.125,9,0,0,0,0
131,54.6875,10,0,0,0,0
131,56.25,11,0,0,0,0
131,57.8125,12,0,0,0,0
131,59.375,13,0,0,0,0
131,60.9375,14,0,0,0,0
131,62.5,15,0,0,0,0
131,64.0625,0,0,0,0,0
131,65.625,1,0,0,0,0
131,67.1875,2,0,0,0,0
131,68.75,3,0,0,0,0
131,70.3125,4,0,0,0,0
131,71.875,5,0,0,0,0
131,73.4375,6,0,0,0,0
131,75.0,7,0,0,0,0
131,76.5625,8,0,0,0,0
131,78.125,9,0,0,0,0
131,79.6875,10,0,0,0,0
131,81.25,11,0,0,0,0
131,82.8125,12,0,0,0,0
131,84.375,13,0,0,0,0
131,85.9375,14,0,0,0,0
131,87.5,15,0,0,0,0
131,89.0625,0,0,0,0,0
131,90.625,1,0,0,0,0
131,92.1875,2,0,0,0,0
131,93.75,3,0,0,0,0
131,95.3125,4,0,0,0,0
131,96.875,5,0,0,0,0
131,98.4375,6,0,0,0,0
131,100.0,7,0,0,0,0
131,101.5625,8,0,0,0,0
131,103.125,9,0,0,0,0
131,104.6875,10,0,0,0,0
131,106.25,11,0,0,0,0
131,107.8125,12,0,0,0,0
131,109.375,13,0,0,0,0
131,110.9375,14,0,0,0,0
131,112.5,15,0,0,0,0
131,114.0625,0,0,0,0,0
131,115.625,1,0,0,0,0
131,117.1875,2,0,0,0,0
131,118.75,3,0,0,0,0
131,120.3125,4,0,0,0,0
131,121.875,5,0,0,0,0
131,123.4375,6,0,0,0,0
131,125.0,7,0,0,0,0
131,126.5625,8,0,0,0,0
131,128.125,9,0,0,0,0
131,129.6875,10,0,0,0,0
131,131.25,11,0,0,0,0
131,132.8125,12,0,0,0,0
131,134.375,13,0,0,0,0
131,135.9375,14,0,0,0,0
131,137.5,15,0,0,0,0
131,139.0625,0,0,0,0,0
131,140.625,1,0,0,0,0
131,142.1875,2,0,0,0,0
131,143.75,3,0,0,0,0
131,145.3125,4,0,0,0,0
131,146.875,5,0,0,0,0
131,148.4375,6,0,0,0,0
131,150.0,7,0,0,0,0
131,151.5625,8,0,0,0,0
131,153.125,9,0,0,0,0
131,154.6875,10,0,0,0,0
131,156.25,11,0,0,0,0
131,157.8125,12,0,0,0,0
131,159.375,13,0,0,0,0
131,160.9375,14,0,0,0,0
131,162.5,15,0,0,0,0
131,164.0625,0,0,0,0,0
131,165.625,1,0,0,0,0
131,167.1875,2,0,0,0,0
131,168.75,3,0,0,0,0
131,170.3125,4,0,0,0,0
131,171.875,5,0,0,0,0
131,173.4375,6,0,0,0,0
131,175.0,7,0,0,0,0
131,176.5625,8,0,0,0,0
131,178.125,9,0,0,0,0
131,179.6875,10,0,0,0,0
131,181.25,11,0,0,0,0
131,182.8125,12,0,0,0,0
131,184.375,13,0,0,0,0
131,185.9375,14,0,0,0,0
131,187.5,15,0,0,0,0
131,189.0625,0,0,0,0,0
131,190.625,1,0,0,0,0
131,192.1875,2,0,0,0,0
131,193.75,3,0,0,0,0
131,195.3125,4,0,0,0,0
131,196.875,5,0,0,0,0
131,198.4375,6,0,0,0,0
131,200.0,7,0,0,0,0
131,201.5625,8,0,0,0,0
131,203.125,9,0,0,0,0
131,204.6875,10,0,0,0,0
131,206.25,11,0,0,0,0
131,207.8125,12,0,0,0,0
131,209.375,13,0,0,0,0
131,210.9375,14,0,0,0,0
131,212.5,15,0,0,0,0
131,214.0625,0,0,0,0,0
131,215.625,1,0,0,0,0
131,217.1875,2,0,0,0,0
131,218.75,3,0,0,0,0
131,220.3125,4,0,0,0,0
131,221.875,5,0,0,0,0
131,223.4375,6,0,0,0,0
131,225.0,7,0,0,0,0
131,226.5625,8,0,0,0,0
131,228.125,9,0,0,0,0
131,229.6875,10,0,0,0,0
131,231.25,11,0,0,0,0
131,232.8125,12,0,0,0,0
131,234.375,13,0,0,0,0
131,235.9375,14,0,0,0,0
131,237.5,15,0,0,0,0
131,239.0625,0,0,0,0,0
131,240.625,1,0,0,0,0
131,242.1875,2,0,0,0,0
131,243.75,3,0,0,0,0
131,245.3125,4,0,0,0,0
131,246.875,5,0,0,0,0
131,248.4375,6,0,0,0,0
131,250.0,7,0,0,0,0
131,251.5625,8,0,0,0,0
131,253.125,9,0,0,0,0
131,254.6875,10,0,0,0,0
131,256.25,11,0,0,0,0
131,257.8125,12,0,0,0,0
131,259.375,13,0,0,0,0
131,260.9375,14,0,0,0,0
131,262.5,15,0,0,0,0
131,264.0625,0,0,0,0,0
131,265.625,1,0,0,0,0
131,267.1875,2,0,0,0,0
131,268.75,3,0,0,0,0
131,270.3125,4,0,0,0,0
131,271.875,5,0,0,0,0
131,273.4375,6,0,0,0,0
132,0.0,7,0,0,0,0
132,1.5625,8,0,0,0,0
132,3.125,9,0,0,0,0
132,4.6875,10,0,0,0,0
132,6.25,11,0,0,0,0
132,7.8125,12,0,0,0,0
132,9.375,13,0,0,0,0
132,10.9375,14,0,0,0,0
132,12.5,15,0,0,0,0
132,14.0625,0,0,0,0,0
132,15.625,1,0,0,0,0
132,17.1875,2,0,0,0,0
132,18.75,3,0,0,0,0
132,20.3125,4,0,0,0,0
132,21.875,5,0,0,0,0
132,23.4375,6,0,0,0,0
132,25.0,7,0,0,0,0
132,26.5625,8,0,0,0,0
132,28.125,9,0,0,0,0
132,29.6875,10,0,0,0,0
132,31.25,11,0,0,0,0
132,32.8125,12,0,0,0,0
132,34.375,13,0,0,0,0
132,35.9375,14,0,0,0,0
132,37.5,15,0,0,0,0
132,39.0625,0,0,0,0,0
132,40.625,1,0,0,0,0
132,42.1875,2,0,0,0,0
132,43.75,3,0,0,0,0
132,45.3125,4,0,0,0,0
132,46.875,5,0,0,0,0
132,48.4375,6,0,0,0,0
132,50.0,7,0,0,0,0
132,51.5625,8,0,0,0,0
132,53.125,9,0,0,0,0
132,54.6875,10,0,0,0,0
132,56.25,11,0,0,0,0
132,57.8125,12,0,0,0,0
132,59.375,13,0,0,0,0
132,60.9375,14,0,0,0,0
132,62.5,15,0,0,0,0
132,64.0625,0,0,0,0,0
132,65.625,1,0,0,0,0
132,67.1875,2,0,0,0,0
132,68.75,3,0,0,0,0
132,70.3125,4,0,0,0,0
132,71.875,5,0,0,0,0
132,73.4375,6,0,0,0,0
132,75.0,7,0,0,0,0
132,76.5625,8,0,0,0,0
132,78.125,9,0,0,0,0
132,79.6875,10,0,0,0,0
132,81.25,11,0,0,0,0
132,82.8125,12,0,0,0,0
132,84.375,13,0,0,0,0
132,85.9375,14,0,0,0,0
132,87.5,15,0,0,0,0
132,89.0625,0,0,0,0,0
132,90.625,1,0,0,0,0
132,92.1875,2,0,0,0,0
132,93.75,3,0,0,0,0
132,95.3125,4,0,0,0,0
132,96.875,5,0,0,0,0
132,98.4375,6,0,0,0,0
132,100.0,7,0,0,0,0
132,101.5625,8,0,0,0,0
132,103.125,9,0,0,0,0
132,104.6875,10,0,0,0,0
132,106.25,11,0,0,0,0
132,107.8125,12,0,0,0,0
132,109.375,13,0,0,0,0
132,110.9375,14,0,0,0,0
132,112.5,15,0,0,0,0
132,114.0625,0,0,0,0,0
132,115.625,1,0,0,0,0
132,117.1875,2,0,0,0,0
132,118.75,3,0,0,0,0
132,120.3125,4,0,0,0,0
132,121.875,5,0,0,0,0
132,123.4375,6,0,0,0,0
132,125.0,7,0,0,0,0
132,126.5625,8,0,0,0,0
132,128.125,9,0,0,0,0
132,129.6875,10,0,0,0,0
132,131.25,11,0,0,0,0
132,132.8125,12,0,0,0,0
132,134.375,13,0,0,0,0
132,135.9375,14,0,0,0,0
132,137.5,15,0,0,0,0
132,139.0625,0,0,0,0,0
132,140.625,1,0,0,0,0
132,142.1875,2,0,0,0,0
132,143.75,3,0,0,0,0
132,145.3125,4,0,0,0,0
132,146.875,5,0,0,0,0
132,148.4375,6,0,0,0,0
132,150.0,7,0,0,0,0
132,151.5625,8,0,0,0,0
132,153.125,9,0,0,0,0
132,154.6875,10,0,0,0,0
132,156.25,11,0,0,0,0
132,157.8125,12,0,0,0,0
132,159.375,13,0,0,0,0
132,160.9375,14,0,0,0,0
132,162.5,15,0,0,0,0
132,164.0625,0,0,0,0,0
132,165.625,1,0,0,0,0
132,167.1875,2,0,0,0,0
132,168.75,3,0,0,0,0
132,170.3125,4,0,0,0,0
132,171.875,5,0,0,0,0
132,173.4375,6,0,0,0,0
132,175.0,7,0,0,0,0
132,176.5625,8,0,0,0,0
132,178.125,9,0,0,0,0
132,179.6875,10,0,0,0,0
132,181.25,11,0,0,0,0
132,182.8125,12,0,0,0,0
132,184.375,13,0,0,0,0
132,185.9375,14,0,0,0,0
132,187.5,15,0,0,0,0
132,189.0625,0,0,0,0,0
132,190.625,1,0,0,0,0
132,192.1875,2,0,0,0,0
132,193.75,3,0,0,0,0
132,195.3125,4,0,0,0,0
132,196.875,5,0,0,0,0
132,198.4375,6,0,0,0,0
132,200.0,7,0,0,0,0
132,201.5625,8,0,0,0,0
132,203.125,9,0,0,0,0
132,204.6875,10,0,0,0,0
132,206.25,11,0,0,0,0
132,207.8125,12,0,0,0,0
132,209.375,13,0,0,0,0
132,210.9375,14,0,0,0,0
132,212.5,15,0,0,0,0
132,214.0625,0,0,0,0,0
132,215.625,1,0,0,0,0
132,217.1875,2,0,0,0,0
132,218.75,3,0,0,0,0
132,220.3125,4,0,0,0,0
132,221.875,5,0,0,0,0
132,223.4375,6,0,0,0,0
132,225.0,7,0,0,0,0
132,226.5625,8,0,0,0,0
132,228.125,9,0,0,0,0
132,229.6875,10,0,0,0,0
132,231.25,11,0,0,0,0
132,232.8125,12,0,0,0,0
132,234.375,13,0,0,0,0
132,235.9375,14,0,0,0,0
132,237.5,15,0,0,0,0
132,239.0625,0,0,0,0,0
132,240.625,1,0,0,0,0
132,242.1875,2,0,0,0,0
132,243.75,3,0,0,0,0
132,245.3125,4,0,0,0,0
132,246.875,5,0,0,0,0
132,248.4375,6,0,0,0,0
132,250.0,7,0,0,0,0
132,251.5625,8,0,0,0,0
132,253.125,9,0,0,0,0
132,254.6875,10,0,0,0,0
132,256.25,11,0,0,0,0
132,257.8125,12,0,0,0,0
132,259.375,13,0,0,0,0
132,260.9375,14,0,0,0,0
132,262.5,15,0,0,0,0
132,264.0625,0,0,0,0,0
132,265.625,1,0,0,0,0
132,267.1875,2,0,0,0,0
132,268.75,3,0,0,0,0
132,270.3125,4,0,0,0,0
132,271.875,5,0,0,0,0
132,273.4375,6,0,0,0,0
133,0.0,7,0,0,0,0
133,1.5625,8,0,0,0,0
133,3.125,9,0,0,0,0
133,4.6875,10,0,0,0,0
133,6.25,11,0,0,0,0
133,7.8125,12,0,0,0,0
133,9.375,13,0,0,0,0
133,10.9375,14,0,0,0,0
133,12.5,15,0,0,0,0
133,14.0625,0,0,0,0,0
133,15.625,1,0,0,0,0
133,17.1875,2,0,0,0,0
133,18.75,3,0,0,0,0
133,20.3125,4,0,0,0,0
133,21.875,5,0,0,0,0
133,23.4375,6,0,0,0,0
133,25.0,7,0,0,0,0
133,26.5625,8,0,0,0,0
133,28.125,9,0,0,0,0
133,29.6875,10,0,0,0,0
133,31.25,11,0,0,0,0
133,32.8125,12,0,0,0,0
133,34.375,13,0,0,0,0
133,35.9375,14,0,0,0,0
133,37.5,15,0,0,0,0
133,39.0625,0,0,0,0,0
133,40.625,1,0,0,0,0
133,42.1875,2,0,0,0,0
133,43.75,3,0,0,0,0
133,45.3125,4,0,0,0,0
133,46.875,5,0,0,0,0
133,48.4375,6,0,0,0,0
133,50.0,7,0,0,0,0
133,51.5625,8,0,0,0,0
133,53.125,9,0,0,0,0
133,54.6875,10,0,0,0,0
133,56.25,11,0,0,0,0
133,57.8125,12,0,0,0,0
133,59.375,13,0,0,0,0
133,60.9375,14,0,0,0,0
133,62.5,15,0,0,0,0
133,64.0625,0,0,0,0,0
133,65.625,1,0,0,0,0
133,67.1875,2,0,0,0,0
133,68.75,3,0,0,0,0
133,70.3125,4,0,0,0,0
133,71.875,5,0,0,0,0
133,73.4375,6,0,0,0,0
133,75.0,7,0,0,0,0
133,76.5625,8,0,0,0,0
133,78.125,9,0,0,0,0
133,79.6875,10,0,0,0,0
133,81.25,11,0,0,0,0
133,82.8125,12,0,0,0,0
133,84.375,13,0,0,0,0
133,85.9375,14,0,0,0,0
133,87.5,15,0,0,0,0
133,89.0625,0,0,0,0,0
133,90.625,1,0,0,0,0
133,92.1875,2,0,0,0,0
133,93.75,3,0,0,0,0
133,95.3125,4,0,0,0,0
133,96.875,5,0,0,0,0
133,98.4375,6,0,0,0,0
133,100.0,7,0,0,0,0
133,101.5625,8,0,0,0,0
133,103.125,9,0,0,0,0
133,104.6875,10,0,0,0,0
133,106.25,11,0,0,0,0
133,107.8125,12,0,0,0,0
133,109.375,13,0,0,0,0
133,110.9375,14,0,0,0,0
133,112.5,15,0,0,0,0
133,114.0625,0,0,0,0,0
133,115.625,1,0,0,0,0
133,117.1875,2,0,0,0,0
133,118.75,3,0,0,0,0
133,120.3125,4,0,0,0,0
133,121.875,5,0,0,0,0
133,123.4375,6,0,0,0,0
133,125.0,7,0,0,0,0
133,126.5625,8,0,0,0,0
133,128.125,9,0,0,0,0
133,129.6875,10,0,0,0,0
133,131.25,11,0,0,0,0
133,132.8125,12,0,0,0,0
133,134.375,13,0,0,0,0
133,135.9375,14,0,0,0,0
133,137.5,15,0,0,0,0
133,139.0625,0,0,0,0,0
133,140.625,1,0,0,0,0
133,142.1875,2,0,0,0,0
133,143.75,3,0,0,0,0
133,145.3125,4,0,0,0,0
133,146.875,5,0,0,0,0
133,148.4375,6,0,0,0,0
133,150.0,7,0,0,0,0
133,151.5625,8,0,0,0,0
133,153.125,9,0,0,0,0
133,154.6875,10,0,0,0,0
133,156.25,11,0,0,0,0
133,157.8125,12,0,0,0,0
133,159.375,13,0,0,0,0
133,160.9375,14,0,0,0,0
133,162.5,15,0,0,0,0
133,164.0625,0,0,0,0,0
133,165.625,1,0,0,0,0
133,167.1875,2,0,0,0,0
133,168.75,3,0,0,0,0
133,170.3125,4,0,0,0,0
133,171.875,5,0,0,0,0
133,173.4375,6,0,0,0,0
133,175.0,7,0,0,0,0
133,176.5625,8,0,0,0,0
133,178.125,9,0,0,0,0
133,179.6875,10,0,0,0,0
133,181.25,11,0,0,0,0
133,182.8125,12,0,0,0,0
133,184.375,13,0,0,0,0
133,185.9375,14,0,0,0,0
133,187.5,15,0,0,0,0
133,189.0625,0,0,0,0,0
133,190.625,1,0,0,0,0
133,192.1875,2,0,0,0,0
133,193.75,3,0,0,0,0
133,195.3125,4,0,0,0,0
133,196.875,5,0,0,0,0
133,198.4375,6,0,0,0,0
133,200.0,7,0,0,0,0
133,201.5625,8,0,0,0,0
133,203.125,9,0,0,0,0
133,204.6875,10,0,0,0,0
133,206.25,11,0,0,0,0
133,207.8125,12,0,0,0,0
133,209.375,13,0,0,0,0
133,210.9375,14,0,0,0,0
133,212.5,15,0,0,0,0
133,214.0625,0,0,0,0,0
133,215.625,1,0,0,0,0
133,217.1875,2,0,0,0,0
133,218.75,3,0,0,0,0
133,220.3125,4,0,0,0,0
133,221.875,5,0,0,0,0
133,223.4375,6,0,0,0,0
133,225.0,7,0,0,0,0
133,226.5625,8,0,0,0,0
133,228.125,9,0,0,0,0
133,229.6875,10,0,0,0,0
133,231.25,11,0,0,0,0
133,232.8125,12,0,0,0,0
133,234.375,13,0,0,0,0
133,235.9375,14,0,0,0,0
133,237.5,15,0,0,0,0
133,239.0625,0,0,0,0,0
133,240.625,1,0,0,0,0
133,242.1875,2,0,0,0,0
133,243.75,3,0,0,0,0
133,245.3125,4,0,0,0,0
133,246.875,5,0,0,0,0
133,248.4375,6,0,0,0,0
133,250.0,7,0,0,0,0
133,251.5625,8,0,0,0,0
133,253.125,9,0,0,0,0
133,254.6875,10,0,0,0,0
133,256.25,11,0,0,0,0
133,257.8125,12,0,0,0,0
133,259.375,13,0,0,0,0
133,260.9375,14,0,0,0,0
133,262.5,15,0,0,0,0
133,264.0625,0,0,0,0,0
133,265.625,1,0,0,0,0
133,267.1875,2,0,0,0,0
133,268.75,3,0,0,0,0
133,270.3125,4,0,0,0,0
133,271.875,5,0,0,0,0
133,273.4375,6,0,0,0,0
134,0.0,7,0,0,0,0
134,1.5625,8,0,0,0,0
134,3.125,9,0,0,0,0
134,4.6875,10,0,0,0,0
134,6.25,11,0,0,0,0
134,7.8125,12,0,0,0,0
134,9.375,13,0,0,0,0
134,10.9375,14,0,0,0,0
134,12.5,15,0,0,0,0
134,14.0625,0,0,0,0,0
134,15.625,1,0,0,0,0
134,17.1875,2,0,0,0,0
134,18.75,3,0,0,0,0
134,20.3125,4,0,0,0,0
134,21.875,5,0,0,0,0
134,23.4375,6,0,0,0,0
134,25.0,7,0,0,0,0
134,26.5625,8,0,0,0,0
134,28.125,9,0,0,0,0
134,29.6875,10,0,0,0,0
134,31.25,11,0,0,0,0
134,32.8125,12,0,0,0,0
134,34.375,13,0,0,0,0
134,35.9375,14,0,0,0,0
134,37.5,15,0,0,0,0
134,39.0625,0,0,0,0,0
134,40.625,1,0,0,0,0
134,42.1875,2,0,0,0,0
134,43.75,3,0,0,0,0
134,45.3125,4,0,0,0,0
134,46.875,5,0,0,0,0
134,48.4375,6,0,0,0,0
134,50.0,7,0,0,0,0
134,51.5625,8,0,0,0,0
134,53.125,9,0,0,0,0
134,54.6875,10,0,0,0,0
134,56.25,11,0,0,0,0
134,57.8125,12,0,0,0,0
134,59.375,13,0,0,0,0
134,60.9375,14,0,0,0,0
134,62.5,15,0,0,0,0
134,64.0625,0,0,0,0,0
134,65.625,1,0,0,0,0
134,67.1875,2,0,0,0,0
134,68.75,3,0,0,0,0
134,70.3125,4,0,0,0,0
134,71.875,5,0,0,0,0
134,73.4375,6,0,0,0,0
134,75.0,7,0,0,0,0
134,76.5625,8,0,0,0,0
134,78.125,9,0,0,0,0
134,79.6875,10,0,0,0,0
134,81.25,11,0,0,0,0
134,82.8125,12,0,0,0,0
134,84.375,13,0,0,0,0
134,85.9375,14,0,0,0,0
134,87.5,15,0,0,0,0
134,89.0625,0,0,0,0,0
134,90.625,1,0,0,0,0
134,92.1875,2,0,0,0,0
134,93.75,3,0,0,0,0
134,95.3125,4,0,0,0,0
134,96.875,5,0,0,0,0
134,98.4375,6,0,0,0,0
134,100.0,7,0,0,0,0
134,101.5625,8,0,0,0,0
134,103.125,9,0,0,0,0
134,104.6875,10,0,0,0,0
134,106.25,11,0,0,0,0
134,107.8125,12,0,0,0,0
134,109.375,13,0,0,0,0
134,110.9375,14,0,0,0,0
134,112.5,15,0,0,0,0
134,114.0625,0,0,0,0,0
134,115.625,1,0,0,0,0
134,117.1875,2,0,0,0,0
134,118.75,3,0,0,0,0
134,120.3125,4,0,0,0,0
134,121.875,5,0,0,0,0
134,123.4375,6,0,0,0,0
134,125.0,7,0,0,0,0
134,126.5625,8,0,0,0,0
134,128.125,9,0,0,0,0
134,129.6875,10,0,0,0,0
134,131.25,11,0,0,0,0
134,132.8125,12,0,0,0,0
134,134.375,13,0,0,0,0
134,135.9375,14,0,0,0,0
134,137.5,15,0,0,0,0
134,139.0625,0,0,0,0,0
134,140.625,1,0,0,0,0
134,142.1875,2,0,0,0,0
134,143.75,3,0,0,0,0
134,145.3125,4,0,0,0,0
134,146.875,5,0,0,0,0
134,148.4375,6,0,0,0,0
134,150.0,7,0,0,0,0
134,151.5625,8,0,0,0,0
134,153.125,9,0,0,0,0
134,154.6875,10,0,0,0,0
134,156.25,11,0,0,0,0
134,157.8125,12,0,0,0,0
134,159.375,13,0,0,0,0
134,160.9375,14,0,0,0,0
134,162.5,15,0,0,0,0
134,164.0625,0,0,0,0,0
134,165.625,1,0,0,0,0
134,167.1875,2,0,0,0,0
134,168.75,3,0,0,0,0
134,170.3125,4,0,0,0,0
134,171.875,5,0,0,0,0
134,173.4375,6,0,0,0,0
134,175.0,7,0,0,0,0
134,176.5625,8,0,0,0,0
134,178.125,9,0,0,0,0
134,179.6875,10,0,0,0,0
134,181.25,11,0,0,0,0
134,182.8125,12,0,0,0,0
134,184.375,13,0,0,0,0
134,185.9375,14,0,0,0,0
134,187.5,15,0,0,0,0
134,189.0625,0,0,0,0,0
134,190.625,1,0,0,0,0
134,192.1875,2,0,0,0,0
134,193.75,3,0,0,0,0
134,195.3125,4,0,0,0,0
134,196.875,5,0,0,0,0
134,198.4375,6,0,0,0,0
134,200.0,7,0,0,0,0
134,201.5625,8,0,0,0,0
134,203.125,9,0,0,0,0
134,204.6875,10,0,0,0,0
134,206.25,11,0,0,0,0
134,207.8125,12,0,0,0,0
134,209.375,13,0,0,0,0
134,210.9375,14,0,0,0,0
134,212.5,15,0,0,0,0
134,214.0625,0,0,0,0,0
134,215.625,1,0,0,0,0
134,217.1875,2,0,0,0,0
134,218.75,3,0,0,0,0
134,220.3125,4,0,0,0,0
134,221.875,5,0,0,0,0
134,223.4375,6,0,0,0,0
134,225.0,7,0,0,0,0
134,226.5625,8,0,0,0,0
134,228.125,9,0,0,0,0
134,229.6875,10,0,0,0,0
134,231.25,11,0,0,0,0
134,232.8125,12,0,0,0,0
134,234.375,13,0,0,0,0
134,235.9375,14,0,0,0,0
134,237.5,15,0,0,0,0
134,239.0625,0,0,0,0,0
134,240.625,1,0,0,0,0
134,242.1875,2,0,0,0,0
134,243.75,3,0,0,0,0
134,245.3125,4,0,0,0,0
134,246.875,5,0,0,0,0
134,248.4375,6,0,0,0,0
134,250.0,7,0,0,0,0
134,251.5625,8,0,0,0,0
134,253.125,9,0,0,0,0
134,254.6875,10,0,0,0,0
134,256.25,11,0,0,0,0
134,257.8125,12,0,0,0,0
134,259.375,13,0,0,0,0
134,260.9375,14,0,0,0,0
134,262.5,15,0,0,0,0
134,264.0625,0,0,0,0,0
134,265.625,1,0,0,0,0
134,267.1875,2,0,0,0,0
134,268.75,3,0,0,0,0
134,270.3125,4,0,0,0,0
134,271.875,5,0,0,0,0
134,273.4375,6,0,0,0,0
135,0.0,7,0,0,0,0
135,1.5625,8,0,0,0,0
135,3.125,9,0,0,0,0
135,4.6875,10,0,0,0,0
135,6.25,11,0,0,0,0
135,7.8125,12,0,0,0,0
135,9.375,13,0,0,0,0
135,10.9375,14,0,0,0,0
135,12.5,15,0,0,0,0
135,14.0625,0,0,0,0,0
135,15.625,1,0,0,0,0
135,17.1875,2,0,0,0,0
135,18.75,3,0,0,0,0
135,20.3125,4,0,0,0,0
135,21.875,5,0,0,0,0
135,23.4375,6,0,0,0,0
135,25.0,7,0,0,0,0
135,26.5625,8,0,0,0,0
135,28.125,9,0,0,0,0
135,29.6875,10,0,0,0,0
135,31.25,11,0,0,0,0
135,32.8125,12,0,0,0,0
135,34.375,13,0,0,0,0
135,35.9375,14,0,0,0,0
135,37.5,15,0,0,0,0
135,39.0625,0,0,0,0,0
135,40.625,1,0,0,0,0
135,42.1875,2,0,0,0,0
135,43.75,3,0,0,0,0
135,45.3125,4,0,0,0,0
135,46.875,5,0,0,0,0
135,48.4375,6,0,0,0,0
135,50.0,7,0,0,0,0
135,51.5625,8,0,0,0,0
135,53.125,9,0,0,0,0
135,54.6875,10,0,0,0,0
135,56.25,11,0,0,0,0
135,57.8125,12,0,0,0,0
135,59.375,13,0,0,0,0
135,60.9375,14,0,0,0,0
135,62.5,15,0,0,0,0
135,64.0625,0,0,0,0,0
135,65.625,1,0,0,0,0
135,67.1875,2,0,0,0,0
135,68.75,3,0,0,0,0
135,70.3125,4,0,0,0,0
135,71.875,5,0,0,0,0
135,73.4375,6,0,0,0,0
135,75.0,7,0,0,0,0
135,76.5625,8,0,0,0,0
135,78.125,9,0,0,0,0
135,79.6875,10,0,0,0,0
135,81.25,11,0,0,0,0
135,82.8125,12,0,0,0,0
135,84.375,13,0,0,0,0
135,85.9375,14,0,0,0,0
135,87.5,15,0,0,0,0
135,89.0625,0,0,0,0,0
135,90.625,1,0,0,0,0
135,92.1875,2,0,0,0,0
135,93.75,3,0,0,0,0
135,95.3125,4,0,0,0,0
135,96.875,5,0,0,0,0
135,98.4375,6,0,0,0,0
135,100.0,7,0,0,0,0
135,101.5625,8,0,0,0,0
135,103.125,9,0,0,0,0
135,104.6875,10,0,0,0,0
135,106.25,11,0,0,0,0
135,107.8125,12,0,0,0,0
135,109.375,13,0,0,0,0
135,110.9375,14,0,0,0,0
135,112.5,15,0,0,0,0
135,114.0625,0,0,0,0,0
135,115.625,1,0,0,0,0
135,117.1875,2,0,0,0,0
135,118.75,3,0,0,0,0
135,120.3125,4,0,0,0,0
135,121.875,5,0,0,0,0
135,123.4375,6,0,0,0,0
135,125.0,7,0,0,0,0
135,126.5625,8,0,0,0,0
135,128.125,9,0,0,0,0
135,129.6875,10,0,0,0,0
135,131.25,11,0,0,0,0
135,132.8125,12,0,0,0,0
135,134.375,13,0,0,0,0
135,135.9375,14,0,0,0,0
135,137.5,15,0,0,0,0
135,139.0625,0,0,0,0,0
135,140.625,1,0,0,0,0
135,142.1875,2,0,0,0,0
135,143.75,3,0,0,0,0
135,145.3125,4,0,0,0,0
135,146.875,5,0,0,0,0
135,148.4375,6,0,0,0,0
135,150.0,7,0,0,0,0
135,151.5625,8,0,0,0,0
135,153.125,9,0,0,0,0
135,154.6875,10,0,0,0,0
135,156.25,11,0,0,0,0
135,157.8125,12,0,0,0,0
135,159.375,13,0,0,0,0
135,160.9375,14,0,0,0,0
135,162.5,15,0,0,0,0
135,164.0625,0,0,0,0,0
135,165.625,1,0,0,0,0
135,167.1875,2,0,0,0,0
135,168.75,3,0,0,0,0
135,170.3125,4,0,0,0,0
135,171.875,5,0,0,0,0
135,173.4375,6,0,0,0,0
135,175.0,7,0,0,0,0
135,176.5625,8,0,0,0,0
135,178.125,9,0,0,0,0
135,179.6875,10,0,0,0,0
135,181.25,11,0,0,0,0
135,182.8125,12,0,0,0,0
135,184.375,13,0,0,0,0
135,185.9375,14,0,0,0,0
135,187.5,15,0,0,0,0
135,189.0625,0,0,0,0,0
135,190.625,1,0,0,0,0
135,192.1875,2,0,0,0,0
135,193.75,3,0,0,0,0
135,195.3125,4,0,0,0,0
135,196.875,5,0,0,0,0
135,198.4375,6,0,0,0,0
135,200.0,7,0,0,0,0
135,201.5625,8,0,0,0,0
135,203.125,9,0,0,0,0
135,204.6875,10,0,0,0,0
135,206.25,11,0,0,0,0
135,207.8125,12,0,0,0,0
135,209.375,13,0,0,0,0
135,210.9375,14,0,0,0,0
135,212.5,15,0,0,0,0
135,214.0625,0,0,0,0,0
135,215.625,1,0,0,0,0
135,217.1875,2,0,0,0,0
135,218.75,3,0,0,0,0
135,220.3125,4,0,0,0,0
135,221.875,5,0,0,0,0
135,223.4375,6,0,0,0,0
135,225.0,7,0,0,0,0
135,226.5625,8,0,0,0,0
135,228.125,9,0,0,0,0
135,229.6875,10,0,0,0,0
135,231.25,11,0,0,0,0
135,232.8125,12,0,0,0,0
135,234.375,13,0,0,0,0
135,235.9375,14,0,0,0,0
135,237.5,15,0,0,0,0
135,239.0625,0,0,0,0,0
135,240.625,1,0,0,0,0
135,242.1875,2,0,0,0,0
135,243.75,3,0,0,0,0
135,245.3125,4,0,0,0,0
135,246.875,5,0,0,0,0
135,248.4375,6,0,0,0,0
135,250.0,7,0,0,0,0
135,251.5625,8,0,0,0,0
135,253.125,9,0,0,0,0
135,254.6875,10,0,0,0,0
135,256.25,11,0,0,0,0
135,257.8125,12,0,0,0,0
135,259.375,13,0,0,0,0
135,260.9375,14,0,0,0,0
135,262.5,15,0,0,0,0
135,264.0625,0,0,0,0,0
135,265.625,1,0,0,0,0
135,267.1875,2,0,0,0,0
135,268.75,3,0,0,0,0
135,270.3125,4,0,0,0,0
135,271.875,5,0,0,0,0
135,273.4375,6,0,0,0,0
136,0.0,7,0,0,0,0
136,1.5625,8,0,0,0,0
136,3.125,9,0,0,0,0
136,4.6875,10,0,0,0,0
136,6.25,11,0,0,0,0
136,7.8125,12,0,0,0,0
136,9.375,13,0,0,0,0
136,10.9375,14,0,0,0,0
136,12.5,15,0,0,0,0
136,14.0625,0,0,0,0,0
136,15.625,1,0,0,0,0
136,17.1875,2,0,0,0,0
136,18.75,3,0,0,0,0
136,20.3125,4,0,0,0,0
136,21.875,5,0,0,0,0
136,23.4375,6,0,0,0,0
136,25.0,7,0,0,0,0
136,26.5625,8,0,0,0,0
136,28.125,9,0,0,0,0
136,29.6875,10,0,0,0,0
136,31.25,11,0,0,0,0
136,32.8125,12,0,0,0,0
136,34.375,13,0,0,0,0
136,35.9375,14,0,0,0,0
136,37.5,15,0,0,0,0
136,39.0625,0,0,0,0,0
136,40.625,1,0,0,0,0
136,42.1875,2,0,0,0,0
136,43.75,3,0,0,0,0
136,45.3125,4,0,0,0,0
136,46.875,5,0,0,0,0
136,48.4375,6,0,0,0,0
136,50.0,7,0,0,0,0
136,51.5625,8,0,0,0,0
136,53.125,9,0,0,0,0
136,54.6875,10,0,0,0,0
136,56.25,11,0,0,0,0
136,57.8125,12,0,0,0,0
136,59.375,13,0,0,0,0
136,60.9375,14,0,0,0,0
136,62.5,15,0,0,0,0
136,64.0625,0,0,0,0,0
136,65.625,1,0,0,0,0
136,67.1875,2,0,0,0,0
136,68.75,3,0,0,0,0
136,70.3125,4,0,0,0,0
136,71.875,5,0,0,0,0
136,73.4375,6,0,0,0,0
136,75.0,7,0,0,0,0
136,76.5625,8,0,0,0,0
136,78.125,9,0,0,0,0
136,79.6875,10,0,0,0,0
136,81.25,11,0,0,0,0
136,82.8125,12,0,0,0,0
136,84.375,13,0,0,0,0
136,85.9375,14,0,0,0,0
136,87.5,15,0,0,0,0
136,89.0625,0,0,0,0,0
136,90.625,1,0,0,0,0
136,92.1875,2,0,0,0,0
136,93.75,3,0,0,0,0
136,95.3125,4,0,0,0,0
136,96.875,5,0,0,0,0
136,98.4375,6,0,0,0,0
136,100.0,7,0,0,0,0
136,101.5625,8,0,0,0,0
136,103.125,9,0,0,0,0
136,104.6875,10,0,0,0,0
136,106.25,11,0,0,0,0
136,107.8125,12,0,0,0,0
136,109.375,13,0,0,0,0
136,110.9375,14,0,0,0,0
136,112.5,15,0,0,0,0
136,114.0625,0,0,0,0,0
136,115.625,1,0,0,0,0
136,117.1875,2,0,0,0,0
136,118.75,3,0,0,0,0
136,120.3125,4,0,0,0,0
136,121.875,5,0,0,0,0
136,123.4375,6,0,0,0,0
136,125.0,7,0,0,0,0
136,126.5625,8,0,0,0,0
136,128.125,9,0,0,0,0
136,129.6875,10,0,0,0,0
136,131.25,11,0,0,0,0
136,132.8125,12,0,0,0,0
136,134.375,13,0,0,0,0
136,135.9375,14,0,0,0,0
136,137.5,15,0,0,0,0
136,139.0625,0,0,0,0,0
136,140.625,1,0,0,0,0
136,142.1875,2,0,0,0,0
136,143.75,3,0,0,0,0
136,145.3125,4,0,0,0,0
136,146.875,5,0,0,0,0
136,148.4375,6,0,0,0,0
136,150.0,7,0,0,0,0
136,151.5625,8,0,0,0,0
136,153.125,9,0,0,0,0
136,154.6875,10,0,0,0,0
136,156.25,11,0,0,0,0
136,157.8125,12,0,0,0,0
136,159.375,13,0,0,0,0
136,160.9375,14,0,0,0,0
136,162.5,15,0,0,0,0
136,164.0625,0,0,0,0,0
136,165.625,1,0,0,0,0
136,167.1875,2,0,0,0,0
136,168.75,3,0,0,0,0
136,170.3125,4,0,0,0,0
136,171.875,5,0,0,0,0
136,173.4375,6,0,0,0,0
136,175.0,7,0,0,0,0
136,176.5625,8,0,0,0,0
136,178.125,9,0,0,0,0
136,179.6875,10,0,0,0,0
136,181.25,11,0,0,0,0
136,182.8125,12,0,0,0,0
136,184.375,13,0,0,0,0
136,185.9375,14,0,0,0,0
136,187.5,15,0,0,0,0
136,189.0625,0,0,0,0,0
136,190.625,1,0,0,0,0
136,192.1875,2,0,0,0,0
136,193.75,3,0,0,0,0
136,195.3125,4,0,0,0,0
136,196.875,5,0,0,0,0
136,198.4375,6,0,0,0,0
136,200.0,7,0,0,0,0
136,201.5625,8,0,0,0,0
136,203.125,9,0,0,0,0
136,204.6875,10,0,0,0,0
136,206.25,11,0,0,0,0
136,207.8125,12,0,0,0,0
136,209.375,13,0,0,0,0
136,210.9375,14,0,0,0,0
136,212.5,15,0,0,0,0
136,214.0625,0,0,0,0,0
136,215.625,1,0,0,0,0
136,217.1875,2,0,0,0,0
136,218.75,3,0,0,0,0
136,220.3125,4,0,0,0,0
136,221.875,5,0,0,0,0
136,223.4375,6,0,0,0,0
136,225.0,7,0,0,0,0
136,226.5625,8,0,0,0,0
136,228.125,9,0,0,0,0
136,229.6875,10,0,0,0,0
136,231.25,11,0,0,0,0
136,232.8125,12,0,0,0,0
136,234.375,13,0,0,0,0
136,235.9375,14,0,0,0,0
136,237.5,15,0,0,0,0
136,239.0625,0,0,0,0,0
136,240.625,1,0,0,0,0
136,242.1875,2,0,0,0,0
136,243.75,3,0,0,0,0
136,245.3125,4,0,0,0,0
136,246.875,5,0,0,0,0
136,248.4375,6,0,0,0,0
136,250.0,7,0,0,0,0
136,251.5625,8,0,0,0,0
136,253.125,9,0,0,0,0
136,254.6875,10,0,0,0,0
136,256.25,11,0,0,0,0
136,257.8125,12,0,0,0,0
136,259.375,13,0,0,0,0
136,260.9375,14,0,0,0,0
136,262.5,15,0,0,0,0
136,264.0625,0,0,0,0,0
136,265.625,1,0,0,0,0
136,267.1875,2,0,0,0,0
136,268.75,3,0,0,0,0
136,270.3125,4,0,0,0,0
136,271.875,5,0,0,0,0
136,273.4375,6,0,0,0,0
137,0.0,7,0,0,0,0
137,1.5625,8,0,0,0,0
137,3.125,9,0,0,0,0
137,4.6875,10,0,0,0,0
137,6.25,11,0,0,0,0
137,7.8125,12,0,0,0,0
137,9.375,13,0,0,0,0
137,10.9375,14,0,0,0,0
137,12.5,15,0,0,0,0
137,14.0625,0,0,0,0,0
137,15.625,1,0,0,0,0
137,17.1875,2,0,0,0,0
137,18.75,3,0,0,0,0
137,20.3125,4,0,0,0,0
137,21.875,5,0,0,0,0
137,23.4375,6,0,0,0,0
137,25.0,7,0,0,0,0
137,26.5625,8,0,0,0,0
137,28.125,9,0,0,0,0
137,29.6875,10,0,0,0,0
137,31.25,11,0,0,0,0
137,32.8125,12,0,0,0,0
137,34.375,13,0,0,0,0
137,35.9375,14,0,0,0,0
137,37.5,15,0,0,0,0
137,39.0625,0,0,0,0,0
137,40.625,1,0,0,0,0
137,42.1875,2,0,0,0,0
137,43.75,3,0,0,0,0
137,45.3125,4,0,0,0,0
137,46.875,5,0,0,0,0
137,48.4375,6,0,0,0,0
137,50.0,7,0,0,0,0
137,51.5625,8,0,0,0,0
137,53.125,9,0,0,0,0
137,54.6875,10,0,0,0,0
137,56.25,11,0,0,0,0
137,57.8125,12,0,0,0,0
137,59.375,13,0,0,0,0
137,60.9375,14,0,0,0,0
137,62.5,15,0,0,0,0
137,64.0625,0,0,0,0,0
137,65.625,1,0,0,0,0
137,67.1875,2,0,0,0,0
137,68.75,3,0,0,0,0
137,70.3125,4,0,0,0,0
137,71.875,5,0,0,0,0
137,73.4375,6,0,0,0,0
137,75.0,7,0,0,0,0
137,76.5625,8,0,0,0,0
137,78.125,9,0,0,0,0
137,79.6875,10,0,0,0,0
137,81.25,11,0,0,0,0
137,82.8125,12,0,0,0,0
137,84.375,13,0,0,0,0
137,85.9375,14,0,0,0,0
137,87.5,15,0,0,0,0
137,89.0625,0,0,0,0,0
137,90.625,1,0,0,0,0
137,92.1875,2,0,0,0,0
137,93.75,3,0,0,0,0
137,95.3125,4,0,0,0,0
137,96.875,5,0,0,0,0
137,98.4375,6,0,0,0,0
137,100.0,7,0,0,0,0
137,101.5625,8,0,0,0,0
137,103.125,9,0,0,0,0
137,104.6875,10,0,0,0,0
137,106.25,11,0,0,0,0
137,107.8125,12,0,0,0,0
137,109.375,13,0,0,0,0
137,110.9375,14,0,0,0,0
137,112.5,15,0,0,0,0
137,114.0625,0,0,0,0,0
137,115.625,1,0,0,0,0
137,117.1875,2,0,0,0,0
137,118.75,3,0,0,0,0
137,120.3125,4,0,0,0,0
137,121.875,5,0,0,0,0
137,123.4375,6,0,0,0,0
137,125.0,7,0,0,0,0
137,126.5625,8,0,0,0,0
137,128.125,9,0,0,0,0
137,129.6875,10,0,0,0,0
137,131.25,11,0,0,0,0
137,132.8125,12,0,0,0,0
137,134.375,13,0,0,0,0
137,135.9375,14,0,0,0,0
137,137.5,15,0,0,0,0
137,139.0625,0,0,0,0,0
137,140.625,1,0,0,0,0
137,142.1875,2,0,0,0,0
137,143.75,3,0,0,0,0
137,145.3125,4,0,0,0,0
137,146.875,5,0,0,0,0
137,148.4375,6,0,0,0,0
137,150.0,7,0,0,0,0
137,151.5625,8,0,0,0,0
137,153.125,9,0,0,0,0
137,154.6875,10,0,0,0,0
137,156.25,11,0,0,0,0
137,157.8125,12,0,0,0,0
137,159.375,13,0,0,0,0
137,160.9375,14,0,0,0,0
137,162.5,15,0,0,0,0
137,164.0625,0,0,0,0,0
137,165.625,1,0,0,0,0
137,167.1875,2,0,0,0,0
137,168.75,3,0,0,0,0
137,170.3125,4,0,0,0,0
137,171.875,5,0,0,0,0
137,173.4375,6,0,0,0,0
137,175.0,7,0,0,0,0
137,176.5625,8,0,0,0,0
137,178.125,9,0,0,0,0
137,179.6875,10,0,0,0,0
137,181.25,11,0,0,0,0
137,182.8125,12,0,0,0,0
137,184.375,13,0,0,0,0
137,185.9375,14,0,0,0,0
137,187.5,15,0,0,0,0
137,189.0625,0,0,0,0,0
137,190.625,1,0,0,0,0
137,192.1875,2,0,0,0,0
137,193.75,3,0,0,0,0
137,195.3125,4,0,0,0,0
137,196.875,5,0,0,0,0
137,198.4375,6,0,0,0,0
137,200.0,7,0,0,0,0
137,201.5625,8,0,0,0,0
137,203.125,9,0,0,0,0
137,204.6875,10,0,0,0,0
137,206.25,11,0,0,0,0
137,207.8125,12,0,0,0,0
137,209.375,13,0,0,0,0
137,210.9375,14,0,0,0,0
137,212.5,15,0,0,0,0
137,214.0625,0,0,0,0,0
137,215.625,1,0,0,0,0
137,217.1875,2,0,0,0,0
137,218.75,3,0,0,0,0
137,220.3125,4,0,0,0,0
137,221.875,5,0,0,0,0
137,223.4375,6,0,0,0,0
137,225.0,7,0,0,0,0
137,226.5625,8,0,0,0,0
137,228.125,9,0,0,0,0
137,229.6875,10,0,0,0,0
137,231.25,11,0,0,0,0
137,232.8125,12,0,0,0,0
137,234.375,13,0,0,0,0
137,235.9375,14,0,0,0,0
137,237.5,15,0,0,0,0
137,239.0625,0,0,0,0,0
137,240.625,1,0,0,0,0
137,242.1875,2,0,0,0,0
137,243.75,3,0,0,0,0
137,245.3125,4,0,0,0,0
137,246.875,5,0,0,0,0
137,248.4375,6,0,0,0,0
137,250.0,7,0,0,0,0
137,251.5625,8,0,0,0,0
137,253.125,9,0,0,0,0
137,254.6875,10,0,0,0,0
137,256.25,11,0,0,0,0
137,257.8125,12,0,0,0,0
137,259.375,13,0,0,0,0
137,260.9375,14,0,0,0,0
137,262.5,15,0,0,0,0
137,264.0625,0,0,0,0,0
137,265.625,1,0,0,0,0
137,267.1875,2,0,0,0,0
137,268.75,3,0,0,0,0
137,270.3125,4,0,0,0,0
137,271.875,5,0,0,0,0
137,273.4375,6,0,0,0,0
138,0.0,7,0,0,0,0
138,1.5625,8,0,0,0,0
138,3.125,9,0,0,0,0
138,4.6875,10,0,0,0,0
138,6.25,11,0,0,0,0
138,7.8125,12,0,0,0,0
138,9.375,13,0,0,0,0
138,10.9375,14,0,0,0,0
138,12.5,15,0,0,0,0
138,14.0625,0,0,0,0,0
138,15.625,1,0,0,0,0
138,17.1875,2,0,0,0,0
138,18.75,3,0,0,0,0
138,20.3125,4,0,0,0,0
138,21.875,5,0,0,0,0
138,23.4375,6,0,0,0,0
138,25.0,7,0,0,0,0
138,26.5625,8,0,0,0,0
138,28.125,9,0,0,0,0
138,29.6875,10,0,0,0,0
138,31.25,11,0,0,0,0
138,32.8125,12,0,0,0,0
138,34.375,13,0,0,0,0
138,35.9375,14,0,0,0,0
138,37.5,15,0,0,0,0
138,39.0625,0,0,0,0,0
138,40.625,1,0,0,0,0
138,42.1875,2,0,0,0,0
138,43.75,3,0,0,0,0
138,45.3125,4,0,0,0,0
138,46.875,5,0,0,0,0
138,48.4375,6,0,0,0,0
138,50.0,7,0,0,0,0
138,51.5625,8,0,0,0,0
138,53.125,9,0,0,0,0
138,54.6875,10,0,0,0,0
138,56.25,11,0,0,0,0
138,57.8125,12,0,0,0,0
138,59.375,13,0,0,0,0
138,60.9375,14,0,0,0,0
138,62.5,15,0,0,0,0
138,64.0625,0,0,0,0,0
138,65.625,1,0,0,0,0
138,67.1875,2,0,0,0,0
138,68.75,3,0,0,0,0
138,70.3125,4,0,0,0,0
138,71.875,5,0,0,0,0
138,73.4375,6,0,0,0,0
138,75.0,7,0,0,0,0
138,76.5625,8,0,0,0,0
138,78.125,9,0,0,0,0
138,79.6875,10,0,0,0,0
138,81.25,11,0,0,0,0
138,82.8125,12,0,0,0,0
138,84.375,13,0,0,0,0
138,85.9375,14,0,0,0,0
138,87.5,15,0,0,0,0
138,89.0625,0,0,0,0,0
138,90.625,1,0,0,0,0
138,92.1875,2,0,0,0,0
138,93.75,3,0,0,0,0
138,95.3125,4,0,0,0,0
138,96.875,5,0,0,0,0
138,98.4375,6,0,0,0,0
138,100.0,7,0,0,0,0
138,101.5625,8,0,0,0,0
138,103.125,9,0,0,0,0
138,104.6875,10,0,0,0,0
138,106.25,11,0,0,0,0
138,107.8125,12,0,0,0,0
138,109.375,13,0,0,0,0
138,110.9375,14,0,0,0,0
138,112.5,15,0,0,0,0
138,114.0625,0,0,0,0,0
138,115.625,1,0,0,0,0
138,117.1875,2,0,0,0,0
138,118.75,3,0,0,0,0
138,120.3125,4,0,0,0,0
138,121.875,5,0,0,0,0
138,123.4375,6,0,0,0,0
138,125.0,7,0,0,0,0
138,126.5625,8,0,0,0,0
138,128.125,9,0,0,0,0
138,129.6875,10,0,0,0,0
138,131.25,11,0,0,0,0
138,132.8125,12,0,0,0,0
138,134.375,13,0,0,0,0
138,135.9375,14,0,0,0,0
138,137.5,15,0,0,0,0
138,139.0625,0,0,0,0,0
138,140.625,1,0,0,0,0
138,142.1875,2,0,0,0,0
138,143.75,3,0,0,0,0
138,145.3125,4,0,0,0,0
138,146.875,5,0,0,0,0
138,148.4375,6,0,0,0,0
138,150.0,7,0,0,0,0
138,151.5625,8,0,0,0,0
138,153.125,9,0,0,0,0
138,154.6875,10,0,0,0,0
138,156.25,11,0,0,0,0
138,157.8125,12,0,0,0,0
138,159.375,13,0,0,0,0
138,160.9375,14,0,0,0,0
138,162.5,15,0,0,0,0
138,164.0625,0,0,0,0,0
138,165.625,1,0,0,0,0
138,167.1875,2,0,0,0,0
138,168.75,3,0,0,0,0
138,170.3125,4,0,0,0,0
138,171.875,5,0,0,0,0
138,173.4375,6,0,0,0,0
138,175.0,7,0,0,0,0
138,176.5625,8,0,0,0,0
138,178.125,9,0,0,0,0
138,179.6875,10,0,0,0,0
138,181.25,11,0,0,0,0
138,182.8125,12,0,0,0,0
138,184.375,13,0,0,0,0
138,185.9375,14,0,0,0,0
138,187.5,15,0,0,0,0
138,189.0625,0,0,0,0,0
138,190.625,1,0,0,0,0
138,192.1875,2,0,0,0,0
138,193.75,3,0,0,0,0
138,195.3125,4,0,0,0,0
138,196.875,5,0,0,0,0
138,198.4375,6,0,0,0,0
138,200.0,7,0,0,0,0
138,201.5625,8,0,0,0,0
138,203.125,9,0,0,0,0
138,204.6875,10,0,0,0,0
138,206.25,11,0,0,0,0
138,207.8125,12,0,0,0,0
138,209.375,13,0,0,0,0
138,210.9375,14,0,0,0,0
138,212.5,15,0,0,0,0
138,214.0625,0,0,0,0,0
138,215.625,1,0,0,0,0
138,217.1875,2,0,0,0,0
138,218.75,3,0,0,0,0
138,220.3125,4,0,0,0,0
138,221.875,5,0,0,0,0
138,223.4375,6,0,0,0,0
138,225.0,7,0,0,0,0
138,226.5625,8,0,0,0,0
138,228.125,9,0,0,0,0
138,229.6875,10,0,0,0,0
138,231.25,11,0,0,0,0
138,232.8125,12,0,0,0,0
138,234.375,13,0,0,0,0
138,235.9375,14,0,0,0,0
138,237.5,15,0,0,0,0
138,239.0625,0,0,0,0,0
138,240.625,1,0,0,0,0
138,242.1875,2,0,0,0,0
138,243.75,3,0,0,0,0
138,245.3125,4,0,0,0,0
138,246.875,5,0,0,0,0
138,248.4375,6,0,0,0,0
138,250.0,7,0,0,0,0
138,251.5625,8,0,0,0,0
138,253.125,9,0,0,0,0
138,254.6875,10,0,0,0,0
138,256.25,11,0,0,0,0
138,257.8125,12,0,0,0,0
138,259.375,13,0,0,0,0
138,260.9375,14,0,0,0,0
138,262.5,15,0,0,0,0
138,264.0625,0,0,0,0,0
138,265.625,1,0,0,0,0
138,267.1875,2,0,0,0,0
138,268.75,3,0,0,0,0
138,270.3125,4,0,0,0,0
138,271.875,5,0,0,0,0
138,273.4375,6,0,0,0,0
139,0.0,7,0,0,0,0
139,1.5625,8,0,0,0,0
139,3.125,9,0,0,0,0
139,4.6875,10,0,0,0,0
139,6.25,11,0,0,0,0
139,7.8125,12,0,0,0,0
139,9.375,13,0,0,0,0
139,10.9375,14,0,0,0,0
139,12.5,15,0,0,0,0
139,14.0625,0,0,0,0,0
139,15.625,1,0,0,0,0
139,17.1875,2,0,0,0,0
139,18.75,3,0,0,0,0
139,20.3125,4,0,0,0,0
139,21.875,5,0,0,0,0
139,23.4375,6,0,0,0,0
139,25.0,7,0,0,0,0
139,26.5625,8,0,0,0,0
139,28.125,9,0,0,0,0
139,29.6875,10,0,0,0,0
139,31.25,11,0,0,0,0
139,32.8125,12,0,0,0,0
139,34.375,13,0,0,0,0
139,35.9375,14,0,0,0,0
139,37.5,15,0,0,0,0
139,39.0625,0,0,0,0,0
139,40.625,1,0,0,0,0
139,42.1875,2,0,0,0,0
139,43.75,3,0,0,0,0
139,45.3125,4,0,0,0,0
139,46.875,5,0,0,0,0
139,48.4375,6,0,0,0,0
139,50.0,7,0,0,0,0
139,51.5625,8,0,0,0,0
139,53.125,9,0,0,0,0
139,54.6875,10,0,0,0,0
139,56.25,11,0,0,0,0
139,57.8125,12,0,0,0,0
139,59.375,13,0,0,0,0
139,60.9375,14,0,0,0,0
139,62.5,15,0,0,0,0
139,64.0625,0,0,0,0,0
139,65.625,1,0,0,0,0
139,67.1875,2,0,0,0,0
139,68.75,3,0,0,0,0
139,70.3125,4,0,0,0,0
139,71.875,5,0,0,0,0
139,73.4375,6,0,0,0,0
139,75.0,7,0,0,0,0
139,76.5625,8,0,0,0,0
139,78.125,9,0,0,0,0
139,79.6875,10,0,0,0,0
139,81.25,11,0,0,0,0
139,82.8125,12,0,0,0,0
139,84.375,13,0,0,0,0
139,85.9375,14,0,0,0,0
139,87.5,15,0,0,0,0
139,89.0625,0,0,0,0,0
139,90.625,1,0,0,0,0
139,92.1875,2,0,0,0,0
139,93.75,3,0,0,0,0
139,95.3125,4,0,0,0,0
139,96.875,5,0,0,0,0
139,98.4375,6,0,0,0,0
139,100.0,7,0,0,0,0
139,101.5625,8,0,0,0,0
139,103.125,9,0,0,0,0
139,104.6875,10,0,0,0,0
139,106.25,11,0,0,0,0
139,107.8125,12,0,0,0,0
139,109.375,13,0,0,0,0
139,110.9375,14,0,0,0,0
139,112.5,15,0,0,0,0
139,114.0625,0,0,0,0,0
139,115.625,1,0,0,0,0
139,117.1875,2,0,0,0,0
139,118.75,3,0,0,0,0
139,120.3125,4,0,0,0,0
139,121.875,5,0,0,0,0
139,123.4375,6,0,0,0,0
139,125.0,7,0,0,0,0
139,126.5625,8,0,0,0,0
139,128.125,9,0,0,0,0
139,129.6875,10,0,0,0,0
139,131.25,11,0,0,0,0
139,132.8125,12,0,0,0,0
139,134.375,13,0,0,0,0
139,135.9375,14,0,0,0,0
139,137.5,15,0,0,0,0
139,139.0625,0,0,0,0,0
139,140.625,1,0,0,0,0
139,142.1875,2,0,0,0,0
139,143.75,3,0,0,0,0
139,145.3125,4,0,0,0,0
139,146.875,5,0,0,0,0
139,148.4375,6,0,0,0,0
139,150.0,7,0,0,0,0
139,151.5625,8,0,0,0,0
139,153.125,9,0,0,0,0
139,154.6875,10,0,0,0,0
139,156.25,11,0,0,0,0
139,157.8125,12,0,0,0,0
139,159.375,13,0,0,0,0
139,160.9375,14,0,0,0,0
139,162.5,15,0,0,0,0
139,164.0625,0,0,0,0,0
139,165.625,1,0,0,0,0
139,167.1875,2,0,0,0,0
139,168.75,3,0,0,0,0
139,170.3125,4,0,0,0,0
139,171.875,5,0,0,0,0
139,173.4375,6,0,0,0,0
139,175.0,7,0,0,0,0
139,176.5625,8,0,0,0,0
139,178.125,9,0,0,0,0
139,179.6875,10,0,0,0,0
139,181.25,11,0,0,0,0
139,182.8125,12,0,0,0,0
139,184.375,13,0,0,0,0
139,185.9375,14,0,0,0,0
139,187.5,15,0,0,0,0
139,189.0625,0,0,0,0,0
139,190.625,1,0,0,0,0
139,192.1875,2,0,0,0,0
139,193.75,3,0,0,0,0
139,195.3125,4,0,0,0,0
139,196.875,5,0,0,0,0
139,198.4375,6,0,0,0,0
139,200.0,7,0,0,0,0
139,201.5625,8,0,0,0,0
139,203.125,9,0,0,0,0
139,204.6875,10,0,0,0,0
139,206.25,11,0,0,0,0
139,207.8125,12,0,0,0,0
139,209.375,13,0,0,0,0
139,210.9375,14,0,0,0,0
139,212.5,15,0,0,0,0
139,214.0625,0,0,0,0,0
139,215.625,1,0,0,0,0
139,217.1875,2,0,0,0,0
139,218.75,3,0,0,0,0
139,220.3125,4,0,0,0,0
139,221.875,5,0,0,0,0
139,223.4375,6,0,0,0,0
139,225.0,7,0,0,0,0
139,226.5625,8,0,0,0,0
139,228.125,9,0,0,0,0
139,229.6875,10,0,0,0,0
139,231.25,11,0,0,0,0
139,232.8125,12,0,0,0,0
139,234.375,13,0,0,0,0
139,235.9375,14,0,0,0,0
139,237.5,15,0,0,0,0
139,239.0625,0,0,0,0,0
139,240.625,1,0,0,0,0
139,242.1875,2,0,0,0,0
139,243.75,3,0,0,0,0
139,245.3125,4,0,0,0,0
139,246.875,5,0,0,0,0
139,248.4375,6,0,0,0,0
139,250.0,7,0,0,0,0
139,251.5625,8,0,0,0,0
139,253.125,9,0,0,0,0
139,254.6875,10,0,0,0,0
139,256.25,11,0,0,0,0
139,257.8125,12,0,0,0,0
139,259.375,13,0,0,0,0
139,260.9375,14,0,0,0,0
139,262.5,15,0,0,0,0
139,264.0625,0,0,0,0,0
139,265.625,1,0,0,0,0
139,267.1875,2,0,0,0,0
139,268.75,3,0,0,0,0
139,270.3125,4,0,0,0,0
139,271.875,5,0,0,0,0
139,273.4375,6,0,0,0,0
140,0.0,7,0,0,0,0
140,1.5625,8,0,0,0,0
140,3.125,9,0,0,0,0
140,4.6875,10,0,0,0,0
140,6.25,11,0,0,0,0
140,7.8125,12,0,0,0,0
140,9.375,13,0,0,0,0
140,10.9375,14,0,0,0,0
140,12.5,15,0,0,0,0
140,14.0625,0,0,0,0,0
140,15.625,1,0,0,0,0
140,17.1875,2,0,0,0,0
140,18.75,3,0,0,0,0
140,20.3125,4,0,0,0,0
140,21.875,5,0,0,0,0
140,23.4375,6,0,0,0,0
140,25.0,7,0,0,0,0
140,26.5625,8,0,0,0,0
140,28.125,9,0,0,0,0
140,29.6875,10,0,0,0,0
140,31.25,11,0,0,0,0
140,32.8125,12,0,0,0,0
140,34.375,13,0,0,0,0
140,35.9375,14,0,0,0,0
140,37.5,15,0,0,0,0
140,39.0625,0,0,0,0,0
140,40.625,1,0,0,0,0
140,42.1875,2,0,0,0,0
140,43.75,3,0,0,0,0
140,45.3125,4,0,0,0,0
140,46.875,5,0,0,0,0
140,48.4375,6,0,0,0,0
140,50.0,7,0,0,0,0
140,51.5625,8,0,0,0,0
140,53.125,9,0,0,0,0
140,54.6875,10,0,0,0,0
140,56.25,11,0,0,0,0
140,57.8125,12,0,0,0,0
140,59.375,13,0,0,0,0
140,60.9375,14,0,0,0,0
140,62.5,15,0,0,0,0
140,64.0625,0,0,0,0,0
140,65.625,1,0,0,0,0
140,67.1875,2,0,0,0,0
140,68.75,3,0,0,0,0
140,70.3125,4,0,0,0,0
140,71.875,5,0,0,0,0
140,73.4375,6,0,0,0,0
140,75.0,7,0,0,0,0
140,76.5625,8,0,0,0,0
140,78.125,9,0,0,0,0
140,79.6875,10,0,0,0,0
140,81.25,11,0,0,0,0
140,82.8125,12,0,0,0,0
140,84.375,13,0,0,0,0
140,85.9375,14,0,0,0,0
140,87.5,15,0,0,0,0
140,89.0625,0,0,0,0,0
140,90.625,1,0,0,0,0
140,92.1875,2,0,0,0,0
140,93.75,3,0,0,0,0
140,95.3125,4,0,0,0,0
140,96.875,5,0,0,0,0
140,98.4375,6,0,0,0,0
140,100.0,7,0,0,0,0
140,101.5625,8,0,0,0,0
140,103.125,9,0,0,0,0
140,104.6875,10,0,0,0,0
140,106.25,11,0,0,0,0
140,107.8125,12,0,0,0,0
140,109.375,13,0,0,0,0
140,110.9375,14,0,0,0,0
140,112.5,15,0,0,0,0
140,114.0625,0,0,0,0,0
140,115.625,1,0,0,0,0
140,117.1875,2,0,0,0,0
140,118.75,3,0,0,0,0
140,120.3125,4,0,0,0,0
140,121.875,5,0,0,0,0
140,123.4375,6,0,0,0,0
140,125.0,7,0,0,0,0
140,126.5625,8,0,0,0,0
140,128.125,9,0,0,0,0
140,129.6875,10,0,0,0,0
140,131.25,11,0,0,0,0
140,132.8125,12,0,0,0,0
140,134.375,13,0,0,0,0
140,135.9375,14,0,0,0,0
140,137.5,15,0,0,0,0
140,139.0625,0,0,0,0,0
140,140.625,1,0,0,0,0
140,142.1875,2,0,0,0,0
140,143.75,3,0,0,0,0
140,145.3125,4,0,0,0,0
140,146.875,5,0,0,0,0
140,148.4375,6,0,0,0,0
140,150.0,7,0,0,0,0
140,151.5625,8,0,0,0,0
140,153.125,9,0,0,0,0
140,154.6875,10,0,0,0,0
140,156.25,11,0,0,0,0
140,157.8125,12,0,0,0,0
140,159.375,13,0,0,0,0
140,160.9375,14,0,0,0,0
140,162.5,15,0,0,0,0
140,164.0625,0,0,0,0,0
140,165.625,1,0,0,0,0
140,167.1875,2,0,0,0,0
140,168.75,3,0,0,0,0
140,170.3125,4,0,0,0,0
140,171.875,5,0,0,0,0
140,173.4375,6,0,0,0,0
140,175.0,7,0,0,0,0
140,176.5625,8,0,0,0,0
140,178.125,9,0,0,0,0
140,179.6875,10,0,0,0,0
140,181.25,11,0,0,0,0
140,182.8125,12,0,0,0,0
140,184.375,13,0,0,0,0
140,185.9375,14,0,0,0,0
140,187.5,15,0,0,0,0
140,189.0625,0,0,0,0,0
140,190.625,1,0,0,0,0
140,192.1875,2,0,0,0,0
140,193.75,3,0,0,0,0
140,195.3125,4,0,0,0,0
140,196.875,5,0,0,0,0
140,198.4375,6,0,0,0,0
140,200.0,7,0,0,0,0
140,201.5625,8,0,0,0,0
140,203.125,9,0,0,0,0
140,204.6875,10,0,0,0,0
140,206.25,11,0,0,0,0
140,207.8125,12,0,0,0,0
140,209.375,13,0,0,0,0
140,210.9375,14,0,0,0,0
140,212.5,15,0,0,0,0
140,214.0625,0,0,0,0,0
140,215.625,1,0,0,0,0
140,217.1875,2,0,0,0,0
140,218.75,3,0,0,0,0
140,220.3125,4,0,0,0,0
140,221.875,5,0,0,0,0
140,223.4375,6,0,0,0,0
140,225.0,7,0,0,0,0
140,226.5625,8,0,0,0,0
140,228.125,9,0,0,0,0
140,229.6875,10,0,0,0,0
140,231.25,11,0,0,0,0
140,232.8125,12,0,0,0,0
140,234.375,13,0,0,0,0
140,235.9375,14,0,0,0,0
140,237.5,15,0,0,0,0
140,239.0625,0,0,0,0,0
140,240.625,1,0,0,0,0
140,242.1875,2,0,0,0,0
140,243.75,3,0,0,0,0
140,245.3125,4,0,0,0,0
140,246.875,5,0,0,0,0
140,248.4375,6,0,0,0,0
140,250.0,7,0,0,0,0
140,251.5625,8,0,0,0,0
140,253.125,9,0,0,0,0
140,254.6875,10,0,0,0,0
140,256.25,11,0,0,0,0
140,257.8125,12,0,0,0,0
140,259.375,13,0,0,0,0
140,260.9375,14,0,0,0,0
140,262.5,15,0,0,0,0
140,264.0625,0,0,0,0,0
140,265.625,1,0,0,0,0
140,267.1875,2,0,0,0,0
140,268.75,3,0,0,0,0
140,270.3125,4,0,0,0,0
140,271.875,5,0,0,0,0
140,273.4375,6,0,0,0,0
141,0.0,7,0,0,0,0
141,1.5625,8,0,0,0,0
141,3.125,9,0,0,0,0
141,4.6875,10,0,0,0,0
141,6.25,11,0,0,0,0
141,7.8125,12,0,0,0,0
141,9.375,13,0,0,0,0
141,10.9375,14,0,0,0,0
141,12.5,15,0,0,0,0
141,14.0625,0,0,0,0,0
141,15.625,1,0,0,0,0
141,17.1875,2,0,0,0,0
141,18.75,3,0,0,0,0
141,20.3125,4,0,0,0,0
141,21.875,5,0,0,0,0
141,23.4375,6,0,0,0,0
141,25.0,7,0,0,0,0
141,26.5625,8,0,0,0,0
141,28.125,9,0,0,0,0
141,29.6875,10,0,0,0,0
141,31.25,11,0,0,0,0
141,32.8125,12,0,0,0,0
141,34.375,13,0,0,0,0
141,35.9375,14,0,0,0,0
141,37.5,15,0,0,0,0
141,39.0625,0,0,0,0,0
141,40.625,1,0,0,0,0
141,42.1875,2,0,0,0,0
141,43.75,3,0,0,0,0
141,45.3125,4,0,0,0,0
141,46.875,5,0,0,0,0
141,48.4375,6,0,0,0,0
141,50.0,7,0,0,0,0
141,51.5625,8,0,0,0,0
141,53.125,9,0,0,0,0
141,54.6875,10,0,0,0,0
141,56.25,11,0,0,0,0
141,57.8125,12,0,0,0,0
141,59.375,13,0,0,0,0
141,60.9375,14,0,0,0,0
141,62.5,15,0,0,0,0
141,64.0625,0,0,0,0,0
141,65.625,1,0,0,0,0
141,67.1875,2,0,0,0,0
141,68.75,3,0,0,0,0
141,70.3125,4,0,0,0,0
141,71.875,5,0,0,0,0
141,73.4375,6,0,0,0,0
141,75.0,7,0,0,0,0
141,76.5625,8,0,0,0,0
141,78.125,9,0,0,0,0
141,79.6875,10,0,0,0,0
141,81.25,11,0,0,0,0
141,82.8125,12,0,0,0,0
141,84.375,13,0,0,0,0
141,85.9375,14,0,0,0,0
141,87.5,15,0,0,0,0
141,89.0625,0,0,0,0,0
141,90.625,1,0,0,0,0
141,92.1875,2,0,0,0,0
141,93.75,3,0,0,0,0
141,95.3125,4,0,0,0,0
141,96.875,5,0,0,0,0
141,98.4375,6,0,0,0,0
141,100.0,7,0,0,0,0
141,101.5625,8,0,0,0,0
141,103.125,9,0,0,0,0
141,104.6875,10,0,0,0,0
141,106.25,11,0,0,0,0
141,107.8125,12,0,0,0,0
141,109.375,13,0,0,0,0
141,110.9375,14,0,0,0,0
141,112.5,15,0,0,0,0
141,114.0625,0,0,0,0,0
141,115.625,1,0,0,0,0
141,117.1875,2,0,0,0,0
141,118.75,3,0,0,0,0
141,120.3125,4,0,0,0,0
141,121.875,5,0,0,0,0
141,123.4375,6,0,0,0,0
141,125.0,7,0,0,0,0
141,126.5625,8,0,0,0,0
141,128.125,9,0,0,0,0
141,129.6875,10,0,0,0,0
141,131.25,11,0,0,0,0
141,132.8125,12,0,0,0,0
141,134.375,13,0,0,0,0
141,135.9375,14,0,0,0,0
141,137.5,15,0,0,0,0
141,139.0625,0,0,0,0,0
141,140.625,1,0,0,0,0
141,142.1875,2,0,0,0,0
141,143.75,3,0,0,0,0
141,145.3125,4,0,0,0,0
141,146.875,5,0,0,0,0
141,148.4375,6,0,0,0,0
141,150.0,7,0,0,0,0
141,151.5625,8,0,0,0,0
141,153.125,9,0,0,0,0
141,154.6875,10,0,0,0,0
141,156.25,11,0,0,0,0
141,157.8125,12,0,0,0,0
141,159.375,13,0,0,0,0
141,160.9375,14,0,0,0,0
141,162.5,15,0,0,0,0
141,164.0625,0,0,0,0,0
141,165.625,1,0,0,0,0
141,167.1875,2,0,0,0,0
141,168.75,3,0,0,0,0
141,170.3125,4,0,0,0,0
141,171.875,5,0,0,0,0
141,173.4375,6,0,0,0,0
141,175.0,7,0,0,0,0
141,176.5625,8,0,0,0,0
141,178.125,9,0,0,0,0
141,179.6875,10,0,0,0,0
141,181.25,11,0,0,0,0
141,182.8125,12,0,0,0,0
141,184.375,13,0,0,0,0
141,185.9375,14,0,0,0,0
141,187.5,15,0,0,0,0
141,189.0625,0,0,0,0,0
141,190.625,1,0,0,0,0
141,192.1875,2,0,0,0,0
141,193.75,3,0,0,0,0
141,195.3125,4,0,0,0,0
141,196.875,5,0,0,0,0
141,198.4375,6,0,0,0,0
141,200.0,7,0,0,0,0
141,201.5625,8,0,0,0,0
141,203.125,9,0,0,0,0
141,204.6875,10,0,0,0,0
141,206.25,11,0,0,0,0
141,207.8125,12,0,0,0,0
141,209.375,13,0,0,0,0
141,210.9375,14,0,0,0,0
141,212.5,15,0,0,0,0
141,214.0625,0,0,0,0,0
141,215.625,1,0,0,0,0
141,217.1875,2,0,0,0,0
141,218.75,3,0,0,0,0
141,220.3125,4,0,0,0,0
141,221.875,5,0,0,0,0
141,223.4375,6,0,0,0,0
141,225.0,7,0,0,0,0
141,226.5625,8,0,0,0,0
141,228.125,9,0,0,0,0
141,229.6875,10,0,0,0,0
141,231.25,11,0,0,0,0
141,232.8125,12,0,0,0,0
141,234.375,13,0,0,0,0
141,235.9375,14,0,0,0,0
141,237.5,15,0,0,0,0
141,239.0625,0,0,0,0,0
141,240.625,1,0,0,0,0
141,242.1875,2,0,0,0,0
141,243.75,3,0,0,0,0
141,245.3125,4,0,0,0,0
141,246.875,5,0,0,0,0
141,248.4375,6,0,0,0,0
141,250.0,7,0,0,0,0
141,251.5625,8,0,0,0,0
141,253.125,9,0,0,0,0
141,254.6875,10,0,0,0,0
141,256.25,11,0,0,0,0
141,257.8125,12,0,0,0,0
141,259.375,13,0,0,0,0
141,260.9375,14,0,0,0,0
141,262.5,15,0,0,0,0
141,264.0625,0,0,0,0,0
141,265.625,1,0,0,0,0
141,267.1875,2,0,0,0,0
141,268.75,3,0,0,0,0
141,270.3125,4,0,0,0,0
141,271.875,5,0,0,0,0
141,273.4375,6,0,0,0,0
142,0.0,7,0,0,0,0
142,1.5625,8,0,0,0,0
142,3.125,9,0,0,0,0
142,4.6875,10,0,0,0,0
142,6.25,11,0,0,0,0
142,7.8125,12,0,0,0,0
142,9.375,13,0,0,0,0
142,10.9375,14,0,0,0,0
142,12.5,15,0,0,0,0
142,14.0625,0,0,0,0,0
142,15.625,1,0,0,0,0
142,17.1875,2,0,0,0,0
142,18.75,3,0,0,0,0
142,20.3125,4,0,0,0,0
142,21.875,5,0,0,0,0
142,23.4375,6,0,0,0,0
142,25.0,7,0,0,0,0
142,26.5625,8,0,0,0,0
142,28.125,9,0,0,0,0
142,29.6875,10,0,0,0,0
142,31.25,11,0,0,0,0
142,32.8125,12,0,0,0,0
142,34.375,13,0,0,0,0
142,35.9375,14,0,0,0,0
142,37.5,15,0,0,0,0
142,39.0625,0,0,0,0,0
142,40.625,1,0,0,0,0
142,42.1875,2,0,0,0,0
142,43.75,3,0,0,0,0
142,45.3125,4,0,0,0,0
142,46.875,5,0,0,0,0
142,48.4375,6,0,0,0,0
142,50.0,7,0,0,0,0
142,51.5625,8,0,0,0,0
142,53.125,9,0,0,0,0
142,54.6875,10,0,0,0,0
142,56.25,11,0,0,0,0
142,57.8125,12,0,0,0,0
142,59.375,13,0,0,0,0
142,60.9375,14,0,0,0,0
142,62.5,15,0,0,0,0
142,64.0625,0,0,0,0,0
142,65.625,1,0,0,0,0
142,67.1875,2,0,0,0,0
142,68.75,3,0,0,0,0
142,70.3125,4,0,0,0,0
142,71.875,5,0,0,0,0
142,73.4375,6,0,0,0,0
142,75.0,7,0,0,0,0
142,76.5625,8,0,0,0,0
142,78.125,9,0,0,0,0
142,79.6875,10,0,0,0,0
142,81.25,11,0,0,0,0
142,82.8125,12,0,0,0,0
142,84.375,13,0,0,0,0
142,85.9375,14,0,0,0,0
142,87.5,15,0,0,0,0
142,89.0625,0,0,0,0,0
142,90.625,1,0,0,0,0
142,92.1875,2,0,0,0,0
142,93.75,3,0,0,0,0
142,95.3125,4,0,0,0,0
142,96.875,5,0,0,0,0
142,98.4375,6,0,0,0,0
142,100.0,7,0,0,0,0
142,101.5625,8,0,0,0,0
142,103.125,9,0,0,0,0
142,104.6875,10,0,0,0,0
142,106.25,11,0,0,0,0
142,107.8125,12,0,0,0,0
142,109.375,13,0,0,0,0
142,110.9375,14,0,0,0,0
142,112.5,15,0,0,0,0
142,114.0625,0,0,0,0,0
142,115.625,1,0,0,0,0
142,117.1875,2,0,0,0,0
142,118.75,3,0,0,0,0
142,120.3125,4,0,0,0,0
142,121.875,5,0,0,0,0
142,123.4375,6,0,0,0,0
142,125.0,7,0,0,0,0
142,126.5625,8,0,0,0,0
142,128.125,9,0,0,0,0
142,129.6875,10,0,0,0,0
142,131.25,11,0,0,0,0
142,132.8125,12,0,0,0,0
142,134.375,13,0,0,0,0
142,135.9375,14,0,0,0,0
142,137.5,15,0,0,0,0
142,139.0625,0,0,0,0,0
142,140.625,1,0,0,0,0
142,142.1875,2,0,0,0,0
142,143.75,3,0,0,0,0
142,145.3125,4,0,0,0,0
142,146.875,5,0,0,0,0
142,148.4375,6,0,0,0,0
142,150.0,7,0,0,0,0
142,151.5625,8,0,0,0,0
142,153.125,9,0,0,0,0
142,154.6875,10,0,0,0,0
142,156.25,11,0,0,0,0
142,157.8125,12,0,0,0,0
142,159.375,13,0,0,0,0
142,160.9375,14,0,0,0,0
142,162.5,15,0,0,0,0
142,164.0625,0,0,0,0,0
142,165.625,1,0,0,0,0
142,167.1875,2,0,0,0,0
142,168.75,3,0,0,0,0
142,170.3125,4,0,0,0,0
142,171.875,5,0,0,0,0
142,173.4375,6,0,0,0,0
142,175.0,7,0,0,0,0
142,176.5625,8,0,0,0,0
142,178.125,9,0,0,0,0
142,179.6875,10,0,0,0,0
142,181.25,11,0,0,0,0
142,182.8125,12,0,0,0,0
142,184.375,13,0,0,0,0
142,185.9375,14,0,0,0,0
142,187.5,15,0,0,0,0
142,189.0625,0,0,0,0,0
142,190.625,1,0,0,0,0
142,192.1875,2,0,0,0,0
142,193.75,3,0,0,0,0
142,195.3125,4,0,0,0,0
142,196.875,5,0,0,0,0
142,198.4375,6,0,0,0,0
142,200.0,7,0,0,0,0
142,201.5625,8,0,0,0,0
142,203.125,9,0,0,0,0
142,204.6875,10,0,0,0,0
142,206.25,11,0,0,0,0
142,207.8125,12,0,0,0,0
142,209.375,13,0,0,0,0
142,210.9375,14,0,0,0,0
142,212.5,15,0,0,0,0
142,214.0625,0,0,0,0,0
142,215.625,1,0,0,0,0
142,217.1875,2,0,0,0,0
142,218.75,3,0,0,0,0
142,220.3125,4,0,0,0,0
142,221.875,5,0,0,0,0
142,223.4375,6,0,0,0,0
142,225.0,7,0,0,0,0
142,226.5625,8,0,0,0,0
142,228.125,9,0,0,0,0
142,229.6875,10,0,0,0,0
142,231.25,11,0,0,0,0
142,232.8125,12,0,0,0,0
142,234.375,13,0,0,0,0
142,235.9375,14,0,0,0,0
142,237.5,15,0,0,0,0
142,239.0625,0,0,0,0,0
142,240.625,1,0,0,0,0
142,242.1875,2,0,0,0,0
142,243.75,3,0,0,0,0
142,245.3125,4,0,0,0,0
142,246.875,5,0,0,0,0
142,248.4375,6,0,0,0,0
142,250.0,7,0,0,0,0
142,251.5625,8,0,0,0,0
142,253.125,9,0,0,0,0
142,254.6875,10,0,0,0,0
142,256.25,11,0,0,0,0
142,257.8125,12,0,0,0,0
142,259.375,13,0,0,0,0
142,260.9375,14,0,0,0,0
142,262.5,15,0,0,0,0
142,264.0625,0,0,0,0,0
142,265.625,1,0,0,0,0
142,267.1875,2,0,0,0,0
142,268.75,3,0,0,0,0
142,270.3125,4,0,0,0,0
142,271.875,5,0,0,0,0
142,273.4375,6,0,0,0,0
143,0.0,7,0,0,0,0
143,1.5625,8,0,0,0,0
143,3.125,9,0,0,0,0
143,4.6875,10,0,0,0,0
143,6.25,11,0,0,0,0
143,7.8125,12,0,0,0,0
143,9.375,13,0,0,0,0
143,10.9375,14,0,0,0,0
143,12.5,15,0,0,0,0
143,14.0625,0,0,0,0,0
143,15.625,1,0,0,0,0
143,17.1875,2,0,0,0,0
143,18.75,3,0,0,0,0
143,20.3125,4,0,0,0,0
143,21.875,5,0,0,0,0
143,23.4375,6,0,0,0,0
143,25.0,7,0,0,0,0
143,26.5625,8,0,0,0,0
143,28.125,9,0,0,0,0
143,29.6875,10,0,0,0,0
143,31.25,11,0,0,0,0
143,32.8125,12,0,0,0,0
143,34.375,13,0,0,0,0
143,35.9375,14,0,0,0,0
143,37.5,15,0,0,0,0
143,39.0625,0,0,0,0,0
143,40.625,1,0,0,0,0
143,42.1875,2,0,0,0,0
143,43.75,3,0,0,0,0
143,45.3125,4,0,0,0,0
143,46.875,5,0,0,0,0
143,48.4375,6,0,0,0,0
143,50.0,7,0,0,0,0
143,51.5625,8,0,0,0,0
143,53.125,9,0,0,0,0
143,54.6875,10,0,0,0,0
143,56.25,11,0,0,0,0
143,57.8125,12,0,0,0,0
143,59.375,13,0,0,0,0
143,60.9375,14,0,0,0,0
143,62.5,15,0,0,0,0
143,64.0625,0,0,0,0,0
143,65.625,1,0,0,0,0
143,67.1875,2,0,0,0,0
143,68.75,3,0,0,0,0
143,70.3125,4,0,0,0,0
143,71.875,5,0,0,0,0
143,73.4375,6,0,0,0,0
143,75.0,7,0,0,0,0
143,76.5625,8,0,0,0,0
143,78.125,9,0,0,0,0
143,79.6875,10,0,0,0,0
143,81.25,11,0,0,0,0
143,82.8125,12,0,0,0,0
143,84.375,13,0,0,0,0
143,85.9375,14,0,0,0,0
143,87.5,15,0,0,0,0
143,89.0625,0,0,0,0,0
143,90.625,1,0,0,0,0
143,92.1875,2,0,0,0,0
143,93.75,3,0,0,0,0
143,95.3125,4,0,0,0,0
143,96.875,5,0,0,0,0
143,98.4375,6,0,0,0,0
143,100.0,7,0,0,0,0
143,101.5625,8,0,0,0,0
143,103.125,9,0,0,0,0
143,104.6875,10,0,0,0,0
143,106.25,11,0,0,0,0
143,107.8125,12,0,0,0,0
143,109.375,13,0,0,0,0
143,110.9375,14,0,0,0,0
143,112.5,15,0,0,0,0
143,114.0625,0,0,0,0,0
143,115.625,1,0,0,0,0
143,117.1875,2,0,0,0,0
143,118.75,3,0,0,0,0
143,120.3125,4,0,0,0,0
143,121.875,5,0,0,0,0
143,123.4375,6,0,0,0,0
143,125.0,7,0,0,0,0
143,126.5625,8,0,0,0,0
143,128.125,9,0,0,0,0
143,129.6875,10,0,0,0,0
143,131.25,11,0,0,0,0
143,132.8125,12,0,0,0,0
143,134.375,13,0,0,0,0
143,135.9375,14,0,0,0,0
143,137.5,15,0,0,0,0
143,139.0625,0,0,0,0,0
143,140.625,1,0,0,0,0
143,142.1875,2,0,0,0,0
143,143.75,3,0,0,0,0
143,145.3125,4,0,0,0,0
143,146.875,5,0,0,0,0
143,148.4375,6,0,0,0,0
143,150.0,7,0,0,0,0
143,151.5625,8,0,0,0,0
143,153.125,9,0,0,0,0
143,154.6875,10,0,0,0,0
143,156.25,11,0,0,0,0
143,157.8125,12,0,0,0,0
143,159.375,13,0,0,0,0
143,160.9375,14,0,0,0,0
143,162.5,15,0,0,0,0
143,164.0625,0,0,0,0,0
143,165.625,1,0,0,0,0
143,167.1875,2,0,0,0,0
143,168.75,3,0,0,0,0
143,170.3125,4,0,0,0,0
143,171.875,5,0,0,0,0
143,173.4375,6,0,0,0,0
143,175.0,7,0,0,0,0
143,176.5625,8,0,0,0,0
143,178.125,9,0,0,0,0
143,179.6875,10,0,0,0,0
143,181.25,11,0,0,0,0
143,182.8125,12,0,0,0,0
143,184.375,13,0,0,0,0
143,185.9375,14,0,0,0,0
143,187.5,15,0,0,0,0
143,189.0625,0,0,0,0,0
143,190.625,1,0,0,0,0
143,192.1875,2,0,0,0,0
143,193.75,3,0,0,0,0
143,195.3125,4,0,0,0,0
143,196.875,5,0,0,0,0
143,198.4375,6,0,0,0,0
143,200.0,7,0,0,0,0
143,201.5625,8,0,0,0,0
143,203.125,9,0,0,0,0
143,204.6875,10,0,0,0,0
143,206.25,11,0,0,0,0
143,207.8125,12,0,0,0,0
143,209.375,13,0,0,0,0
143,210.9375,14,0,0,0,0
143,212.5,15,0,0,0,0
143,214.0625,0,0,0,0,0
143,215.625,1,0,0,0,0
143,217.1875,2,0,0,0,0
143,218.75,3,0,0,0,0
143,220.3125,4,0,0,0,0
143,221.875,5,0,0,0,0
143,223.4375,6,0,0,0,0
143,225.0,7,0,0,0,0
143,226.5625,8,0,0,0,0
143,228.125,9,0,0,0,0
143,229.6875,10,0,0,0,0
143,231.25,11,0,0,0,0
143,232.8125,12,0,0,0,0
143,234.375,13,0,0,0,0
143,235.9375,14,0,0,0,0
143,237.5,15,0,0,0,0
143,239.0625,0,0,0,0,0
143,240.625,1,0,0,0,0
143,242.1875,2,0,0,0,0
143,243.75,3,0,0,0,0
143,245.3125,4,0,0,0,0
143,246.875,5,0,0,0,0
143,248.4375,6,0,0,0,0
143,250.0,7,0,0,0,0
143,251.5625,8,0,0,0,0
143,253.125,9,0,0,0,0
143,254.6875,10,0,0,0,0
143,256.25,11,0,0,0,0
143,257.8125,12,0,0,0,0
143,259.375,13,0,0,0,0
143,260.9375,14,0,0,0,0
143,262.5,15,0,0,0,0
143,264.0625,0,0,0,0,0
143,265.625,1,0,0,0,0
143,267.1875,2,0,0,0,0
143,268.75,3,0,0,0,0
143,270.3125,4,0,0,0,0
143,271.875,5,0,0,0,0
143,273.4375,6,0,0,0,0
144,0.0,7,0,0,0,0
144,1.5625,8,0,0,0,0
144,3.125,9,0,0,0,0
144,4.6875,10,0,0,0,0
144,6.25,11,0,0,0,0
144,7.8125,12,0,0,0,0
144,9.375,13,0,0,0,0
144,10.9375,14,0,0,0,0
144,12.5,15,0,0,0,0
144,14.0625,0,0,0,0,0
144,15.625,1,0,0,0,0
144,17.1875,2,0,0,0,0
144,18.75,3,0,0,0,0
144,20.3125,4,0,0,0,0
144,21.875,5,0,0,0,0
144,23.4375,6,0,0,0,0
144,25.0,7,0,0,0,0
144,26.5625,8,0,0,0,0
144,28.125,9,0,0,0,0
144,29.6875,10,0,0,0,0
144,31.25,11,0,0,0,0
144,32.8125,12,0,0,0,0
144,34.375,13,0,0,0,0
144,35.9375,14,0,0,0,0
144,37.5,15,0,0,0,0
144,39.0625,0,0,0,0,0
144,40.625,1,0,0,0,0
144,42.1875,2,0,0,0,0
144,43.75,3,0,0,0,0
144,45.3125,4,0,0,0,0
144,46.875,5,0,0,0,0
144,48.4375,6,0,0,0,0
144,50.0,7,0,0,0,0
144,51.5625,8,0,0,0,0
144,53.125,9,0,0,0,0
144,54.6875,10,0,0,0,0
144,56.25,11,0,0,0,0
144,57.8125,12,0,0,0,0
144,59.375,13,0,0,0,0
144,60.9375,14,0,0,0,0
144,62.5,15,0,0,0,0
144,64.0625,0,0,0,0,0
144,65.625,1,0,0,0,0
144,67.1875,2,0,0,0,0
144,68.75,3,0,0,0,0
144,70.3125,4,0,0,0,0
144,71.875,5,0,0,0,0
144,73.4375,6,0,0,0,0
144,75.0,7,0,0,0,0
144,76.5625,8,0,0,0,0
144,78.125,9,0,0,0,0
144,79.6875,10,0,0,0,0
144,81.25,11,0,0,0,0
144,82.8125,12,0,0,0,0
144,84.375,13,0,0,0,0
144,85.9375,14,0,0,0,0
144,87.5,15,0,0,0,0
144,89.0625,0,0,0,0,0
144,90.625,1,0,0,0,0
144,92.1875,2,0,0,0,0
144,93.75,3,0,0,0,0
144,95.3125,4,0,0,0,0
144,96.875,5,0,0,0,0
144,98.4375,6,0,0,0,0
144,100.0,7,0,0,0,0
144,101.5625,8,0,0,0,0
144,103.125,9,0,0,0,0
144,104.6875,10,0,0,0,0
144,106.25,11,0,0,0,0
144,107.8125,12,0,0,0,0
144,109.375,13,0,0,0,0
144,110.9375,14,0,0,0,0
144,112.5,15,0,0,0,0
144,114.0625,0,0,0,0,0
144,115.625,1,0,0,0,0
144,117.1875,2,0,0,0,0
144,118.75,3,0,0,0,0
144,120.3125,4,0,0,0,0
144,121.875,5,0,0,0,0
144,123.4375,6,0,0,0,0
144,125.0,7,0,0,0,0
144,126.5625,8,0,0,0,0
144,128.125,9,0,0,0,0
144,129.6875,10,0,0,0,0
144,131.25,11,0,0,0,0
144,132.8125,12,0,0,0,0
144,134.375,13,0,0,0,0
144,135.9375,14,0,0,0,0
144,137.5,15,0,0,0,0
144,139.0625,0,0,0,0,0
144,140.625,1,0,0,0,0
144,142.1875,2,0,0,0,0
144,143.75,3,0,0,0,0
144,145.3125,4,0,0,0,0
144,146.875,5,0,0,0,0
144,148.4375,6,0,0,0,0
144,150.0,7,0,0,0,0
144,151.5625,8,0,0,0,0
144,153.125,9,0,0,0,0
144,154.6875,10,0,0,0,0
144,156.25,11,0,0,0,0
144,157.8125,12,0,0,0,0
144,159.375,13,0,0,0,0
144,160.9375,14,0,0,0,0
144,162.5,15,0,0,0,0
144,164.0625,0,0,0,0,0
144,165.625,1,0,0,0,0
144,167.1875,2,0,0,0,0
144,168.75,3,0,0,0,0
144,170.3125,4,0,0,0,0
144,171.875,5,0,0,0,0
144,173.4375,6,0,0,0,0
144,175.0,7,0,0,0,0
144,176.5625,8,0,0,0,0
144,178.125,9,0,0,0,0
144,179.6875,10,0,0,0,0
144,181.25,11,0,0,0,0
144,182.8125,12,0,0,0,0
144,184.375,13,0,0,0,0
144,185.9375,14,0,0,0,0
144,187.5,15,0,0,0,0
144,189.0625,0,0,0,0,0
144,190.625,1,0,0,0,0
144,192.1875,2,0,0,0,0
144,193.75,3,0,0,0,0
144,195.3125,4,0,0,0,0
144,196.875,5,0,0,0,0
144,198.4375,6,0,0,0,0
144,200.0,7,0,0,0,0
144,201.5625,8,0,0,0,0
144,203.125,9,0,0,0,0
144,204.6875,10,0,0,0,0
144,206.25,11,0,0,0,0
144,207.8125,12,0,0,0,0
144,209.375,13,0,0,0,0
144,210.9375,14,0,0,0,0
144,212.5,15,0,0,0,0
144,214.0625,0,0,0,0,0
144,215.625,1,0,0,0,0
144,217.1875,2,0,0,0,0
144,218.75,3,0,0,0,0
144,220.3125,4,0,0,0,0
144,221.875,5,0,0,0,0
144,223.4375,6,0,0,0,0
144,225.0,7,0,0,0,0
144,226.5625,8,0,0,0,0
144,228.125,9,0,0,0,0
144,229.6875,10,0,0,0,0
144,231.25,11,0,0,0,0
144,232.8125,12,0,0,0,0
144,234.375,13,0,0,0,0
144,235.9375,14,0,0,0,0
144,237.5,15,0,0,0,0
144,239.0625,0,0,0,0,0
144,240.625,1,0,0,0,0
144,242.1875,2,0,0,0,0
144,243.75,3,0,0,0,0
144,245.3125,4,0,0,0,0
144,246.875,5,0,0,0,0
144,248.4375,6,0,0,0,0
144,250.0,7,0,0,0,0
144,251.5625,8,0,0,0,0
144,253.125,9,0,0,0,0
144,254.6875,10,0,0,0,0
144,256.25,11,0,0,0,0
144,257.8125,12,0,0,0,0
144,259.375,13,0,0,0,0
144,260.9375,14,0,0,0,0
144,262.5,15,0,0,0,0
144,264.0625,0,0,0,0,0
144,265.625,1,0,0,0,0
144,267.1875,2,0,0,0,0
144,268.75,3,0,0,0,0
144,270.3125,4,0,0,0,0
144,271.875,5,0,0,0,0
144,273.4375,6,0,0,0,0
145,0.0,7,0,0,0,0
145,1.5625,8,0,0,0,0
145,3.125,9,0,0,0,0
145,4.6875,10,0,0,0,0
145,6.25,11,0,0,0,0
145,7.8125,12,0,0,0,0
145,9.375,13,0,0,0,0
145,10.9375,14,0,0,0,0
145,12.5,15,0,0,0,0
145,14.0625,0,0,0,0,0
145,15.625,1,0,0,0,0
145,17.1875,2,0,0,0,0
145,18.75,3,0,0,0,0
145,20.3125,4,0,0,0,0
145,21.875,5,0,0,0,0
145,23.4375,6,0,0,0,0
145,25.0,7,0,0,0,0
145,26.5625,8,0,0,0,0
145,28.125,9,0,0,0,0
145,29.6875,10,0,0,0,0
145,31.25,11,0,0,0,0
145,32.8125,12,0,0,0,0
145,34.375,13,0,0,0,0
145,35.9375,14,0,0,0,0
145,37.5,15,0,0,0,0
145,39.0625,0,0,0,0,0
145,40.625,1,0,0,0,0
145,42.1875,2,0,0,0,0
145,43.75,3,0,0,0,0
145,45.3125,4,0,0,0,0
145,46.875,5,0,0,0,0
145,48.4375,6,0,0,0,0
145,50.0,7,0,0,0,0
145,51.5625,8,0,0,0,0
145,53.125,9,0,0,0,0
145,54.6875,10,0,0,0,0
145,56.25,11,0,0,0,0
145,57.8125,12,0,0,0,0
145,59.375,13,0,0,0,0
145,60.9375,14,0,0,0,0
145,62.5,15,0,0,0,0
145,64.0625,0,0,0,0,0
145,65.625,1,0,0,0,0
145,67.1875,2,0,0,0,0
145,68.75,3,0,0,0,0
145,70.3125,4,0,0,0,0
145,71.875,5,0,0,0,0
145,73.4375,6,0,0,0,0
145,75.0,7,0,0,0,0
145,76.5625,8,0,0,0,0
145,78.125,9,0,0,0,0
145,79.6875,10,0,0,0,0
145,81.25,11,0,0,0,0
145,82.8125,12,0,0,0,0
145,84.375,13,0,0,0,0
145,85.9375,14,0,0,0,0
145,87.5,15,0,0,0,0
145,89.0625,0,0,0,0,0
145,90.625,1,0,0,0,0
145,92.1875,2,0,0,0,0
145,93.75,3,0,0,0,0
145,95.3125,4,0,0,0,0
145,96.875,5,0,0,0,0
145,98.4375,6,0,0,0,0
145,100.0,7,0,0,0,0
145,101.5625,8,0,0,0,0
145,103.125,9,0,0,0,0
145,104.6875,10,0,0,0,0
145,106.25,11,0,0,0,0
145,107.8125,12,0,0,0,0
145,109.375,13,0,0,0,0
145,110.9375,14,0,0,0,0
145,112.5,15,0,0,0,0
145,114.0625,0,0,0,0,0
145,115.625,1,0,0,0,0
145,117.1875,2,0,0,0,0
145,118.75,3,0,0,0,0
145,120.3125,4,0,0,0,0
145,121.875,5,0,0,0,0
145,123.4375,6,0,0,0,0
145,125.0,7,0,0,0,0
145,126.5625,8,0,0,0,0
145,128.125,9,0,0,0,0
145,129.6875,10,0,0,0,0
145,131.25,11,0,0,0,0
145,132.8125,12,0,0,0,0
145,134.375,13,0,0,0,0
145,135.9375,14,0,0,0,0
145,137.5,15,0,0,0,0
145,139.0625,0,0,0,0,0
145,140.625,1,0,0,0,0
145,142.1875,2,0,0,0,0
145,143.75,3,0,0,0,0
145,145.3125,4,0,0,0,0
145,146.875,5,0,0,0,0
145,148.4375,6,0,0,0,0
145,150.0,7,0,0,0,0
145,151.5625,8,0,0,0,0
145,153.125,9,0,0,0,0
145,154.6875,10,0,0,0,0
145,156.25,11,0,0,0,0
145,157.8125,12,0,0,0,0
145,159.375,13,0,0,0,0
145,160.9375,14,0,0,0,0
145,162.5,15,0,0,0,0
145,164.0625,0,0,0,0,0
145,165.625,1,0,0,0,0
145,167.1875,2,0,0,0,0
145,168.75,3,0,0,0,0
145,170.3125,4,0,0,0,0
145,171.875,5,0,0,0,0
145,173.4375,6,0,0,0,0
145,175.0,7,0,0,0,0
145,176.5625,8,0,0,0,0
145,178.125,9,0,0,0,0
145,179.6875,10,0,0,0,0
145,181.25,11,0,0,0,0
145,182.8125,12,0,0,0,0
145,184.375,13,0,0,0,0
145,185.9375,14,0,0,0,0
145,187.5,15,0,0,0,0
145,189.0625,0,0,0,0,0
145,190.625,1,0,0,0,0
145,192.1875,2,0,0,0,0
145,193.75,3,0,0,0,0
145,195.3125,4,0,0,0,0
145,196.875,5,0,0,0,0
145,198.4375,6,0,0,0,0
145,200.0,7,0,0,0,0
145,201.5625,8,0,0,0,0
145,203.125,9,0,0,0,0
145,204.6875,10,0,0,0,0
145,206.25,11,0,0,0,0
145,207.8125,12,0,0,0,0
145,209.375,13,0,0,0,0
145,210.9375,14,0,0,0,0
145,212.5,15,0,0,0,0
145,214.0625,0,0,0,0,0
145,215.625,1,0,0,0,0
145,217.1875,2,0,0,0,0
145,218.75,3,0,0,0,0
145,220.3125,4,0,0,0,0
145,221.875,5,0,0,0,0
145,223.4375,6,0,0,0,0
145,225.0,7,0,0,0,0
145,226.5625,8,0,0,0,0
145,228.125,9,0,0,0,0
145,229.6875,10,0,0,0,0
145,231.25,11,0,0,0,0
145,232.8125,12,0,0,0,0
145,234.375,13,0,0,0,0
145,235.9375,14,0,0,0,0
145,237.5,15,0,0,0,0
145,239.0625,0,0,0,0,0
145,240.625,1,0,0,0,0
145,242.1875,2,0,0,0,0
145,243.75,3,0,0,0,0
145,245.3125,4,0,0,0,0
145,246.875,5,0,0,0,0
145,248.4375,6,0,0,0,0
145,250.0,7,0,0,0,0
145,251.5625,8,0,0,0,0
145,253.125,9,0,0,0,0
145,254.6875,10,0,0,0,0
145,256.25,11,0,0,0,0
145,257.8125,12,0,0,0,0
145,259.375,13,0,0,0,0
145,260.9375,14,0,0,0,0
145,262.5,15,0,0,0,0
145,264.0625,0,0,0,0,0
145,265.625,1,0,0,0,0
145,267.1875,2,0,0,0,0
145,268.75,3,0,0,0,0
145,270.3125,4,0,0,0,0
145,271.875,5,0,0,0,0
145,273.4375,6,0,0,0,0
146,0.0,7,0,0,0,0
146,1.5625,8,0,0,0,0
146,3.125,9,0,0,0,0
146,4.6875,10,0,0,0,0
146,6.25,11,0,0,0,0
146,7.8125,12,0,0,0,0
146,9.375,13,0,0,0,0
146,10.9375,14,0,0,0,0
146,12.5,15,0,0,0,0
146,14.0625,0,0,0,0,0
146,15.625,1,0,0,0,0
146,17.1875,2,0,0,0,0
146,18.75,3,0,0,0,0
146,20.3125,4,0,0,0,0
146,21.875,5,0,0,0,0
146,23.4375,6,0,0,0,0
146,25.0,7,0,0,0,0
146,26.5625,8,0,0,0,0
146,28.125,9,0,0,0,0
146,29.6875,10,0,0,0,0
146,31.25,11,0,0,0,0
146,32.8125,12,0,0,0,0
146,34.375,13,0,0,0,0
146,35.9375,14,0,0,0,0
146,37.5,15,0,0,0,0
146,39.0625,0,0,0,0,0
146,40.625,1,0,0,0,0
146,42.1875,2,0,0,0,0
146,43.75,3,0,0,0,0
146,45.3125,4,0,0,0,0
146,46.875,5,0,0,0,0
146,48.4375,6,0,0,0,0
146,50.0,7,0,0,0,0
146,51.5625,8,0,0,0,0
146,53.125,9,0,0,0,0
146,54.6875,10,0,0,0,0
146,56.25,11,0,0,0,0
146,57.8125,12,0,0,0,0
146,59.375,13,0,0,0,0
146,60.9375,14,0,0,0,0
146,62.5,15,0,0,0,0
146,64.0625,0,0,0,0,0
146,65.625,1,0,0,0,0
146,67.1875,2,0,0,0,0
146,68.75,3,0,0,0,0
146,70.3125,4,0,0,0,0
146,71.875,5,0,0,0,0
146,73.4375,6,0,0,0,0
146,75.0,7,0,0,0,0
146,76.5625,8,0,0,0,0
146,78.125,9,0,0,0,0
146,79.6875,10,0,0,0,0
146,81.25,11,0,0,0,0
146,82.8125,12,0,0,0,0
146,84.375,13,0,0,0,0
146,85.9375,14,0,0,0,0
146,87.5,15,0,0,0,0
146,89.0625,0,0,0,0,0
146,90.625,1,0,0,0,0
146,92.1875,2,0,0,0,0
146,93.75,3,0,0,0,0
146,95.3125,4,0,0,0,0
146,96.875,5,0,0,0,0
146,98.4375,6,0,0,0,0
146,100.0,7,0,0,0,0
146,101.5625,8,0,0,0,0
146,103.125,9,0,0,0,0
146,104.6875,10,0,0,0,0
146,106.25,11,0,0,0,0
146,107.8125,12,0,0,0,0
146,109.375,13,0,0,0,0
146,110.9375,14,0,0,0,0
146,112.5,15,0,0,0,0
146,114.0625,0,0,0,0,0
146,115.625,1,0,0,0,0
146,117.1875,2,0,0,0,0
146,118.75,3,0,0,0,0
146,120.3125,4,0,0,0,0
146,121.875,5,0,0,0,0
146,123.4375,6,0,0,0,0
146,125.0,7,0,0,0,0
146,126.5625,8,0,0,0,0
146,128.125,9,0,0,0,0
146,129.6875,10,0,0,0,0
146,131.25,11,0,0,0,0
146,132.8125,12,0,0,0,0
146,134.375,13,0,0,0,0
146,135.9375,14,0,0,0,0
146,137.5,15,0,0,0,0
146,139.0625,0,0,0,0,0
146,140.625,1,0,0,0,0
146,142.1875,2,0,0,0,0
146,143.75,3,0,0,0,0
146,145.3125,4,0,0,0,0
146,146.875,5,0,0,0,0
146,148.4375,6,0,0,0,0
146,150.0,7,0,0,0,0
146,151.5625,8,0,0,0,0
146,153.125,9,0,0,0,0
146,154.6875,10,0,0,0,0
146,156.25,11,0,0,0,0
146,157.8125,12,0,0,0,0
146,159.375,13,0,0,0,0
146,160.9375,14,0,0,0,0
146,162.5,15,0,0,0,0
146,164.0625,0,0,0,0,0
146,165.625,1,0,0,0,0
146,167.1875,2,0,0,0,0
146,168.75,3,0,0,0,0
146,170.3125,4,0,0,0,0
146,171.875,5,0,0,0,0
146,173.4375,6,0,0,0,0
146,175.0,7,0,0,0,0
146,176.5625,8,0,0,0,0
146,178.125,9,0,0,0,0
146,179.6875,10,0,0,0,0
146,181.25,11,0,0,0,0
146,182.8125,12,0,0,0,0
146,184.375,13,0,0,0,0
146,185.9375,14,0,0,0,0
146,187.5,15,0,0,0,0
146,189.0625,0,0,0,0,0
146,190.625,1,0,0,0,0
146,192.1875,2,0,0,0,0
146,193.75,3,0,0,0,0
146,195.3125,4,0,0,0,0
146,196.875,5,0,0,0,0
146,198.4375,6,0,0,0,0
146,200.0,7,0,0,0,0
146,201.5625,8,0,0,0,0
146,203.125,9,0,0,0,0
146,204.6875,10,0,0,0,0
146,206.25,11,0,0,0,0
146,207.8125,12,0,0,0,0
146,209.375,13,0,0,0,0
146,210.9375,14,0,0,0,0
146,212.5,15,0,0,0,0
146,214.0625,0,0,0,0,0
146,215.625,1,0,0,0,0
146,217.1875,2,0,0,0,0
146,218.75,3,0,0,0,0
146,220.3125,4,0,0,0,0
146,221.875,5,0,0,0,0
146,223.4375,6,0,0,0,0
146,225.0,7,0,0,0,0
146,226.5625,8,0,0,0,0
146,228.125,9,0,0,0,0
146,229.6875,10,0,0,0,0
146,231.25,11,0,0,0,0
146,232.8125,12,0,0,0,0
146,234.375,13,0,0,0,0
146,235.9375,14,0,0,0,0
146,237.5,15,0,0,0,0
146,239.0625,0,0,0,0,0
146,240.625,1,0,0,0,0
146,242.1875,2,0,0,0,0
146,243.75,3,0,0,0,0
146,245.3125,4,0,0,0,0
146,246.875,5,0,0,0,0
146,248.4375,6,0,0,0,0
146,250.0,7,0,0,0,0
146,251.5625,8,0,0,0,0
146,253.125,9,0,0,0,0
146,254.6875,10,0,0,0,0
146,256.25,11,0,0,0,0
146,257.8125,12,0,0,0,0
146,259.375,13,0,0,0,0
146,260.9375,14,0,0,0,0
146,262.5,15,0,0,0,0
146,264.0625,0,0,0,0,0
146,265.625,1,0,0,0,0
146,267.1875,2,0,0,0,0
146,268.75,3,0,0,0,0
146,270.3125,4,0,0,0,0
146,271.875,5,0,0,0,0
146,273.4375,6,0,0,0,0
147,0.0,7,0,0,0,0
147,1.5625,8,0,0,0,0
147,3.125,9,0,0,0,0
147,4.6875,10,0,0,0,0
147,6.25,11,0,0,0,0
147,7.8125,12,0,0,0,0
147,9.375,13,0,0,0,0
147,10.9375,14,0,0,0,0
147,12.5,15,0,0,0,0
147,14.0625,0,0,0,0,0
147,15.625,1,0,0,0,0
147,17.1875,2,0,0,0,0
147,18.75,3,0,0,0,0
147,20.3125,4,0,0,0,0
147,21.875,5,0,0,0,0
147,23.4375,6,0,0,0,0
147,25.0,7,0,0,0,0
147,26.5625,8,0,0,0,0
147,28.125,9,0,0,0,0
147,29.6875,10,0,0,0,0
147,31.25,11,0,0,0,0
147,32.8125,12,0,0,0,0
147,34.375,13,0,0,0,0
147,35.9375,14,0,0,0,0
147,37.5,15,0,0,0,0
147,39.0625,0,0,0,0,0
147,40.625,1,0,0,0,0
147,42.1875,2,0,0,0,0
147,43.75,3,0,0,0,0
147,45.3125,4,0,0,0,0
147,46.875,5,0,0,0,0
147,48.4375,6,0,0,0,0
147,50.0,7,0,0,0,0
147,51.5625,8,0,0,0,0
147,53.125,9,0,0,0,0
147,54.6875,10,0,0,0,0
147,56.25,11,0,0,0,0
147,57.8125,12,0,0,0,0
147,59.375,13,0,0,0,0
147,60.9375,14,0,0,0,0
147,62.5,15,0,0,0,0
147,64.0625,0,0,0,0,0
147,65.625,1,0,0,0,0
147,67.1875,2,0,0,0,0
147,68.75,3,0,0,0,0
147,70.3125,4,0,0,0,0
147,71.875,5,0,0,0,0
147,73.4375,6,0,0,0,0
147,75.0,7,0,0,0,0
147,76.5625,8,0,0,0,0
147,78.125,9,0,0,0,0
147,79.6875,10,0,0,0,0
147,81.25,11,0,0,0,0
147,82.8125,12,0,0,0,0
147,84.375,13,0,0,0,0
147,85.9375,14,0,0,0,0
147,87.5,15,0,0,0,0
147,89.0625,0,0,0,0,0
147,90.625,1,0,0,0,0
147,92.1875,2,0,0,0,0
147,93.75,3,0,0,0,0
147,95.3125,4,0,0,0,0
147,96.875,5,0,0,0,0
147,98.4375,6,0,0,0,0
147,100.0,7,0,0,0,0
147,101.5625,8,0,0,0,0
147,103.125,9,0,0,0,0
147,104.6875,10,0,0,0,0
147,106.25,11,0,0,0,0
147,107.8125,12,0,0,0,0
147,109.375,13,0,0,0,0
147,110.9375,14,0,0,0,0
147,112.5,15,0,0,0,0
147,114.0625,0,0,0,0,0
147,115.625,1,0,0,0,0
147,117.1875,2,0,0,0,0
147,118.75,3,0,0,0,0
147,120.3125,4,0,0,0,0
147,121.875,5,0,0,0,0
147,123.4375,6,0,0,0,0
147,125.0,7,0,0,0,0
147,126.5625,8,0,0,0,0
147,128.125,9,0,0,0,0
147,129.6875,10,0,0,0,0
147,131.25,11,0,0,0,0
147,132.8125,12,0,0,0,0
147,134.375,13,0,0,0,0
147,135.9375,14,0,0,0,0
147,137.5,15,0,0,0,0
147,139.0625,0,0,0,0,0
147,140.625,1,0,0,0,0
147,142.1875,2,0,0,0,0
147,143.75,3,0,0,0,0
147,145.3125,4,0,0,0,0
147,146.875,5,0,0,0,0
147,148.4375,6,0,0,0,0
147,150.0,7,0,0,0,0
147,151.5625,8,0,0,0,0
147,153.125,9,0,0,0,0
147,154.6875,10,0,0,0,0
147,156.25,11,0,0,0,0
147,157.8125,12,0,0,0,0
147,159.375,13,0,0,0,0
147,160.9375,14,0,0,0,0
147,162.5,15,0,0,0,0
147,164.0625,0,0,0,0,0
147,165.625,1,0,0,0,0
147,167.1875,2,0,0,0,0
147,168.75,3,0,0,0,0
147,170.3125,4,0,0,0,0
147,171.875,5,0,0,0,0
147,173.4375,6,0,0,0,0
147,175.0,7,0,0,0,0
147,176.5625,8,0,0,0,0
147,178.125,9,0,0,0,0
147,179.6875,10,0,0,0,0
147,181.25,11,0,0,0,0
147,182.8125,12,0,0,0,0
147,184.375,13,0,0,0,0
147,185.9375,14,0,0,0,0
147,187.5,15,0,0,0,0
147,189.0625,0,0,0,0,0
147,190.625,1,0,0,0,0
147,192.1875,2,0,0,0,0
147,193.75,3,0,0,0,0
147,195.3125,4,0,0,0,0
147,196.875,5,0,0,0,0
147,198.4375,6,0,0,0,0
147,200.0,7,0,0,0,0
147,201.5625,8,0,0,0,0
147,203.125,9,0,0,0,0
147,204.6875,10,0,0,0,0
147,206.25,11,0,0,0,0
147,207.8125,12,0,0,0,0
147,209.375,13,0,0,0,0
147,210.9375,14,0,0,0,0
147,212.5,15,0,0,0,0
147,214.0625,0,0,0,0,0
147,215.625,1,0,0,0,0
147,217.1875,2,0,0,0,0
147,218.75,3,0,0,0,0
147,220.3125,4,0,0,0,0
147,221.875,5,0,0,0,0
147,223.4375,6,0,0,0,0
147,225.0,7,0,0,0,0
147,226.5625,8,0,0,0,0
147,228.125,9,0,0,0,0
147,229.6875,10,0,0,0,0
147,231.25,11,0,0,0,0
147,232.8125,12,0,0,0,0
147,234.375,13,0,0,0,0
147,235.9375,14,0,0,0,0
147,237.5,15,0,0,0,0
147,239.0625,0,0,0,0,0
147,240.625,1,0,0,0,0
147,242.1875,2,0,0,0,0
147,243.75,3,0,0,0,0
147,245.3125,4,0,0,0,0
147,246.875,5,0,0,0,0
147,248.4375,6,0,0,0,0
147,250.0,7,0,0,0,0
147,251.5625,8,0,0,0,0
147,253.125,9,0,0,0,0
147,254.6875,10,0,0,0,0
147,256.25,11,0,0,0,0
147,257.8125,12,0,0,0,0
147,259.375,13,0,0,0,0
147,260.9375,14,0,0,0,0
147,262.5,15,0,0,0,0
147,264.0625,0,0,0,0,0
147,265.625,1,0,0,0,0
147,267.1875,2,0,0,0,0
147,268.75,3,0,0,0,0
147,270.3125,4,0,0,0,0
147,271.875,5,0,0,0,0
147,273.4375,6,0,0,0,0
148,0.0,7,0,0,0,0
148,1.5625,8,0,0,0,0
148,3.125,9,0,0,0,0
148,4.6875,10,0,0,0,0
148,6.25,11,0,0,0,0
148,7.8125,12,0,0,0,0
148,9.375,13,0,0,0,0
148,10.9375,14,0,0,0,0
148,12.5,15,0,0,0,0
148,14.0625,0,0,0,0,0
148,15.625,1,0,0,0,0
148,17.1875,2,0,0,0,0
148,18.75,3,0,0,0,0
148,20.3125,4,0,0,0,0
148,21.875,5,0,0,0,0
148,23.4375,6,0,0,0,0
148,25.0,7,0,0,0,0
148,26.5625,8,0,0,0,0
148,28.125,9,0,0,0,0
148,29.6875,10,0,0,0,0
148,31.25,11,0,0,0,0
148,32.8125,12,0,0,0,0
148,34.375,13,0,0,0,0
148,35.9375,14,0,0,0,0
148,37.5,15,0,0,0,0
148,39.0625,0,0,0,0,0
148,40.625,1,0,0,0,0
148,42.1875,2,0,0,0,0
148,43.75,3,0,0,0,0
148,45.3125,4,0,0,0,0
148,46.875,5,0,0,0,0
148,48.4375,6,0,0,0,0
148,50.0,7,0,0,0,0
148,51.5625,8,0,0,0,0
148,53.125,9,0,0,0,0
148,54.6875,10,0,0,0,0
148,56.25,11,0,0,0,0
148,57.8125,12,0,0,0,0
148,59.375,13,0,0,0,0
148,60.9375,14,0,0,0,0
148,62.5,15,0,0,0,0
148,64.0625,0,0,0,0,0
148,65.625,1,0,0,0,0
148,67.1875,2,0,0,0,0
148,68.75,3,0,0,0,0
148,70.3125,4,0,0,0,0
148,71.875,5,0,0,0,0
148,73.4375,6,0,0,0,0
148,75.0,7,0,0,0,0
148,76.5625,8,0,0,0,0
148,78.125,9,0,0,0,0
148,79.6875,10,0,0,0,0
148,81.25,11,0,0,0,0
148,82.8125,12,0,0,0,0
148,84.375,13,0,0,0,0
148,85.9375,14,0,0,0,0
148,87.5,15,0,0,0,0
148,89.0625,0,0,0,0,0
148,90.625,1,0,0,0,0
148,92.1875,2,0,0,0,0
148,93.75,3,0,0,0,0
148,95.3125,4,0,0,0,0
148,96.875,5,0,0,0,0
148,98.4375,6,0,0,0,0
148,100.0,7,0,0,0,0
148,101.5625,8,0,0,0,0
148,103.125,9,0,0,0,0
148,104.6875,10,0,0,0,0
148,106.25,11,0,0,0,0
148,107.8125,12,0,0,0,0
148,109.375,13,0,0,0,0
148,110.9375,14,0,0,0,0
148,112.5,15,0,0,0,0
148,114.0625,0,0,0,0,0
148,115.625,1,0,0,0,0
148,117.1875,2,0,0,0,0
148,118.75,3,0,0,0,0
148,120.3125,4,0,0,0,0
148,121.875,5,0,0,0,0
148,123.4375,6,0,0,0,0
148,125.0,7,0,0,0,0
148,126.5625,8,0,0,0,0
148,128.125,9,0,0,0,0
148,129.6875,10,0,0,0,0
148,131.25,11,0,0,0,0
148,132.8125,12,0,0,0,0
148,134.375,13,0,0,0,0
148,135.9375,14,0,0,0,0
148,137.5,15,0,0,0,0
148,139.0625,0,0,0,0,0
148,140.625,1,0,0,0,0
148,142.1875,2,0,0,0,0
148,143.75,3,0,0,0,0
148,145.3125,4,0,0,0,0
148,146.875,5,0,0,0,0
148,148.4375,6,0,0,0,0
148,150.0,7,0,0,0,0
148,151.5625,8,0,0,0,0
148,153.125,9,0,0,0,0
148,154.6875,10,0,0,0,0
148,156.25,11,0,0,0,0
148,157.8125,12,0,0,0,0
148,159.375,13,0,0,0,0
148,160.9375,14,0,0,0,0
148,162.5,15,0,0,0,0
148,164.0625,0,0,0,0,0
148,165.625,1,0,0,0,0
148,167.1875,2,0,0,0,0
148,168.75,3,0,0,0,0
148,170.3125,4,0,0,0,0
148,171.875,5,0,0,0,0
148,173.4375,6,0,0,0,0
148,175.0,7,0,0,0,0
148,176.5625,8,0,0,0,0
148,178.125,9,0,0,0,0
148,179.6875,10,0,0,0,0
148,181.25,11,0,0,0,0
148,182.8125,12,0,0,0,0
148,184.375,13,0,0,0,0
148,185.9375,14,0,0,0,0
148,187.5,15,0,0,0,0
148,189.0625,0,0,0,0,0
148,190.625,1,0,0,0,0
148,192.1875,2,0,0,0,0
148,193.75,3,0,0,0,0
148,195.3125,4,0,0,0,0
148,196.875,5,0,0,0,0
148,198.4375,6,0,0,0,0
148,200.0,7,0,0,0,0
148,201.5625,8,0,0,0,0
148,203.125,9,0,0,0,0
148,204.6875,10,0,0,0,0
148,206.25,11,0,0,0,0
148,207.8125,12,0,0,0,0
148,209.375,13,0,0,0,0
148,210.9375,14,0,0,0,0
148,212.5,15,0,0,0,0
148,214.0625,0,0,0,0,0
148,215.625,1,0,0,0,0
148,217.1875,2,0,0,0,0
148,218.75,3,0,0,0,0
148,220.3125,4,0,0,0,0
148,221.875,5,0,0,0,0
148,223.4375,6,0,0,0,0
148,225.0,7,0,0,0,0
148,226.5625,8,0,0,0,0
148,228.125,9,0,0,0,0
148,229.6875,10,0,0,0,0
148,231.25,11,0,0,0,0
148,232.8125,12,0,0,0,0
148,234.375,13,0,0,0,0
148,235.9375,14,0,0,0,0
148,237.5,15,0,0,0,0
148,239.0625,0,0,0,0,0
148,240.625,1,0,0,0,0
148,242.1875,2,0,0,0,0
148,243.75,3,0,0,0,0
148,245.3125,4,0,0,0,0
148,246.875,5,0,0,0,0
148,248.4375,6,0,0,0,0
148,250.0,7,0,0,0,0
148,251.5625,8,0,0,0,0
148,253.125,9,0,0,0,0
148,254.6875,10,0,0,0,0
148,256.25,11,0,0,0,0
148,257.8125,12,0,0,0,0
148,259.375,13,0,0,0,0
148,260.9375,14,0,0,0,0
148,262.5,15,0,0,0,0
148,264.0625,0,0,0,0,0
148,265.625,1,0,0,0,0
148,267.1875,2,0,0,0,0
148,268.75,3,0,0,0,0
148,270.3125,4,0,0,0,0
148,271.875,5,0,0,0,0
148,273.4375,6,0,0,0,0
149,0.0,7,0,0,0,0
149,1.5625,8,0,0,0,0
149,3.125,9,0,0,0,0
149,4.6875,10,0,0,0,0
149,6.25,11,0,0,0,0
149,7.8125,12,0,0,0,0
149,9.375,13,0,0,0,0
149,10.9375,14,0,0,0,0
149,12.5,15,0,0,0,0
149,14.0625,0,0,0,0,0
149,15.625,1,0,0,0,0
149,17.1875,2,0,0,0,0
149,18.75,3,0,0,0,0
149,20.3125,4,0,0,0,0
149,21.875,5,0,0,0,0
149,23.4375,6,0,0,0,0
149,25.0,7,0,0,0,0
149,26.5625,8,0,0,0,0
149,28.125,9,0,0,0,0
149,29.6875,10,0,0,0,0
149,31.25,11,0,0,0,0
149,32.8125,12,0,0,0,0
149,34.375,13,0,0,0,0
149,35.9375,14,0,0,0,0
149,37.5,15,0,0,0,0
149,39.0625,0,0,0,0,0
149,40.625,1,0,0,0,0
149,42.1875,2,0,0,0,0
149,43.75,3,0,0,0,0
149,45.3125,4,0,0,0,0
149,46.875,5,0,0,0,0
149,48.4375,6,0,0,0,0
149,50.0,7,0,0,0,0
149,51.5625,8,0,0,0,0
149,53.125,9,0,0,0,0
149,54.6875,10,0,0,0,0
149,56.25,11,0,0,0,0
149,57.8125,12,0,0,0,0
149,59.375,13,0,0,0,0
149,60.9375,14,0,0,0,0
149,62.5,15,0,0,0,0
149,64.0625,0,0,0,0,0
149,65.625,1,0,0,0,0
149,67.1875,2,0,0,0,0
149,68.75,3,0,0,0,0
149,70.3125,4,0,0,0,0
149,71.875,5,0,0,0,0
149,73.4375,6,0,0,0,0
149,75.0,7,0,0,0,0
149,76.5625,8,0,0,0,0
149,78.125,9,0,0,0,0
149,79.6875,10,0,0,0,0
149,81.25,11,0,0,0,0
149,82.8125,12,0,0,0,0
149,84.375,13,0,0,0,0
149,85.9375,14,0,0,0,0
149,87.5,15,0,0,0,0
149,89.0625,0,0,0,0,0
149,90.625,1,0,0,0,0
149,92.1875,2,0,0,0,0
149,93.75,3,0,0,0,0
149,95.3125,4,0,0,0,0
149,96.875,5,0,0,0,0
149,98.4375,6,0,0,0,0
149,100.0,7,0,0,0,0
149,101.5625,8,0,0,0,0
149,103.125,9,0,0,0,0
149,104.6875,10,0,0,0,0
149,106.25,11,0,0,0,0
149,107.8125,12,0,0,0,0
149,109.375,13,0,0,0,0
149,110.9375,14,0,0,0,0
149,112.5,15,0,0,0,0
149,114.0625,0,0,0,0,0
149,115.625,1,0,0,0,0
149,117.1875,2,0,0,0,0
149,118.75,3,0,0,0,0
149,120.3125,4,0,0,0,0
149,121.875,5,0,0,0,0
149,123.4375,6,0,0,0,0
149,125.0,7,0,0,0,0
149,126.5625,8,0,0,0,0
149,128.125,9,0,0,0,0
149,129.6875,10,0,0,0,0
149,131.25,11,0,0,0,0
149,132.8125,12,0,0,0,0
149,134.375,13,0,0,0,0
149,135.9375,14,0,0,0,0
149,137.5,15,0,0,0,0
149,139.0625,0,0,0,0,0
149,140.625,1,0,0,0,0
149,142.1875,2,0,0,0,0
149,143.75,3,0,0,0,0
149,145.3125,4,0,0,0,0
149,146.875,5,0,0,0,0
149,148.4375,6,0,0,0,0
149,150.0,7,0,0,0,0
149,151.5625,8,0,0,0,0
149,153.125,9,0,0,0,0
149,154.6875,10,0,0,0,0
149,156.25,11,0,0,0,0
149,157.8125,12,0,0,0,0
149,159.375,13,0,0,0,0
149,160.9375,14,0,0,0,0
149,162.5,15,0,0,0,0
149,164.0625,0,0,0,0,0
149,165.625,1,0,0,0,0
149,167.1875,2,0,0,0,0
149,168.75,3,0,0,0,0
149,170.3125,4,0,0,0,0
149,171.875,5,0,0,0,0
149,173.4375,6,0,0,0,0
149,175.0,7,0,0,0,0
149,176.5625,8,0,0,0,0
149,178.125,9,0,0,0,0
149,179.6875,10,0,0,0,0
149,181.25,11,0,0,0,0
149,182.8125,12,0,0,0,0
149,184.375,13,0,0,0,0
149,185.9375,14,0,0,0,0
149,187.5,15,0,0,0,0
149,189.0625,0,0,0,0,0
149,190.625,1,0,0,0,0
149,192.1875,2,0,0,0,0
149,193.75,3,0,0,0,0
149,195.3125,4,0,0,0,0
149,196.875,5,0,0,0,0
149,198.4375,6,0,0,0,0
149,200.0,7,0,0,0,0
149,201.5625,8,0,0,0,0
149,203.125,9,0,0,0,0
149,204.6875,10,0,0,0,0
149,206.25,11,0,0,0,0
149,207.8125,12,0,0,0,0
149,209.375,13,0,0,0,0
149,210.9375,14,0,0,0,0
149,212.5,15,0,0,0,0
149,214.0625,0,0,0,0,0
149,215.625,1,0,0,0,0
149,217.1875,2,0,0,0,0
149,218.75,3,0,0,0,0
149,220.3125,4,0,0,0,0
149,221.875,5,0,0,0,0
149,223.4375,6,0,0,0,0
149,225.0,7,0,0,0,0
149,226.5625,8,0,0,0,0
149,228.125,9,0,0,0,0
149,229.6875,10,0,0,0,0
149,231.25,11,0,0,0,0
149,232.8125,12,0,0,0,0
149,234.375,13,0,0,0,0
149,235.9375,14,0,0,0,0
149,237.5,15,0,0,0,0
149,239.0625,0,0,0,0,0
149,240.625,1,0,0,0,0
149,242.1875,2,0,0,0,0
149,243.75,3,0,0,0,0
149,245.3125,4,0,0,0,0
149,246.875,5,0,0,0,0
149,248.4375,6,0,0,0,0
149,250.0,7,0,0,0,0
149,251.5625,8,0,0,0,0
149,253.125,9,0,0,0,0
149,254.6875,10,0,0,0,0
149,256.25,11,0,0,0,0
149,257.8125,12,0,0,0,0
149,259.375,13,0,0,0,0
149,260.9375,14,0,0,0,0
149,262.5,15,0,0,0,0
149,264.0625,0,0,0,0,0
149,265.625,1,0,0,0,0
149,267.1875,2,0,0,0,0
149,268.75,3,0,0,0,0
149,270.3125,4,0,0,0,0
149,271.875,5,0,0,0,0
149,273.4375,6,0,0,0,0
150,0.0,7,0,0,0,0
150,1.5625,8,0,0,0,0
150,3.125,9,0,0,0,0
150,4.6875,10,0,0,0,0
150,6.25,11,0,0,0,0
150,7.8125,12,0,0,0,0
150,9.375,13,0,0,0,0
150,10.9375,14,0,0,0,0
150,12.5,15,0,0,0,0
150,14.0625,0,0,0,0,0
150,15.625,1,0,0,0,0
150,17.1875,2,0,0,0,0
150,18.75,3,0,0,0,0
150,20.3125,4,0,0,0,0
150,21.875,5,0,0,0,0
150,23.4375,6,0,0,0,0
150,25.0,7,0,0,0,0
150,26.5625,8,0,0,0,0
150,28.125,9,0,0,0,0
150,29.6875,10,0,0,0,0
150,31.25,11,0,0,0,0
150,32.8125,12,0,0,0,0
150,34.375,13,0,0,0,0
150,35.9375,14,0,0,0,0
150,37.5,15,0,0,0,0
150,39.0625,0,0,0,0,0
150,40.625,1,0,0,0,0
150,42.1875,2,0,0,0,0
150,43.75,3,0,0,0,0
150,45.3125,4,0,0,0,0
150,46.875,5,0,0,0,0
150,48.4375,6,0,0,0,0
150,50.0,7,0,0,0,0
150,51.5625,8,0,0,0,0
150,53.125,9,0,0,0,0
150,54.6875,10,0,0,0,0
150,56.25,11,0,0,0,0
150,57.8125,12,0,0,0,0
150,59.375,13,0,0,0,0
150,60.9375,14,0,0,0,0
150,62.5,15,0,0,0,0
150,64.0625,0,0,0,0,0
150,65.625,1,0,0,0,0
150,67.1875,2,0,0,0,0
150,68.75,3,0,0,0,0
150,70.3125,4,0,0,0,0
150,71.875,5,0,0,0,0
150,73.4375,6,0,0,0,0
150,75.0,7,0,0,0,0
150,76.5625,8,0,0,0,0
150,78.125,9,0,0,0,0
150,79.6875,10,0,0,0,0
150,81.25,11,0,0,0,0
150,82.8125,12,0,0,0,0
150,84.375,13,0,0,0,0
150,85.9375,14,0,0,0,0
150,87.5,15,0,0,0,0
150,89.0625,0,0,0,0,0
150,90.625,1,0,0,0,0
150,92.1875,2,0,0,0,0
150,93.75,3,0,0,0,0
150,95.3125,4,0,0,0,0
150,96.875,5,0,0,0,0
150,98.4375,6,0,0,0,0
150,100.0,7,0,0,0,0
150,101.5625,8,0,0,0,0
150,103.125,9,0,0,0,0
150,104.6875,10,0,0,0,0
150,106.25,11,0,0,0,0
150,107.8125,12,0,0,0,0
150,109.375,13,0,0,0,0
150,110.9375,14,0,0,0,0
150,112.5,15,0,0,0,0
150,114.0625,0,0,0,0,0
150,115.625,1,0,0,0,0
150,117.1875,2,0,0,0,0
150,118.75,3,0,0,0,0
150,120.3125,4,0,0,0,0
150,121.875,5,0,0,0,0
150,123.4375,6,0,0,0,0
150,125.0,7,0,0,0,0
150,126.5625,8,0,0,0,0
150,128.125,9,0,0,0,0
150,129.6875,10,0,0,0,0
150,131.25,11,0,0,0,0
150,132.8125,12,0,0,0,0
150,134.375,13,0,0,0,0
150,135.9375,14,0,0,0,0
150,137.5,15,0,0,0,0
150,139.0625,0,0,0,0,0
150,140.625,1,0,0,0,0
150,142.1875,2,0,0,0,0
150,143.75,3,0,0,0,0
150,145.3125,4,0,0,0,0
150,146.875,5,0,0,0,0
150,148.4375,6,0,0,0,0
150,150.0,7,0,0,0,0
150,151.5625,8,0,0,0,0
150,153.125,9,0,0,0,0
150,154.6875,10,0,0,0,0
150,156.25,11,0,0,0,0
150,157.8125,12,0,0,0,0
150,159.375,13,0,0,0,0
150,160.9375,14,0,0,0,0
150,162.5,15,0,0,0,0
150,164.0625,0,0,0,0,0
150,165.625,1,0,0,0,0
150,167.1875,2,0,0,0,0
150,168.75,3,0,0,0,0
150,170.3125,4,0,0,0,0
150,171.875,5,0,0,0,0
150,173.4375,6,0,0,0,0
150,175.0,7,0,0,0,0
150,176.5625,8,0,0,0,0
150,178.125,9,0,0,0,0
150,179.6875,10,0,0,0,0
150,181.25,11,0,0,0,0
150,182.8125,12,0,0,0,0
150,184.375,13,0,0,0,0
150,185.9375,14,0,0,0,0
150,187.5,15,0,0,0,0
150,189.0625,0,0,0,0,0
150,190.625,1,0,0,0,0
150,192.1875,2,0,0,0,0
150,193.75,3,0,0,0,0
150,195.3125,4,0,0,0,0
150,196.875,5,0,0,0,0
150,198.4375,6,0,0,0,0
150,200.0,7,0,0,0,0
150,201.5625,8,0,0,0,0
150,203.125,9,0,0,0,0
150,204.6875,10,0,0,0,0
150,206.25,11,0,0,0,0
150,207.8125,12,0,0,0,0
150,209.375,13,0,0,0,0
150,210.9375,14,0,0,0,0
150,212.5,15,0,0,0,0
150,214.0625,0,0,0,0,0
150,215.625,1,0,0,0,0
150,217.1875,2,0,0,0,0
150,218.75,3,0,0,0,0
150,220.3125,4,0,0,0,0
150,221.875,5,0,0,0,0
150,223.4375,6,0,0,0,0
150,225.0,7,0,0,0,0
150,226.5625,8,0,0,0,0
150,228.125,9,0,0,0,0
150,229.6875,10,0,0,0,0
150,231.25,11,0,0,0,0
150,232.8125,12,0,0,0,0
150,234.375,13,0,0,0,0
150,235.9375,14,0,0,0,0
150,237.5,15,0,0,0,0
150,239.0625,0,0,0,0,0
150,240.625,1,0,0,0,0
150,242.1875,2,0,0,0,0
150,243.75,3,0,0,0,0
150,245.3125,4,0,0,0,0
150,246.875,5,0,0,0,0
150,248.4375,6,0,0,0,0
150,250.0,7,0,0,0,0
150,251.5625,8,0,0,0,0
150,253.125,9,0,0,0,0
150,254.6875,10,0,0,0,0
150,256.25,11,0,0,0,0
150,257.8125,12,0,0,0,0
150,259.375,13,0,0,0,0
150,260.9375,14,0,0,0,0
150,262.5,15,0,0,0,0
150,264.0625,0,0,0,0,0
150,265.625,1,0,0,0,0
150,267.1875,2,0,0,0,0
150,268.75,3,0,0,0,0
150,270.3125,4,0,0,0,0
150,271.875,5,0,0,0,0
150,273.4375,6,0,0,0,0
151,0.0,7,0,0,0,0
151,1.5625,8,0,0,0,0
151,3.125,9,0,0,0,0
151,4.6875,10,0,0,0,0
151,6.25,11,0,0,0,0
151,7.8125,12,0,0,0,0
151,9.375,13,0,0,0,0
151,10.9375,14,0,0,0,0
151,12.5,15,0,0,0,0
151,14.0625,0,0,0,0,0
151,15.625,1,0,0,0,0
151,17.1875,2,0,0,0,0
151,18.75,3,0,0,0,0
151,20.3125,4,0,0,0,0
151,21.875,5,0,0,0,0
151,23.4375,6,0,0,0,0
151,25.0,7,0,0,0,0
151,26.5625,8,0,0,0,0
151,28.125,9,0,0,0,0
151,29.6875,10,0,0,0,0
151,31.25,11,0,0,0,0
151,32.8125,12,0,0,0,0
151,34.375,13,0,0,0,0
151,35.9375,14,0,0,0,0
151,37.5,15,0,0,0,0
151,39.0625,0,0,0,0,0
151,40.625,1,0,0,0,0
151,42.1875,2,0,0,0,0
151,43.75,3,0,0,0,0
151,45.3125,4,0,0,0,0
151,46.875,5,0,0,0,0
151,48.4375,6,0,0,0,0
151,50.0,7,0,0,0,0
151,51.5625,8,0,0,0,0
151,53.125,9,0,0,0,0
151,54.6875,10,0,0,0,0
151,56.25,11,0,0,0,0
151,57.8125,12,0,0,0,0
151,59.375,13,0,0,0,0
151,60.9375,14,0,0,0,0
151,62.5,15,0,0,0,0
151,64.0625,0,0,0,0,0
151,65.625,1,0,0,0,0
151,67.1875,2,0,0,0,0
151,68.75,3,0,0,0,0
151,70.3125,4,0,0,0,0
151,71.875,5,0,0,0,0
151,73.4375,6,0,0,0,0
151,75.0,7,0,0,0,0
151,76.5625,8,0,0,0,0
151,78.125,9,0,0,0,0
151,79.6875,10,0,0,0,0
151,81.25,11,0,0,0,0
151,82.8125,12,0,0,0,0
151,84.375,13,0,0,0,0
151,85.9375,14,0,0,0,0
151,87.5,15,0,0,0,0
151,89.0625,0,0,0,0,0
151,90.625,1,0,0,0,0
151,92.1875,2,0,0,0,0
151,93.75,3,0,0,0,0
151,95.3125,4,0,0,0,0
151,96.875,5,0,0,0,0
151,98.4375,6,0,0,0,0
151,100.0,7,0,0,0,0
151,101.5625,8,0,0,0,0
151,103.125,9,0,0,0,0
151,104.6875,10,0,0,0,0
151,106.25,11,0,0,0,0
151,107.8125,12,0,0,0,0
151,109.375,13,0,0,0,0
151,110.9375,14,0,0,0,0
151,112.5,15,0,0,0,0
151,114.0625,0,0,0,0,0
151,115.625,1,0,0,0,0
151,117.1875,2,0,0,0,0
151,118.75,3,0,0,0,0
151,120.3125,4,0,0,0,0
151,121.875,5,0,0,0,0
151,123.4375,6,0,0,0,0
151,125.0,7,0,0,0,0
151,126.5625,8,0,0,0,0
151,128.125,9,0,0,0,0
151,129.6875,10,0,0,0,0
151,131.25,11,0,0,0,0
151,132.8125,12,0,0,0,0
151,134.375,13,0,0,0,0
151,135.9375,14,0,0,0,0
151,137.5,15,0,0,0,0
151,139.0625,0,0,0,0,0
151,140.625,1,0,0,0,0
151,142.1875,2,0,0,0,0
151,143.75,3,0,0,0,0
151,145.3125,4,0,0,0,0
151,146.875,5,0,0,0,0
151,148.4375,6,0,0,0,0
151,150.0,7,0,0,0,0
151,151.5625,8,0,0,0,0
151,153.125,9,0,0,0,0
151,154.6875,10,0,0,0,0
151,156.25,11,0,0,0,0
151,157.8125,12,0,0,0,0
151,159.375,13,0,0,0,0
151,160.9375,14,0,0,0,0
151,162.5,15,0,0,0,0
151,164.0625,0,0,0,0,0
151,165.625,1,0,0,0,0
151,167.1875,2,0,0,0,0
151,168.75,3,0,0,0,0
151,170.3125,4,0,0,0,0
151,171.875,5,0,0,0,0
151,173.4375,6,0,0,0,0
151,175.0,7,0,0,0,0
151,176.5625,8,0,0,0,0
151,178.125,9,0,0,0,0
151,179.6875,10,0,0,0,0
151,181.25,11,0,0,0,0
151,182.8125,12,0,0,0,0
151,184.375,13,0,0,0,0
151,185.9375,14,0,0,0,0
151,187.5,15,0,0,0,0
151,189.0625,0,0,0,0,0
151,190.625,1,0,0,0,0
151,192.1875,2,0,0,0,0
151,193.75,3,0,0,0,0
151,195.3125,4,0,0,0,0
151,196.875,5,0,0,0,0
151,198.4375,6,0,0,0,0
151,200.0,7,0,0,0,0
151,201.5625,8,0,0,0,0
151,203.125,9,0,0,0,0
151,204.6875,10,0,0,0,0
151,206.25,11,0,0,0,0
151,207.8125,12,0,0,0,0
151,209.375,13,0,0,0,0
151,210.9375,14,0,0,0,0
151,212.5,15,0,0,0,0
151,214.0625,0,0,0,0,0
151,215.625,1,0,0,0,0
151,217.1875,2,0,0,0,0
151,218.75,3,0,0,0,0
151,220.3125,4,0,0,0,0
151,221.875,5,0,0,0,0
151,223.4375,6,0,0,0,0
151,225.0,7,0,0,0,0
151,226.5625,8,0,0,0,0
151,228.125,9,0,0,0,0
151,229.6875,10,0,0,0,0
151,231.25,11,0,0,0,0
151,232.8125,12,0,0,0,0
151,234.375,13,0,0,0,0
151,235.9375,14,0,0,0,0
151,237.5,15,0,0,0,0
151,239.0625,0,0,0,0,0
151,240.625,1,0,0,0,0
151,242.1875,2,0,0,0,0
151,243.75,3,0,0,0,0
151,245.3125,4,0,0,0,0
151,246.875,5,0,0,0,0
151,248.4375,6,0,0,0,0
151,250.0,7,0,0,0,0
151,251.5625,8,0,0,0,0
151,253.125,9,0,0,0,0
151,254.6875,10,0,0,0,0
151,256.25,11,0,0,0,0
151,257.8125,12,0,0,0,0
151,259.375,13,0,0,0,0
151,260.9375,14,0,0,0,0
151,262.5,15,0,0,0,0
151,264.0625,0,0,0,0,0
151,265.625,1,0,0,0,0
151,267.1875,2,0,0,0,0
151,268.75,3,0,0,0,0
151,270.3125,4,0,0,0,0
151,271.875,5,0,0,0,0
151,273.4375,6,0,0,0,0
